5.000000000000000000e+01 1.753415784438594915e+00
1.000000000000000000e+02 1.392930361254222316e+00
1.500000000000000000e+02 1.310302096684092810e+00
2.000000000000000000e+02 1.399851710500162882e+00
2.500000000000000000e+02 1.225745675311410432e+00
3.000000000000000000e+02 8.229885043374230991e-01
3.500000000000000000e+02 3.899365457478830566e-01
4.000000000000000000e+02 1.214901831873609339e+00
4.500000000000000000e+02 1.262710540623418698e+00
5.000000000000000000e+02 5.541177426048498056e-01
5.500000000000000000e+02 5.447004444554048863e-01
6.000000000000000000e+02 8.231319007417241540e-01
6.500000000000000000e+02 6.526915438020050031e-01
7.000000000000000000e+02 7.757390042801033392e-01
7.500000000000000000e+02 7.641511549997198616e-01
8.000000000000000000e+02 8.405734371015550765e-01
8.500000000000000000e+02 7.812312365011903070e-01
9.000000000000000000e+02 6.674423145891207332e-01
9.500000000000000000e+02 6.569268662465874709e-01
1.000000000000000000e+03 7.713959902439675442e-01
1.050000000000000000e+03 6.962068320687586631e-01
1.100000000000000000e+03 6.762718999942253228e-01
1.150000000000000000e+03 7.690025330483906130e-01
1.200000000000000000e+03 6.398205007389393684e-01
1.250000000000000000e+03 7.006270430212654388e-01
1.300000000000000000e+03 7.570402809924563492e-01
1.350000000000000000e+03 7.513914042168308161e-01
1.400000000000000000e+03 8.033317141660356597e-01
1.450000000000000000e+03 7.207003413341396270e-01
1.500000000000000000e+03 6.744852941349871456e-01
1.550000000000000000e+03 6.064419646949237297e-01
1.600000000000000000e+03 6.622858106822038238e-01
1.650000000000000000e+03 7.299284435102713076e-01
1.700000000000000000e+03 5.487124455986359672e-01
1.750000000000000000e+03 6.167103245895987351e-01
1.800000000000000000e+03 5.196816436561242369e-01
1.850000000000000000e+03 5.827230420971530878e-01
1.900000000000000000e+03 7.997461425166783044e-01
1.950000000000000000e+03 5.325187254081397148e-01
2.000000000000000000e+03 6.286632578693446272e-01
