2.540000000000000000e+02 7.000000000000000000e+00 0.000000000000000000e+00
2.529568631630586424e+02 7.388805062015643799e+00 6.543317749257138161e-01
2.518607687600644454e+02 7.794435121124401178e+00 1.344796118811218966e+00
2.507100177667231549e+02 8.217050986272056434e+00 2.072931247005358468e+00
2.495029722528009586e+02 8.656740818824799177e+00 2.840286928374234687e+00
2.482380692482113034e+02 9.113512774095029911e+00 3.648417977693671155e+00
2.469138427390776371e+02 9.587283136265737582e+00 4.498874124656681239e+00
2.455289364698018062e+02 1.007786940396378483e+01 5.393194126234400976e+00
2.440821209284231941e+02 1.058498229694984794e+01 6.332896774626957104e+00
2.425723148211772298e+02 1.110821606068003931e+01 7.319469118142735375e+00
2.409986144393177483e+02 1.164703546436907899e+01 8.354350096313124752e+00
2.393602963746926378e+02 1.220077466776298714e+01 9.438928957544398202e+00
2.376568419880312319e+02 1.276862907960353155e+01 1.057452893236525782e+01
2.358879576941145331e+02 1.334964683707543109e+01 1.176239546881001985e+01
2.340536024273415876e+02 1.394272400959372149e+01 1.300367356306473887e+01
2.321539978005059766e+02 1.454660242166624506e+01 1.429939977782786187e+01
2.301896320334684560e+02 1.515987000955872332e+01 1.565049795697284907e+01
2.281612899434769588e+02 1.578095705719138309e+01 1.705775299933167588e+01
2.260700604491963190e+02 1.640813856935213622e+01 1.852180098145156606e+01
2.239173463379680697e+02 1.703954623802759727e+01 2.004310742400434719e+01
2.217048656023352748e+02 1.767316911283886682e+01 2.162196528482583702e+01
2.194346532043196589e+02 1.830686349427898207e+01 2.325848330140138032e+01
2.171090744367060950e+02 1.893835935105843760e+01 2.495256621223546034e+01
2.147308058212607875e+02 1.956528778414958580e+01 2.670390639458957338e+01
2.123028255752745963e+02 2.018519967738211918e+01 2.851197474734322412e+01
2.098284110990861109e+02 2.079556860107712524e+01 3.037602029983678165e+01
2.073111184580273516e+02 2.139382212289712015e+01 3.229505941907553535e+01
2.047547786597726542e+02 2.197735200139555545e+01 3.426786933883175834e+01
2.021634363832846475e+02 2.254357013150825040e+01 3.629299348520704882e+01
1.995413400116156311e+02 2.308991840906499959e+01 3.836874157931935514e+01
1.968929338844837389e+02 2.361387487599712642e+01 4.049319123951918442e+01
1.942228055340192157e+02 2.411300107129515524e+01 4.266419339468561844e+01
1.915356641285221997e+02 2.458495875508297246e+01 4.487937711639478522e+01
1.888362704329734640e+02 2.502755478361809693e+01 4.713617478340830758e+01
1.861294288521854980e+02 2.543874671211509408e+01 4.943182443569918405e+01
1.834199622266319238e+02 2.581665666130775350e+01 5.176338111206035109e+01
1.807126593412393731e+02 2.615960644904249932e+01 5.412773420971823413e+01
1.780122370715511693e+02 2.646613014215178339e+01 5.652163278629716814e+01
1.753232932633692371e+02 2.673499259045005161e+01 5.894171414618085691e+01
1.726503052977005552e+02 2.696518977336409506e+01 6.138450492893539234e+01
1.699975909637265943e+02 2.715595888540186209e+01 6.384645015087157560e+01
1.673692810009323182e+02 2.730679004081397210e+01 6.632392895825371681e+01
1.647692841422035883e+02 2.741741778834274612e+01 6.881329806945358030e+01
1.622012736982416357e+02 2.748782039372114383e+01 7.131090590803695761e+01
1.596686847486726606e+02 2.751821727497795678e+01 7.381309797634941106e+01
1.571746888872708041e+02 2.750905929947602857e+01 7.631625181325321705e+01
1.547221869236653333e+02 2.746102068561349085e+01 7.881679239072134635e+01
1.523138027640002008e+02 2.737497023291662757e+01 8.131122700308347362e+01
1.499518822911574034e+02 2.725196898596228223e+01 8.379614872288077265e+01
1.476384956787000249e+02 2.709325680121787627e+01 8.626824752008211306e+01
1.453754344425814509e+02 2.690023037121047977e+01 8.872433518620810844e+01
1.431642230869884713e+02 2.667441904933993513e+01 9.116135786367168237e+01
1.410061303103809962e+02 2.641745879613347725e+01 9.357641089348574326e+01
1.389021698364907706e+02 2.613109097238499245e+01 9.596673919112426177e+01
1.368531180458044787e+02 2.581713380270794644e+01 9.832974815148762104e+01
1.348595129424590766e+02 2.547747403608629568e+01 1.006630130214546597e+02
1.329216896934187560e+02 2.511402749463780637e+01 1.029642828119433773e+02
1.310397914130192305e+02 2.472872629970073888e+01 1.052314822872798459e+02
1.292137691731750806e+02 2.432351886359569804e+01 1.074627119632292676e+02
1.274434041136329512e+02 2.390034917753044397e+01 1.096562467088366759e+02
1.257283153929338795e+02 2.346114079093865712e+01 1.118105438161275060e+02
1.240679849698805128e+02 2.300778259519877622e+01 1.139242324349207536e+02
1.224617818016077280e+02 2.254211156107932723e+01 1.159961066373129199e+02
1.209089618435826736e+02 2.206591273873894465e+01 1.180251254176782254e+02
1.194086713849760457e+02 2.158091765967215281e+01 1.200104109553518725e+02
1.179599770016214393e+02 2.108878554540915928e+01 1.219512374529694654e+02
1.165618606232514338e+02 2.059110299575215208e+01 1.238470363809964425e+02
1.152132520018982973e+02 2.008937645174867725e+01 1.256973715463529686e+02
1.139130350745518570e+02 1.958502991035875596e+01 1.275019350150892166e+02
1.126600479631593856e+02 1.907940492445488800e+01 1.292605471123853249e+02
1.114530870863244587e+02 1.857376026272480374e+01 1.309731526509507944e+02
1.102909281683868556e+02 1.806926758327142579e+01 1.326398042483418180e+02
1.091723261913392378e+02 1.756701284807917318e+01 1.342606609605816459e+02
1.080960303537163867e+02 1.706799972901695384e+01 1.358359699172667661e+02
1.070607855321857329e+02 1.657314968633218299e+01 1.373660647814822937e+02
1.060653329877429343e+02 1.608330243416731875e+01 1.388513645780897718e+02
1.051084197340480415e+02 1.559922030799366688e+01 1.402923599579583822e+02
1.041888009739360257e+02 1.512158824061527973e+01 1.416896107854487354e+02
1.033052473785245411e+02 1.465102170524823499e+01 1.430437309162271902e+02
1.024565467461764285e+02 1.418806816103629842e+01 1.443553850927872020e+02
1.016415040483964702e+02 1.373320715694713279e+01 1.456252887946564840e+02
1.008589451237172625e+02 1.328685649392054735e+01 1.468541983823622559e+02
1.001077195998257423e+02 1.284937333142204885e+01 1.480429070687523279e+02
9.938670259796664652e+01 1.242106170059835790e+01 1.491922357014351235e+02
9.869479596271274602e+01 1.200217628763243560e+01 1.503030277496550582e+02
9.803092826196480303e+01 1.159292243374350484e+01 1.513761493042921416e+02
9.739405499704231772e+01 1.119345843954039488e+01 1.524124865634173602e+02
9.678316140845782911e+01 1.080390282724202500e+01 1.534129357643002152e+02
9.619726289449098999e+01 1.042433340380214268e+01 1.543784037017069579e+02
9.563540365526797871e+01 1.005479664550669838e+01 1.553097996992254082e+02
9.509665666216723423e+01 9.695308323439885356e+00 1.562080350143929195e+02
9.458012365781938513e+01 9.345853503484148561e+00 1.570740228386965214e+02
9.408493512468233178e+01 9.006387371281102006e+00 1.579086775040366319e+02
9.361025121977917252e+01 8.676843984129906318e+00 1.587129047960909816e+02
9.315526204676675093e+01 8.357135034515366101e+00 1.594876029187179824e+02
9.271918466437493578e+01 8.047154546884092596e+00 1.602336607887410764e+02
9.230126279075331297e+01 7.746780158214550127e+00 1.609519570510323092e+02
9.190076680347111449e+01 7.455873118017041890e+00 1.616433600785120746e+02
9.151699357483933284e+01 7.174280161831912750e+00 1.623087262633288788e+02
9.114926700405291626e+01 6.901838411448665056e+00 1.629488945844985608e+02
9.079693619337749055e+01 6.638374906317517699e+00 1.635646889003052422e+02
9.045937358152090724e+01 6.383709151557420469e+00 1.641569172669220791e+02
9.013597491923047755e+01 6.137653191607770786e+00 1.647263718891623796e+02
8.982615905506645504e+01 5.900012312625637634e+00 1.652738286323079819e+02
8.952936807969032884e+01 5.670588341230060614e+00 1.658000435790796985e+02
8.924506631643407673e+01 5.449179654894782843e+00 1.663057540286711458e+02
8.897273795469195079e+01 5.235582565667923127e+00 1.667916794796400382e+02
8.871188695775600763e+01 5.029591432327492839e+00 1.672585216099161585e+02
8.846203693423325376e+01 4.830998921034340476e+00 1.677069641447324955e+02
8.822273103033435859e+01 4.639598355435875732e+00 1.681376706142298474e+02
8.799353148935549029e+01 4.455183810745498185e+00 1.685512846998990426e+02
8.777401718817768028e+01 4.277550590570041500e+00 1.689484322212523466e+02
8.756378343494975525e+01 4.106495363584479641e+00 1.693297212014659010e+02
8.736244194051755585e+01 3.941816244614643416e+00 1.696957418148678869e+02
8.716962070284955644e+01 3.783314311165525634e+00 1.700470649859850312e+02
8.698496337945546486e+01 3.630793790424086342e+00 1.703842428301206837e+02
8.680812755449584017e+01 3.484061904949943056e+00 1.707078105405547603e+02
8.663878453617645903e+01 3.342928997759601284e+00 1.710182864660649784e+02
8.647661920706333660e+01 3.207208789336654320e+00 1.713161720036001157e+02
8.632133001858242949e+01 3.076719279671856544e+00 1.716019507017457499e+02
8.617262779779173343e+01 2.951282412673345235e+00 1.718760897895348876e+02
8.603023484258098108e+01 2.830724017950654758e+00 1.721390411394681905e+02
8.589388488793056808e+01 2.714873828601695571e+00 1.723912412834678207e+02
8.576332296655860432e+01 2.603565987378249513e+00 1.726331110460632488e+02
