2.540000000000000000e+02 7.000000000000000000e+00 0.000000000000000000e+00
2.520799189993677203e+02 7.510007564546727465e+00 1.656340848934996890e+00
2.501517086917201027e+02 8.020875814910622736e+00 3.318524953574520708e+00
2.482152702277289222e+02 8.532603215722142309e+00 4.986618852277469927e+00
2.462705936821933790e+02 9.045188210306875476e+00 6.660626750284450281e+00
2.443176691733557675e+02 9.558629228744173645e+00 8.340552811815605594e+00
2.423564868629826776e+02 1.007292468785722939e+01 1.002640116001142623e+01
2.403870369566108991e+02 1.058807299118177525e+01 1.171817587674723526e+01
2.384085665794518434e+02 1.110414383607304067e+01 1.341643519679290186e+01
2.364113114889500196e+02 1.162206979674669682e+01 1.512845654954014307e+01
2.343911788199299338e+02 1.214221366596568252e+01 1.685729106903760766e+01
2.323454815644678035e+02 1.266453948557539455e+01 1.860502098844818875e+01
2.302727289287892631e+02 1.318888166340991752e+01 2.037262035852927511e+01
2.281711932008569192e+02 1.371466629723283681e+01 2.216088726264462849e+01
2.260404589010187237e+02 1.424180973489948521e+01 2.397005594255110594e+01
2.238803048211404985e+02 1.477031333974433203e+01 2.580027435407527747e+01
2.216905158704032885e+02 1.530022924057111844e+01 2.765168861105004439e+01
2.194708914728337845e+02 1.583166676802290063e+01 2.952443961745860790e+01
2.172212382627992326e+02 1.636477107080854410e+01 3.141866623719561602e+01
2.149413232125776005e+02 1.689956286954674525e+01 3.333452502852464505e+01
2.126309095252171346e+02 1.743603103840205293e+01 3.527217797522441600e+01
2.102901887709054165e+02 1.797388860183552595e+01 3.723188624881533570e+01
2.079202722336058855e+02 1.851118518777343169e+01 3.921621388992981849e+01
2.055219128588610999e+02 1.904599814742346453e+01 4.122805369770668449e+01
2.030948039835150496e+02 1.957838558297206433e+01 4.326751587573890134e+01
2.006386856959396709e+02 2.010832581467897739e+01 4.533487128199168126e+01
1.981534704182276130e+02 2.063531742139502967e+01 4.743046662919324774e+01
1.956390963997631900e+02 2.115892082792894513e+01 4.955450716833632896e+01
1.930966605578019539e+02 2.167820231780846640e+01 5.170740031467682485e+01
1.905282346074474162e+02 2.219023201522306721e+01 5.389155318831805630e+01
1.879343715179383025e+02 2.269325107379423656e+01 5.610844783691229054e+01
1.853149054907244420e+02 2.318705421474979289e+01 5.835844016319162364e+01
1.826696655873537622e+02 2.367149929190905766e+01 6.064182236009781235e+01
1.799994434093350151e+02 2.414538485715479510e+01 6.295892457526505126e+01
1.773048161118414612e+02 2.460779392031591328e+01 6.531010612643125057e+01
1.745904664173304468e+02 2.505169059665616160e+01 6.769365978070050005e+01
1.718626057624954626e+02 2.546830974490714894e+01 7.010722228665527211e+01
1.691258079971251220e+02 2.585674074630525965e+01 7.255031797481548494e+01
1.663887184841108251e+02 2.620984244269273944e+01 7.501967332513018505e+01
1.636519269270669099e+02 2.652722653512672579e+01 7.751486199761757234e+01
1.609268606020494019e+02 2.679670590226224647e+01 8.003345365322992677e+01
1.582286813266827323e+02 2.700385915498010192e+01 8.257158069046542437e+01
1.555582890473970110e+02 2.714858468475075881e+01 8.512855662579535476e+01
1.529167250786986756e+02 2.723252997966531552e+01 8.770240154911682851e+01
1.503205186903592789e+02 2.725305258293748878e+01 9.028067465424639693e+01
1.478193936716843666e+02 2.718714158105841250e+01 9.283358581821224220e+01
1.454159216983767067e+02 2.704713604980289432e+01 9.534798218186611507e+01
1.431065088977025539e+02 2.683559027644604100e+01 9.782495884470107228e+01
1.408880318524406050e+02 2.656148753969697651e+01 1.002634335241728678e+02
1.387576249759723055e+02 2.623270942618026780e+01 1.026620892587103384e+02
1.367125952282579249e+02 2.585379311595481155e+01 1.050201054348890892e+02
1.347500892095183076e+02 2.542782272268731347e+01 1.073376181051817611e+02
1.328670910648359325e+02 2.495776369550160112e+01 1.096156083047334420e+02
1.310607014052799002e+02 2.444581399786183695e+01 1.118552033610137499e+02
1.293280813160806701e+02 2.389370613606195803e+01 1.140577023287553686e+02
1.276661957707004547e+02 2.330328721047846940e+01 1.162245453202604892e+02
1.260720529170899482e+02 2.267659562480421798e+01 1.183570679758876736e+02
1.245432082578758610e+02 2.201502278239729193e+01 1.204563869665228708e+02
1.230739758109002224e+02 2.132380671015465978e+01 1.225264514408828944e+02
1.216596391168714462e+02 2.060718695264675304e+01 1.245705027838826169e+02
1.202982726680827881e+02 1.986622340074234216e+01 1.265894669358017950e+02
1.189881785374882242e+02 1.910174897310402287e+01 1.285840996444428583e+02
1.177277130494818920e+02 1.831456930959776841e+01 1.305551322718896472e+02
1.165152843902480129e+02 1.750546455140436564e+01 1.325032731791828837e+02
1.153493550365289337e+02 1.667518814670259530e+01 1.344292066493103732e+02
1.142284350490057534e+02 1.582447014856205314e+01 1.363335958611853584e+02
1.131510802099702460e+02 1.495401813071875097e+01 1.382170837154759511e+02
1.121158920232971923e+02 1.406451718758856906e+01 1.400802928346184615e+02
1.111215174586932193e+02 1.315663006002709956e+01 1.419238256762268406e+02
1.101666485382604748e+02 1.223099733862977345e+01 1.437482647164319189e+02
1.092500180526146067e+02 1.128823957027507063e+01 1.455541743495209630e+02
1.083703980477658746e+02 1.032895800217888649e+01 1.473421015589161414e+02
1.075266051184051435e+02 9.353744945701786051e+00 1.491125641681864806e+02
1.067174037393411510e+02 8.362994097955885664e+00 1.508662657133969844e+02
1.059415028711489271e+02 7.356970257726819007e+00 1.526040203251785385e+02
1.051909759046944401e+02 6.336271827513064281e+00 1.543275353275092243e+02
1.044599825546294198e+02 5.302108035709964362e+00 1.560386956018545845e+02
1.037465931094681224e+02 4.255665638370217607e+00 1.577389300134200312e+02
1.030495725493401551e+02 3.197781615512901965e+00 1.594291212843121457e+02
1.023678995070811482e+02 2.129182285915725892e+00 1.611099791239392971e+02
1.017013192491738209e+02 1.050126420166894059e+00 1.627816005403773829e+02
1.010496025827497846e+02 -3.914438829838743500e-02 1.644440576235699893e+02
1.004117655319860631e+02 -1.137940530789415261e+00 1.660982128896088454e+02
9.978646023718890490e+01 -2.245367385087349454e+00 1.677453260348188451e+02
9.917342522415822259e+01 -3.361187211173090716e+00 1.693855367339959628e+02
9.857248837576507583e+01 -4.485217205022914655e+00 1.710188938733777206e+02
9.798347987389828972e+01 -5.617277250237507680e+00 1.726454458787128203e+02
9.740623214317064082e+01 -6.757189840684205251e+00 1.742652407110119555e+02
9.684055222776242999e+01 -7.904763502360760086e+00 1.758783340751599269e+02
9.628582334301806611e+01 -9.059555071491994127e+00 1.774849074208553077e+02
9.574152707801384565e+01 -1.022118433531629123e+01 1.790851121655670113e+02
9.520730060868962141e+01 -1.138936595347984060e+01 1.806790534249796281e+02
9.468284643152485103e+01 -1.256385499493401703e+01 1.822668169473133446e+02
9.416793236353859697e+01 -1.374444693793537020e+01 1.838484691133241711e+02
9.366239154228956920e+01 -1.493097767004562115e+01 1.854240569363037707e+02
9.316612242587605408e+01 -1.612332348813168892e+01 1.869936080620796020e+02
9.267908859619454631e+01 -1.732140100408741645e+01 1.885571308251099651e+02
9.220082795470347037e+01 -1.852469370497819767e+01 1.901147777253758022e+02
9.172980862661931667e+01 -1.973157667947454641e+01 1.916670664959127066e+02
9.126528499608069467e+01 -2.094125088247581346e+01 1.932142496185899745e+02
9.080735797201855064e+01 -2.215382291109340684e+01 1.947562912565265947e+02
9.035595353846593980e+01 -2.336921197814492857e+01 1.962932149652472731e+02
8.991101160150603278e+01 -2.458735246803161445e+01 1.978250397687457394e+02
8.947247407549242837e+01 -2.580818107258360428e+01 1.993517841273127260e+02
8.904028334146295265e+01 -2.703163513984407018e+01 2.008734664610891514e+02
8.861438224258357366e+01 -2.825765266687552923e+01 2.023901051498812933e+02
8.819471407608160973e+01 -2.948617228700514659e+01 2.039017185328254698e+02
8.778121863474588338e+01 -3.071712931344238839e+01 2.054083325245905485e+02
8.737371431760196572e+01 -3.195033860316653573e+01 2.069102089425736324e+02
8.697205653876595477e+01 -3.318565405256524770e+01 2.084075432623255608e+02
8.657616008254427697e+01 -3.442298947128774245e+01 2.099004183979610332e+02
8.618595165027691962e+01 -3.566227087544024243e+01 2.113888953963400752e+02
8.580136986033744506e+01 -3.690343648758599926e+01 2.128730134370677831e+02
8.542236524813291965e+01 -3.814643673674522972e+01 2.143527898324946364e+02
8.504890026610402742e+01 -3.939123425839520110e+01 2.158282200277161849e+02
8.468106501948831522e+01 -4.063780626032397691e+01 2.172991539011725877e+02
8.431832759182597670e+01 -4.188650222224724473e+01 2.187664951123497872e+02
8.395996425624404935e+01 -4.313770568934580751e+01 2.202314043635570329e+02
8.360558116526986794e+01 -4.439160025110896868e+01 2.216944919730666186e+02
8.325511435251762293e+01 -4.564816954702586571e+01 2.231558178756737334e+02
8.290865812692589998e+01 -4.690731139780281467e+01 2.246151789176214493e+02
8.256615245480665521e+01 -4.816887910707730924e+01 2.260725743439512598e+02
8.222755363979966603e+01 -4.943269936112885432e+01 2.275279727374185939e+02
8.189282937336921009e+01 -5.069867139438256487e+01 2.289813558974521470e+02
