2.540000000000000000e+02 7.000000000000000000e+00 0.000000000000000000e+00
2.529008558822189059e+02 7.476443791241709214e+00 7.592208774927052817e-01
2.517924522757329271e+02 7.954078724854562132e+00 1.525806952524522142e+00
2.506747368400779123e+02 8.432908221083080136e+00 2.299800482125760492e+00
2.495476569738136448e+02 8.912935710786396015e+00 3.081243935236266829e+00
2.484110441584900002e+02 9.394178833206623835e+00 3.870271169905682207e+00
2.472631071376583236e+02 9.876854116226251534e+00 4.668295427504972395e+00
2.460980049599642712e+02 1.036174928241658755e+01 5.479909141163161301e+00
2.449030875117230721e+02 1.085058796398540437e+01 6.315055035962758190e+00
2.436772282750102931e+02 1.134351131513003530e+01 7.174621856787306129e+00
2.424175780399226312e+02 1.184064792937454058e+01 8.060905699445136463e+00
2.411121568266767099e+02 1.233832714978303535e+01 8.983565106296948599e+00
2.397543610609216671e+02 1.283385283088917816e+01 9.947759074223981202e+00
2.383412869176762854e+02 1.332639550147669461e+01 1.095564468553902238e+01
2.368710458402916856e+02 1.381554008242658682e+01 1.200869925990566500e+01
2.353414743982164055e+02 1.430071013095166776e+01 1.310860806896457120e+01
2.337510232706982833e+02 1.478173885574987878e+01 1.425659982042085971e+01
2.320980527995086504e+02 1.525845138570399762e+01 1.545398456637382623e+01
2.303804852975761150e+02 1.573060951521158302e+01 1.670247981336337517e+01
2.285966071652110827e+02 1.619803105763231343e+01 1.800345122232056383e+01
2.267446845709769718e+02 1.666053235309480840e+01 1.935827735216598455e+01
2.248233269837238026e+02 1.711897501500040164e+01 2.076747120611621256e+01
2.228396795082329334e+02 1.758142868108056334e+01 2.222373340655193630e+01
2.208040742386590125e+02 1.804443243293933463e+01 2.373078732675992342e+01
2.187193349249417054e+02 1.850453831969448970e+01 2.529244705176457586e+01
2.165849809793096199e+02 1.896141119535378650e+01 2.690939661083174173e+01
2.144002171280131108e+02 1.941485958242612497e+01 2.858250613443094679e+01
2.121665966177019698e+02 1.986414337659250506e+01 3.030985425538221989e+01
2.098843878777699956e+02 2.030884002058583349e+01 3.209105562698291436e+01
2.075527495077607227e+02 2.074878912912757301e+01 3.392704736653008268e+01
2.051705001848096401e+02 2.118390392110971376e+01 3.581917020105345273e+01
2.027362751283488649e+02 2.161404394574804044e+01 3.776875711700328253e+01
2.002494096757786224e+02 2.203958241174066046e+01 3.977492973629792061e+01
1.977143812902079958e+02 2.246164245307014440e+01 4.183221694159142601e+01
1.951337001896921208e+02 2.288078072823898879e+01 4.393799469990728568e+01
1.925070613726253441e+02 2.329700060761683389e+01 4.609266350229717801e+01
1.898368463089792613e+02 2.370933170130910383e+01 4.829490267763255673e+01
1.871357659130359536e+02 2.411501600922104060e+01 5.053803847130563298e+01
1.844065660939467364e+02 2.451343236571818096e+01 5.282151609236564838e+01
1.816487689487351247e+02 2.490449284065948632e+01 5.514591060356030283e+01
1.788620748097912667e+02 2.528807802301397700e+01 5.751170678429254224e+01
1.760468965906495100e+02 2.566306620927040782e+01 5.991961892486671104e+01
1.732064698819484647e+02 2.602598292579339656e+01 6.237010030937172189e+01
1.703565652274655804e+02 2.636206701546392139e+01 6.486082328545626297e+01
1.675161595510063819e+02 2.664647290948523661e+01 6.739186822827386436e+01
1.647132346110783487e+02 2.685323997192026368e+01 6.996018403296801580e+01
1.619849809067451929e+02 2.695275488274307563e+01 7.255553856622906039e+01
1.593258932165509236e+02 2.696572140658336991e+01 7.516216110268682371e+01
1.567335844745925613e+02 2.689650970563631560e+01 7.777825077807432308e+01
1.542056749331990773e+02 2.674893078672932489e+01 8.040279906776724772e+01
1.517398322080429693e+02 2.652675417677784964e+01 8.303479074139910665e+01
1.493346801593457656e+02 2.623185832344330137e+01 8.567386033296611458e+01
1.469869132683931241e+02 2.586888176823665475e+01 8.831906249235744610e+01
1.446897675289003189e+02 2.544753507584499985e+01 9.096832781812715041e+01
1.424400920959606083e+02 2.497227397111755920e+01 9.362075221427564031e+01
1.402345603746724123e+02 2.445021737238444359e+01 9.627603135631645159e+01
1.381231672268471868e+02 2.387692828880656037e+01 9.889556722155677448e+01
1.361259174785946584e+02 2.324947790861138941e+01 1.014633540555559392e+02
1.342375547311167736e+02 2.257073920576949178e+01 1.039813782006296918e+02
1.324532723723850438e+02 2.184340529280304466e+01 1.064513854815601661e+02
1.307684639372864410e+02 2.107005456788139952e+01 1.088750517311673462e+02
1.291787217749701711e+02 2.025315148111073427e+01 1.112539832537361519e+02
1.276811059358328464e+02 1.939726295542082113e+01 1.135844686010707534e+02
1.262758942165422553e+02 1.851264219178204939e+01 1.158497814018707857e+02
1.249669230611823849e+02 1.762724116385759743e+01 1.180320725725694189e+02
1.237595582554235847e+02 1.675637289862964607e+01 1.201201384332501334e+02
1.226489705405660970e+02 1.589917781451267409e+01 1.221185865974808280e+02
1.216304890130092389e+02 1.505849301876146740e+01 1.240288992086055231e+02
1.206911245153033150e+02 1.424403798144111910e+01 1.258546075064633101e+02
1.197954862960279172e+02 1.345896359514470575e+01 1.276054734873009835e+02
1.189232022212345612e+02 1.270599125344897828e+01 1.292902805030842046e+02
1.180697951325841899e+02 1.198650948867171628e+01 1.309138422267908481e+02
1.172324348607673556e+02 1.130099273319643949e+01 1.324793961798868622e+02
1.164107163361972255e+02 1.064844471250000701e+01 1.339886311455044563e+02
1.156044670757714670e+02 1.002852781820904404e+01 1.354413703997980463e+02
1.148133555166947701e+02 9.440977912011563333e+00 1.368372384466236156e+02
1.140363868104053182e+02 8.885479485775968911e+00 1.381778772854455895e+02
1.132726929731051797e+02 8.364916079165801932e+00 1.394640036232592024e+02
1.125215295700969165e+02 7.879356422755533274e+00 1.406974537861690067e+02
1.117825733934787991e+02 7.428010728186087874e+00 1.418794104581994304e+02
1.110554855555010789e+02 7.008174697676126108e+00 1.430139340782204442e+02
1.103397560762258820e+02 6.618119036302246627e+00 1.441060251283174409e+02
1.096350679329155327e+02 6.257168788534579029e+00 1.451569285563736571e+02
1.089411340194102991e+02 5.924618961277126949e+00 1.461676602801182128e+02
1.082576033482182396e+02 5.619623929298687592e+00 1.471394945283491325e+02
1.075839556712057714e+02 5.340865807684408217e+00 1.480743532307562305e+02
1.069198049026003758e+02 5.089018787652016762e+00 1.489740259697054512e+02
1.062635478703570300e+02 4.863982844215460233e+00 1.498436768718362941e+02
1.056179115656365042e+02 4.656750970349508023e+00 1.506858952276788841e+02
1.049867223819215809e+02 4.458771777698751215e+00 1.515023521658756636e+02
1.043674181824718517e+02 4.266615323682409588e+00 1.523011142216464862e+02
1.037580392784326762e+02 4.078935682462272894e+00 1.530858574516076942e+02
1.031583979596882017e+02 3.895645674963781335e+00 1.538568519276799123e+02
1.025683320937348100e+02 3.716671888974363291e+00 1.546143272066894667e+02
1.019876825389660127e+02 3.541942266566600495e+00 1.553585086107084408e+02
1.014162926679822334e+02 3.371385888252150576e+00 1.560896179019910335e+02
1.008540083553210849e+02 3.204932967425865087e+00 1.568078733003466141e+02
1.003006779774572834e+02 3.042514850365787726e+00 1.575134894831390966e+02
9.975615241280266332e+01 2.884064016233154337e+00 1.582066775852874514e+02
9.922028504170620522e+01 2.729514077072396461e+00 1.588876451992653926e+02
9.869293157424799290e+01 2.578799515505981077e+00 1.595565969816566110e+02
9.817395019480463247e+01 2.431855985904474160e+00 1.602137339846271686e+02
9.766320290879433230e+01 2.288622549895389380e+00 1.608592485499735290e+02
9.716055377547925787e+01 2.149038999617572721e+00 1.614933305040277389e+02
9.666586872642274386e+01 2.013045579053532208e+00 1.621161678013112919e+02
9.617901556548942210e+01 1.880582984029433913e+00 1.627279465245350991e+02
9.569986396884529256e+01 1.751592362215107945e+00 1.633288508845996887e+02
9.522828548495759549e+01 1.626015313124043793e+00 1.639190632205950351e+02
9.476415356481111019e+01 1.503793946793837710e+00 1.644987638684687852e+02
9.430734424592371568e+01 1.384872101182362147e+00 1.650681284063836074e+02
9.385773584442965500e+01 1.269194752655184333e+00 1.656273289763942671e+02
9.341520854013627684e+01 1.156707587389998571e+00 1.661765353456317484e+02
9.297964443859775940e+01 1.047357164524382656e+00 1.667159145526760256e+02
9.255092757111503943e+01 9.410909161557996505e-01 1.672456309075562899e+02
9.212894389473588319e+01 8.378571473415963311e-01 1.677658459917506093e+02
9.171358128944895327e+01 7.376050348271039336e-01 1.682767186621620112e+02
9.130472952335944115e+01 6.402846112592165406e-01 1.687784051004598780e+02
9.090228029280035571e+01 5.458467833695075377e-01 1.692710587562475268e+02
9.050612706065393809e+01 4.542432586835978836e-01 1.697548305761409324e+02
9.011616501470847140e+01 3.654265266438332382e-01 1.702298690627725080e+02
8.973229106765811025e+01 2.793498586092833524e-01 1.706963202747910771e+02
8.935440385710289490e+01 1.959673078557427894e-01 1.711543278268618451e+02
8.898240374934277952e+01 1.152337112954884696e-01 1.716040328842913993e+02
8.861619278157553481e+01 3.710466327539269776e-02 1.720455742449237277e+02
