2.540000000000000000e+02 7.000000000000000000e+00 0.000000000000000000e+00
2.522318318890061732e+02 7.498154933231550245e+00 1.485875631074133008e+00
2.504522107351903912e+02 7.997489678843316518e+00 2.979909564756097140e+00
2.486611026556149966e+02 8.498003909911821196e+00 4.482122284221709663e+00
2.468584737525138451e+02 8.999697281901100965e+00 5.992534264897458662e+00
2.450442901136761691e+02 9.502569432578873432e+00 7.511165974144260460e+00
2.432185178128350174e+02 1.000661998193258384e+01 9.038037870939875873e+00
2.413804291307198753e+02 1.051191074733364239e+01 1.057367269442606528e+01
2.395170513016822724e+02 1.101959998801301666e+01 1.212745650938153297e+01
2.376228246577376808e+02 1.153002501935529978e+01 1.370329357634737732e+01
2.356917875402945413e+02 1.204258900584533620e+01 1.530506034550864314e+01
2.337218182517235334e+02 1.255718200072803015e+01 1.693421493284033019e+01
2.317123994260979032e+02 1.307387907890378465e+01 1.859098104147560804e+01
2.296632679954157368e+02 1.359225345253683059e+01 2.027632000216373598e+01
2.275743202919331338e+02 1.411154469343197526e+01 2.199169404985966736e+01
2.254451689991936689e+02 1.463151327718505712e+01 2.373781147520375256e+01
2.232753085604231273e+02 1.515213487966974881e+01 2.551506919247549732e+01
2.210642043648693402e+02 1.567342166871655351e+01 2.732382647101020012e+01
2.188116336815439524e+02 1.619493977676853191e+01 2.916496507343745392e+01
2.165187131094123174e+02 1.671454556917682055e+01 3.104175679337942029e+01
2.141861232948399163e+02 1.723076830568718876e+01 3.295693909427811263e+01
2.118133539567177763e+02 1.774350749002912409e+01 3.491113499552652399e+01
2.093998517681950773e+02 1.825268648593577936e+01 3.690489599048001423e+01
2.069450561063454188e+02 1.875822756458143914e+01 3.893878088514270530e+01
2.044483762299023510e+02 1.925994119995674581e+01 4.101336970544108596e+01
2.019122581331243964e+02 1.975576429031552550e+01 4.313010065084479550e+01
1.993381981333835427e+02 2.024427849969746873e+01 4.529026641533609876e+01
1.967256570876594424e+02 2.072253455906485797e+01 4.749727630149163105e+01
1.940740970331887638e+02 2.118936189066376485e+01 4.975277477441915863e+01
1.913830108698828667e+02 2.164466772975585940e+01 5.205733346925589444e+01
1.886518805535086472e+02 2.208824245517747187e+01 5.441164727331820217e+01
1.858801818305850304e+02 2.251988433871701645e+01 5.681640933926161807e+01
1.830703345005792926e+02 2.293531252476612181e+01 5.927126599023910103e+01
1.802345595292156020e+02 2.331717780513508131e+01 6.177235791913467722e+01
1.773746581032840766e+02 2.366352344062525148e+01 6.431848325812438816e+01
1.744929900557130225e+02 2.397423228277956042e+01 6.690615589745831926e+01
1.715941593521950779e+02 2.425110822929052645e+01 6.953468067041288236e+01
1.686829228363697268e+02 2.449080508320895433e+01 7.220310866288723162e+01
1.657650606226776802e+02 2.468725096587381174e+01 7.491009412797490086e+01
1.628416906154844241e+02 2.483936591850847719e+01 7.765534427938111151e+01
1.599309988385149950e+02 2.493040891939952530e+01 8.043383531987052493e+01
1.570531942427864749e+02 2.495541907369573664e+01 8.323224309806641941e+01
1.542111920482912808e+02 2.492208482170049066e+01 8.604141532298756090e+01
1.514066936768803942e+02 2.484008516449745230e+01 8.885140135470452094e+01
1.486703578080411319e+02 2.469864838762979531e+01 9.164125490956146791e+01
1.460480083257807280e+02 2.448438187960318047e+01 9.437814209545899757e+01
1.435338427952188169e+02 2.420599752292219620e+01 9.706124903921691782e+01
1.411227733828338557e+02 2.386932159896876726e+01 9.969131550546445908e+01
1.388130510397386104e+02 2.347914287565187408e+01 1.022623023371448454e+02
1.366051999600900615e+02 2.304501734571245208e+01 1.047711110643084567e+02
1.344990308053839385e+02 2.257443190039345993e+01 1.072176464880854638e+02
1.324903181446455562e+02 2.206892894813880801e+01 1.096043465225454838e+02
1.305749255213150661e+02 2.153010871167847995e+01 1.119336545650996868e+02
1.287488947492047942e+02 2.095949609660828017e+01 1.142079086542179596e+02
1.270084285471190526e+02 2.035855374993492717e+01 1.164293520197845879e+02
1.253493360043414953e+02 1.972928939738199006e+01 1.186005732328028159e+02
1.237626606909436333e+02 1.907913363366425585e+01 1.207280183011397128e+02
1.222439831505562324e+02 1.841078830825116697e+01 1.228146323517017890e+02
1.207906208629630243e+02 1.772514550468420680e+01 1.248620109122072677e+02
1.194001603484911271e+02 1.702288145737018255e+01 1.268715577633879548e+02
1.180702998838275022e+02 1.630462193748935817e+01 1.288446066037253956e+02
1.167987849602299946e+02 1.557101498315547161e+01 1.307824726474422903e+02
1.155834521214302555e+02 1.482267406378799990e+01 1.326864160327126001e+02
1.144222144841372142e+02 1.406019087112498589e+01 1.345576523628612620e+02
1.133130617060495098e+02 1.328413532832163035e+01 1.363973527249680444e+02
1.122540587842141093e+02 1.249505593174053963e+01 1.382066443886991181e+02
1.112433476769338654e+02 1.169347928961900607e+01 1.399866098630673434e+02
1.102791368760090194e+02 1.087991308812546976e+01 1.417382929608492645e+02
1.093596979522587702e+02 1.005484707394553112e+01 1.434627008075912045e+02
1.084833655555212317e+02 9.218753054281945580e+00 1.451608038416087822e+02
1.076481837987138022e+02 8.372081175024185029e+00 1.468335957239802951e+02
1.068439497434064691e+02 7.515160805488746654e+00 1.484833724459481914e+02
1.060627418187866198e+02 6.649054191503654287e+00 1.501130370719631628e+02
1.053019294313407812e+02 5.774942056797622847e+00 1.517248196650901946e+02
1.045593608434835033e+02 4.893281598853807424e+00 1.533209603427575871e+02
1.038343050728212944e+02 4.004434036664757279e+00 1.549021176014331331e+02
1.031248777294625967e+02 3.109467380255881874e+00 1.564701557833921584e+02
1.024300057610890491e+02 2.208993273436201221e+00 1.580261023421957134e+02
1.017495308743955462e+02 1.303113585848516998e+00 1.595700311413912971e+02
1.010832142005170056e+02 3.919749029369049564e-01 1.611021010724377334e+02
1.004309305836922448e+02 -5.243234577833587595e-01 1.626224150013681253e+02
9.979234575831695508e+01 -1.445600530328936761e+00 1.641311681662157298e+02
9.916634475441587426e+01 -2.371369101037820393e+00 1.656288989868799035e+02
9.855217122179844580e+01 -3.301285279471689815e+00 1.671159838210603539e+02
9.794950485423683517e+01 -4.235179009152089336e+00 1.685926027379054801e+02
9.735821549191935276e+01 -5.172956173513258982e+00 1.700588507429543483e+02
9.677812620340787930e+01 -6.114504706805623968e+00 1.715148438536810431e+02
9.620908062071620748e+01 -7.059721487005535145e+00 1.729606883541395632e+02
9.565092442749148915e+01 -8.008504922191107767e+00 1.743964892649834724e+02
9.510372477830517823e+01 -8.960983189224151602e+00 1.758222786413387837e+02
9.456706022224135211e+01 -9.916776271942561394e+00 1.772382483355408453e+02
9.403971201132293345e+01 -1.087467339630438268e+01 1.786448492511129302e+02
9.352076959494957009e+01 -1.183378172783627669e+01 1.800424287274427968e+02
9.300965204695738464e+01 -1.279354864622697896e+01 1.814312235226793177e+02
9.250605409286407621e+01 -1.375370549368403594e+01 1.828114471652350232e+02
9.200962807964451429e+01 -1.471393832656860035e+01 1.841836517670168689e+02
9.152022897207122298e+01 -1.567414581476213442e+01 1.855480331240300700e+02
9.103776276998677019e+01 -1.663427951018333673e+01 1.869046952101429326e+02
9.056215178548984568e+01 -1.759430750314900749e+01 1.882537129138842147e+02
9.009333690745043555e+01 -1.855421338445285429e+01 1.895951364197314035e+02
8.963127756282304404e+01 -1.951406478776317499e+01 1.909292267302635366e+02
8.917581887182399214e+01 -2.047413711170542072e+01 1.922564962552384031e+02
8.872680071729588747e+01 -2.143467257139154114e+01 1.935773654244776480e+02
8.828356388520295184e+01 -2.239615336700355286e+01 1.948930185846452900e+02
8.784530714954600228e+01 -2.335917947185826549e+01 1.962048237428815582e+02
8.741203094962659748e+01 -2.432383706747401320e+01 1.975127833893513980e+02
8.698371059947963602e+01 -2.529011967394070481e+01 1.988169009742566118e+02
8.656032941987061236e+01 -2.625802199644313362e+01 2.001171701332776536e+02
8.614181007414094893e+01 -2.722742562831517432e+01 2.014136259165930483e+02
8.572801433576179875e+01 -2.819808883090878027e+01 2.027063422994247333e+02
8.531884301811615501e+01 -2.916984842065206607e+01 2.039953695535591010e+02
8.491423635785915280e+01 -3.014262056955743319e+01 2.052807340151545645e+02
8.451415939804205379e+01 -3.111632199960836687e+01 2.065625013154075305e+02
8.411857624971567304e+01 -3.209089506563914540e+01 2.078407079006062759e+02
8.372749121852879739e+01 -3.306659172977679617e+01 2.091151134537537928e+02
8.334088547010247794e+01 -3.404347561622820706e+01 2.103856456707814857e+02
8.295871239806155018e+01 -3.502139039207194315e+01 2.116524275686219596e+02
8.258089762403479028e+01 -3.599995976725818991e+01 2.129157774852090768e+02
8.220733899765484409e+01 -3.697858749460879579e+01 2.141762090794780704e+02
8.183793296571728604e+01 -3.795656642325136687e+01 2.154343081956596677e+02
8.147264653375023613e+01 -3.893377844923086428e+01 2.166901742325314899e+02
8.111139702245193916e+01 -3.991029205329217433e+01 2.179439248562708826e+02
8.075410606696971172e+01 -4.088615710539251324e+01 2.191956779162489681e+02
8.040070622034515679e+01 -4.186141444376497134e+01 2.204455303421426322e+02
