2.540000000000000000e+02 7.000000000000000000e+00 0.000000000000000000e+00
2.523127058196234032e+02 7.494234587791814839e+00 1.377032993847554732e+00
2.506121004389312645e+02 7.989467963515672899e+00 2.763147063856723040e+00
2.488985954047309690e+02 8.486063015762976391e+00 4.158336196451357658e+00
2.471721563123792009e+02 8.984034036203235374e+00 5.562631432137139065e+00
2.454327282409813336e+02 9.483378801695282689e+00 6.976065168314711684e+00
2.436802854243735510e+02 9.984096476636857176e+00 8.398651976840298516e+00
2.419100864549212986e+02 1.048662381660575527e+01 9.833764995171343060e+00
2.401074543037212550e+02 1.099230541468748434e+01 1.129184785295518267e+01
2.382664688104754021e+02 1.150088049503278498e+01 1.277685521716323613e+01
2.363821975902196186e+02 1.201203620523666693e+01 1.429199797047558285e+01
2.344539994630655144e+02 1.252579041920398950e+01 1.583770825361655810e+01
2.324812033070178643e+02 1.304215999177105267e+01 1.741443760116722217e+01
2.304631431829225221e+02 1.356116269818257258e+01 1.902263447308736488e+01
2.283991366974444759e+02 1.408283019337142328e+01 2.066273238907736598e+01
2.262884965550098002e+02 1.460718844767393954e+01 2.233517891993777127e+01
2.241312607013858837e+02 1.513289485948600088e+01 2.404252430829440712e+01
2.219270309555315919e+02 1.565936005280821952e+01 2.578619216180948825e+01
2.196750592591100144e+02 1.618661111039875067e+01 2.756667717374782711e+01
2.173751600037068101e+02 1.671391626610376591e+01 2.938547698148871135e+01
2.150285452483188635e+02 1.723881544685746547e+01 3.124655950159195328e+01
2.126354707218170574e+02 1.776011979720563616e+01 3.315241798643791782e+01
2.101955050650188355e+02 1.827742655600396304e+01 3.510449764537529660e+01
2.077084563026216415e+02 1.879062683153797053e+01 3.710316500762310454e+01
2.051758288907280416e+02 1.929914113751468818e+01 3.914820118185096476e+01
2.025992993545605145e+02 1.980122986420840903e+01 4.124274848256030879e+01
1.999781830990598621e+02 2.029424465646338760e+01 4.339102381043747414e+01
1.973119656198012137e+02 2.077557861996359989e+01 4.559601629813212753e+01
1.946001449267957071e+02 2.124450163460856089e+01 4.785879102084993519e+01
1.918419662831014705e+02 2.170077618947971132e+01 5.018034358165839137e+01
1.890366711962195723e+02 2.214415039036041577e+01 5.256168154350054067e+01
1.861862894987650634e+02 2.257030646070475655e+01 5.500249921277802656e+01
1.833015269148114328e+02 2.296575070971647392e+01 5.749932987059978728e+01
1.803890185858481630e+02 2.333146128789410767e+01 6.004830585909108009e+01
1.774521880795001323e+02 2.366489157817767364e+01 6.264758605316902162e+01
1.744928056626605155e+02 2.396431501019361932e+01 6.529682943070075396e+01
1.715181146445337959e+02 2.422283585590041355e+01 6.799433242481811135e+01
1.685334394074536988e+02 2.443515088353164799e+01 7.073900290181977368e+01
1.655404863101209969e+02 2.459962313446320437e+01 7.353045334535482880e+01
1.625523484574121937e+02 2.471253235241311685e+01 7.636026159710465322e+01
1.596006846507889065e+02 2.475485851327585962e+01 7.921472366441574309e+01
1.566889551545472159e+02 2.473560089303780529e+01 8.208222954617647815e+01
1.538191285102040524e+02 2.466497844635797065e+01 8.495124097092013926e+01
1.509906783949523117e+02 2.454414586871464365e+01 8.782128088844130787e+01
1.482349031124310557e+02 2.436642539810911856e+01 9.066817249018504299e+01
1.456036727163590854e+02 2.412310715624645852e+01 9.345072759575639054e+01
1.430926395325720080e+02 2.381839994219026835e+01 9.616993319327842471e+01
1.406968267840576345e+02 2.345513815094241394e+01 9.882809594221883742e+01
1.384149317586273185e+02 2.303834738889519329e+01 1.014176812592385204e+02
1.362490343781425963e+02 2.258285211239677537e+01 1.039307237013358218e+02
1.341974134882670455e+02 2.209788854328010999e+01 1.063671440861518391e+02
1.322545557449427349e+02 2.158493659831236045e+01 1.087305611652166988e+02
1.304152348337835008e+02 2.104543788607067611e+01 1.110243984700570508e+02
1.286748008287588902e+02 2.048040247714405027e+01 1.132516778079473454e+02
1.270254196032529137e+02 1.989444734315709340e+01 1.154177685327407374e+02
1.254570533656663258e+02 1.929492690254417298e+01 1.175297132050330475e+02
1.239653943773939773e+02 1.868340218605604264e+01 1.195904220196280932e+02
1.225471989193462576e+02 1.806042882295359675e+01 1.216020387510216665e+02
1.211993859632793544e+02 1.742651033258751170e+01 1.235665982406336383e+02
1.199190092762245712e+02 1.678212816955485209e+01 1.254860463462923263e+02
1.187032466727464310e+02 1.612774348307559791e+01 1.273622470371583404e+02
1.175493880420955435e+02 1.546379907691550315e+01 1.291969902973801538e+02
1.164548353334378135e+02 1.479071941180410654e+01 1.309919921358448107e+02
1.154171034900943482e+02 1.410891045250138731e+01 1.327488939694569865e+02
1.144338122030073635e+02 1.341876101773321572e+01 1.344692680669375022e+02
1.135026787077922279e+02 1.272064395929445446e+01 1.361546223037177015e+02
1.126215163873699368e+02 1.201491639079384477e+01 1.378064010843850724e+02
1.117853187169395426e+02 1.130188966823840602e+01 1.394264508172925332e+02
1.109795164886085388e+02 1.058174018372863401e+01 1.410179727898652118e+02
1.102004537038909575e+02 9.854801900889988531e+00 1.425823292880390625e+02
1.094448444069058297e+02 9.122653755908046946e+00 1.441225079701682432e+02
1.087106249185832780e+02 8.386240361368670904e+00 1.456403996396937828e+02
1.079943623642198105e+02 7.647122475611523029e+00 1.471396081319733469e+02
1.072947091149470396e+02 6.905818556752170601e+00 1.486215411826343882e+02
1.066111452573680936e+02 6.161987875870551079e+00 1.500870704847832826e+02
1.059431636298035357e+02 5.415372273816243975e+00 1.515369985229818042e+02
1.052904645720106203e+02 4.666035644485693190e+00 1.529716171586685505e+02
1.046528088829835923e+02 3.914054999271244561e+00 1.543911538092348792e+02
1.040297271580031975e+02 3.159564983190358056e+00 1.557959592905218642e+02
1.034195311389037784e+02 2.403006045382578559e+00 1.571870399500612052e+02
1.028217950707887525e+02 1.644501351927088795e+00 1.585647077004657604e+02
1.022363591255126209e+02 8.841069317224030666e-01 1.599291288885218592e+02
1.016630165809415587e+02 1.218902427755695489e-01 1.612804942859132780e+02
1.011015724507055040e+02 -6.420845431359455402e-01 1.626189870755650304e+02
1.005518348095822176e+02 -1.407754359612172657e+00 1.639447876423125194e+02
1.000136246419091606e+02 -2.175067286640804731e+00 1.652580706847556371e+02
9.948667310498191796e+01 -2.943878728453877880e+00 1.665590362300606557e+02
9.896911636307997640e+01 -3.712420059032154551e+00 1.678483539305555325e+02
9.845972077271058254e+01 -4.479535471205113417e+00 1.691267104951130875e+02
9.795802230491177909e+01 -5.244829805679833257e+00 1.703947759155163340e+02
9.746390898911006673e+01 -6.008287346021681685e+00 1.716526987258879160e+02
9.697729431645682041e+01 -6.769919204872522300e+00 1.729005823023799735e+02
9.649808966753009543e+01 -7.529732997400516048e+00 1.741385342995113774e+02
9.602620783544456629e+01 -8.287736727345460963e+00 1.753666604607792578e+02
9.556156273683073721e+01 -9.043937928437220108e+00 1.765850648086994568e+02
9.510400635754568555e+01 -9.798526026709010850e+00 1.777940968475292323e+02
9.465334657909421878e+01 -1.055196521475935612e+01 1.789944218824852271e+02
9.420859264067790662e+01 -1.130498451743016730e+01 1.801878517444609429e+02
9.376884867147623481e+01 -1.205815334396012162e+01 1.813759376555096026e+02
9.333410606235676710e+01 -1.281143788762878621e+01 1.825586572598298005e+02
9.290431128393822746e+01 -1.356483001344611949e+01 1.837360658912263034e+02
9.247940064946907057e+01 -1.431830427591057031e+01 1.849082265517108681e+02
9.205946018948105802e+01 -1.507191228555472051e+01 1.860750149982594905e+02
9.164456475677532410e+01 -1.582569969780762520e+01 1.872363204965921568e+02
9.123472906621684331e+01 -1.657968098257195777e+01 1.883921070173361159e+02
9.082987492551707476e+01 -1.733376319546780309e+01 1.895424247474271056e+02
9.042982702903817938e+01 -1.808766674526980367e+01 1.906873780708132813e+02
9.003450651761535539e+01 -1.884130264908685248e+01 1.918270218065927963e+02
8.964386329053924385e+01 -1.959463879381283036e+01 1.929613960876043848e+02
8.925788319601444698e+01 -2.034779842071293743e+01 1.940904293494640456e+02
8.887649004830571187e+01 -2.110050633351673000e+01 1.952143816683126261e+02
8.849951081848746526e+01 -2.185181378024970655e+01 1.963340946639206095e+02
8.812682928941093508e+01 -2.260116102696998652e+01 1.974500868956410784e+02
8.775840502802908816e+01 -2.334838001897308857e+01 1.985625008248443066e+02
8.739419191215830551e+01 -2.409349668489824126e+01 1.996714008805195704e+02
8.703403266900362212e+01 -2.483665335105982308e+01 2.007770867517839974e+02
8.667782297291003601e+01 -2.557794228568654660e+01 2.018797459502375773e+02
8.632552195474598022e+01 -2.631739319232551111e+01 2.029794322179682240e+02
8.597713407100089000e+01 -2.705501111255238911e+01 2.040761279951320830e+02
8.563271226465906238e+01 -2.779090036190531876e+01 2.051698913762072038e+02
8.529232201889456633e+01 -2.852516450793014613e+01 2.062607679587534619e+02
8.495599250224790921e+01 -2.925787325737421440e+01 2.073487955556056477e+02
8.462371636406584230e+01 -2.998906251164099857e+01 2.084340044494695405e+02
8.429544973450124701e+01 -3.071873436679009473e+01 2.095164173929216815e+02
