2.540000000000000000e+02 7.000000000000000000e+00 0.000000000000000000e+00
2.518600449449660346e+02 7.915174759162513674e+00 1.153000054427238963e+00
2.497157228529557358e+02 8.817488004767655596e+00 2.316619856452019288e+00
2.475671584239178458e+02 9.706896395378894482e+00 3.490783450600340121e+00
2.454144740779469487e+02 1.058335720873983732e+01 4.675418132564752582e+00
2.432566587084390051e+02 1.144664938355139228e+01 5.875519874095149753e+00
2.410895334143794457e+02 1.229625846793964605e+01 7.102803076077109701e+00
2.389103060254800823e+02 1.313193863220354274e+01 8.359686210842642851e+00
2.367190024921899010e+02 1.395354699827802847e+01 9.646352103030803704e+00
2.345156144963154645e+02 1.476093983413744049e+01 1.096297978956480712e+01
2.323001341911104305e+02 1.555397285656134976e+01 1.230974844665470158e+01
2.300725542053155834e+02 1.633250123294023126e+01 1.368683738327250232e+01
2.278328676476457701e+02 1.709637958331577678e+01 1.509442603385696380e+01
2.255801787734396555e+02 1.784374081650137711e+01 1.653538416323409166e+01
2.233111489049932743e+02 1.856793746430557945e+01 1.802002891057404810e+01
2.210255045323243905e+02 1.926819303826779972e+01 1.954947246052131149e+01
2.187232229889242205e+02 1.994421162895372390e+01 2.112407347504737842e+01
2.164042829937615977e+02 2.059569677158931000e+01 2.274418987040768414e+01
2.140686642859205335e+02 2.122235061357197594e+01 2.441018004405195185e+01
2.117163476246003597e+02 2.182387391447061731e+01 2.612240287462422472e+01
2.093473147891155008e+02 2.239996604602560026e+01 2.788121772196283388e+01
2.069615485788957585e+02 2.295032499214876509e+01 2.968698442710041263e+01
2.045590328134860272e+02 2.347464734892342264e+01 3.154006331226391424e+01
2.021397523325471752e+02 2.397262832460436144e+01 3.344081518087438809e+01
1.997036930102401016e+02 2.444396176090719308e+01 3.538960127813058421e+01
1.972508417935778482e+02 2.488834015291099888e+01 3.738678322760141270e+01
1.947811867166198851e+02 2.530545464226389285e+01 3.943272302376718841e+01
1.922947169067769266e+02 2.569499502942185742e+01 4.152778301145701079e+01
1.897914225891609874e+02 2.605664977724856968e+01 4.367232587713726133e+01
1.872712951024088284e+02 2.639010602137573613e+01 4.586671462032141022e+01
1.847343269154467293e+02 2.669504958080481671e+01 4.811131252370175559e+01
1.821805116352432208e+02 2.697116496359551974e+01 5.040648313844436501e+01
1.796099446766521623e+02 2.721846182846987361e+01 5.275230399604582487e+01
1.770214721743987525e+02 2.743291537043319295e+01 5.515239550829289783e+01
1.744133577286627883e+02 2.760845025591301649e+01 5.761213311760416644e+01
1.717853041497679953e+02 2.774346216055402081e+01 6.013291876138409719e+01
1.691373763661545411e+02 2.783748934960436827e+01 6.271514360708368940e+01
1.664696411996715142e+02 2.789006460550583810e+01 6.535920020695738231e+01
1.637821685265865881e+02 2.790072011997205337e+01 6.806547849376872250e+01
1.610750313088518624e+02 2.786898754866658834e+01 7.083436569384519998e+01
1.583483056325366363e+02 2.779439807729700362e+01 7.366624622130839839e+01
1.556020707194512624e+02 2.767648244478934672e+01 7.656150164293180183e+01
1.528367872526132771e+02 2.751473767136168291e+01 7.952018992338160785e+01
1.500794766685025650e+02 2.730668646903679431e+01 8.251947361582308815e+01
1.473473570858176913e+02 2.705107026017635974e+01 8.554445562557123139e+01
1.446409328109914156e+02 2.674806903487210974e+01 8.859444192274611396e+01
1.419604096305091048e+02 2.639789194762817814e+01 9.166898866864138995e+01
1.393188094337101006e+02 2.600444642538476359e+01 9.475259288394255464e+01
1.367915201157242677e+02 2.558158502312387839e+01 9.776216539518942739e+01
1.343933616369500328e+02 2.513250904750281478e+01 1.006797526463593471e+02
1.321183836767700939e+02 2.465748002955393403e+01 1.035013271976311273e+02
1.299612110952886042e+02 2.415689788574495012e+01 1.062243644936432361e+02
1.279180035042155055e+02 2.363182842109936388e+01 1.088494459248815787e+02
1.259859143468552674e+02 2.308376473433530052e+01 1.113790332180621476e+02
1.241618566831235455e+02 2.251401996040274867e+01 1.138150267378225209e+02
1.224427979724108724e+02 2.192387659187313531e+01 1.161593363331922575e+02
1.208257580211506763e+02 2.131458474231032696e+01 1.184138764197713130e+02
1.193078010952902304e+02 2.068735847639393910e+01 1.205805506881740143e+02
1.178857610054707408e+02 2.004364985990605064e+01 1.226612704973201744e+02
1.165435775907942855e+02 1.939761410616428350e+01 1.246590319037198924e+02
1.152695451207028867e+02 1.876202844200626885e+01 1.265794975911560130e+02
1.140580260287236740e+02 1.814184208904259776e+01 1.284271425684358690e+02
1.129059731052532385e+02 1.753706253964477568e+01 1.302044089856375990e+02
1.118029666162857865e+02 1.695149518139685796e+01 1.319161367953680326e+02
1.107411568700058666e+02 1.638761577447466067e+01 1.335664226620386330e+02
1.097189470809745160e+02 1.584466578401902126e+01 1.351575549592056973e+02
1.087348780431336337e+02 1.532187413234672313e+01 1.366917146942800798e+02
1.077875460639628358e+02 1.481849907645402631e+01 1.381709999021162787e+02
1.068755967267300093e+02 1.433382491184115715e+01 1.395974349681833075e+02
1.059977246586232553e+02 1.386716184998759793e+01 1.409729709751230189e+02
1.051526729694476217e+02 1.341784572174606005e+01 1.422994865416947334e+02
1.043392337188317498e+02 1.298523822422576757e+01 1.435787871244700966e+02
1.035562430469770163e+02 1.256872434776386527e+01 1.448126122955954429e+02
1.028025780944349918e+02 1.216771074826244003e+01 1.460026403466048635e+02
1.020771569727355370e+02 1.178162573166749461e+01 1.471504883323214017e+02
1.013789382133309260e+02 1.140991896277849449e+01 1.482577128944826654e+02
1.007069210634636534e+02 1.105206162159117333e+01 1.493258098195294963e+02
1.000601404412929725e+02 1.070754373746648191e+01 1.503562215788570597e+02
9.943766551884355920e+01 1.037587344032669101e+01 1.513503394467921055e+02
9.883859962756220341e+01 1.005657691074901727e+01 1.523095036417518600e+02
9.826207996510274256e+01 9.749198225024773734e+00 1.532350037644932286e+02
9.770727717467478612e+01 9.453299132875930155e+00 1.541280794268344039e+02
9.717339107670541409e+01 9.168456801964028458e+00 1.549899266312695829e+02
9.665965008125841962e+01 8.894263507398331825e+00 1.558216986491888463e+02
9.616531103330511598e+01 8.630326549973021955e+00 1.566245062521427371e+02
9.568965916965416341e+01 8.376268233408385555e+00 1.573994177762147899e+02
9.523200704724648347e+01 8.131725298035734184e+00 1.581474607238333192e+02
9.479169128177774439e+01 7.896347197407949992e+00 1.588696266383448972e+02
9.436807231708061749e+01 7.669795976435541007e+00 1.595668714487044042e+02
9.396053423672715610e+01 7.451746171832973609e+00 1.602401157510593919e+02
9.356848487590154662e+01 7.241884871234393728e+00 1.608902446415459053e+02
9.319135438946352679e+01 7.039910956524821906e+00 1.615181098565073796e+02
9.282859284904226627e+01 6.845533834086778846e+00 1.621245333639700448e+02
9.247967015643432376e+01 6.658473389037948387e+00 1.627103074930802791e+02
9.214407584648857608e+01 6.478459881070748771e+00 1.632761952287192457e+02
9.182131927339001720e+01 6.305234042888888446e+00 1.638229299330804167e+02
9.151092808440286319e+01 6.138546273697307321e+00 1.643512176268635017e+02
9.121244643606641489e+01 5.978155696597134749e+00 1.648617396554170682e+02
9.092543496121331259e+01 5.823830141157488427e+00 1.653551527380333823e+02
9.064947058283995318e+01 5.675346045060211786e+00 1.658320892461443350e+02
9.038414672142175732e+01 5.532488563649876845e+00 1.662931568934613153e+02
9.012907186685623628e+01 5.395050815314858639e+00 1.667389408704003984e+02
8.988386818939896727e+01 5.262833147472506745e+00 1.671700059202290731e+02
8.964817152418669366e+01 5.135643128390846357e+00 1.675868963621985017e+02
8.942163121052396946e+01 5.013295462263537061e+00 1.679901363317527228e+02
8.920391028491090424e+01 4.895612091211115846e+00 1.683802294920186569e+02
8.899468428022291278e+01 4.782421560737977195e+00 1.687576608286008195e+02
8.879364005173557928e+01 4.673558399376428696e+00 1.691228984042447792e+02
8.860047576457664320e+01 4.568863112055876918e+00 1.694763933775928990e+02
8.841490076812638677e+01 4.468182113733370819e+00 1.698185801909075678e+02
8.823663574593032877e+01 4.371367808609925909e+00 1.701498763460135706e+02
8.806541182994591566e+01 4.278278122078723378e+00 1.704706837281683818e+02
8.790096951023377869e+01 4.188775924579164922e+00 1.707813902356827782e+02
8.774305861540244678e+01 4.102729021263543885e+00 1.710823698091481049e+02
8.759143834609591295e+01 4.020010169692799451e+00 1.713739823813823193e+02
8.744587716486975637e+01 3.940497021644132403e+00 1.716565740420310533e+02
8.730615188552583561e+01 3.864071641894090803e+00 1.719304783986744667e+02
8.717219599702238497e+01 3.790676903439931689e+00 1.721958828468188472e+02
8.704318234141811672e+01 3.719966597360591098e+00 1.724536601483206368e+02
8.691682582076512631e+01 3.651044854845836962e+00 1.727059785196079531e+02
8.679216716628212680e+01 3.583529895032176338e+00 1.729537700971530114e+02
8.666910629690802637e+01 3.517370469978287950e+00 1.731971766789512515e+02
8.654760977515610421e+01 3.452540684204845611e+00 1.734362799625744742e+02
8.642765051551607769e+01 3.389017422181225037e+00 1.736711544681171802e+02
