2.540000000000000000e+02 7.000000000000000000e+00 0.000000000000000000e+00
2.519020587931541684e+02 7.856168095708997434e+00 1.098443659392573046e+00
2.497976606563987048e+02 8.700893500282386839e+00 2.210301827366155880e+00
2.476839435459921219e+02 9.533678152553811458e+00 3.347083613853390371e+00
2.455578326300481251e+02 1.035442387413593934e+01 4.512537937814101063e+00
2.434167663850719237e+02 1.116308047572339746e+01 5.708489285966351190e+00
2.412606415567418026e+02 1.195950388841951728e+01 6.935204147227620020e+00
2.390893979924580606e+02 1.274354757798187521e+01 8.192922646796601427e+00
2.369029756094070649e+02 1.351506410977214401e+01 9.481885916390094593e+00
2.347013143997091333e+02 1.427390514478271655e+01 1.080233609352424295e+01
2.324839045217505031e+02 1.501908670849727301e+01 1.215578863155476341e+01
2.302471686458079319e+02 1.574389778659263328e+01 1.355247258894296714e+01
2.279902736269965828e+02 1.644665580843753006e+01 1.499492500095133707e+01
2.257131286980434766e+02 1.712704718757082389e+01 1.648359257855156912e+01
2.234156438520648464e+02 1.778475664290163394e+01 1.801892322789149503e+01
2.210977298425662525e+02 1.841946719870931659e+01 1.960136605029506640e+01
2.187592981834424677e+02 1.903086018464348683e+01 2.123137134226238132e+01
2.164002611489775632e+02 1.961861523572399690e+01 2.290939059546964529e+01
2.140205317738448230e+02 2.018241029234095762e+01 2.463587649676920321e+01
2.116200238531067725e+02 2.072192160025472418e+01 2.641128292818952872e+01
2.091986519422152071e+02 2.123682371059589258e+01 2.823606496693521706e+01
2.067563313570112769e+02 2.172678947986532094e+01 3.011067888538698867e+01
2.042929781737252881e+02 2.219149006993411177e+01 3.203558215110171403e+01
2.018085092289767317e+02 2.263059494804360838e+01 3.401123342681236039e+01
1.993028421197745672e+02 2.304377188680541266e+01 3.603809257042805569e+01
1.967758952035168249e+02 2.343068696420136376e+01 3.811662063503401754e+01
1.942275875193061552e+02 2.379100442297189488e+01 4.024728008375617350e+01
1.916578372456700379e+02 2.412438382664115011e+01 4.243053909017883996e+01
1.890665633682130249e+02 2.443048282650128655e+01 4.466686719684418705e+01
1.864536859015142625e+02 2.470895761935910429e+01 4.695673464344763204e+01
1.838191254866749773e+02 2.495946224615828868e+01 4.930061344747016960e+01
1.811628033955431079e+02 2.518164859265858979e+01 5.169897739902999945e+01
1.784846415465238181e+02 2.537516638933024993e+01 5.415230204458865160e+01
1.757845629399830045e+02 2.553966476413982534e+01 5.666106340496386196e+01
1.730619108105713906e+02 2.567260232979085544e+01 5.922751335735751610e+01
1.703141512822117534e+02 2.576411080092163175e+01 6.185978486103931573e+01
1.675411418188343475e+02 2.581306390602490808e+01 6.455885842540160979e+01
1.647428952304767051e+02 2.581890195476368888e+01 6.732525082207982337e+01
1.619194331260531214e+02 2.578108334894796982e+01 7.015946068675640390e+01
1.590706553962232306e+02 2.569907976391875692e+01 7.306208666204373969e+01
1.562050979888212225e+02 2.557135536187308844e+01 7.602667064705620703e+01
1.533592975129675438e+02 2.539345299884547913e+01 7.902352481067542556e+01
1.505377405586328052e+02 2.516505362548862479e+01 8.204874363645188851e+01
1.477407637910081633e+02 2.488634738079967335e+01 8.510178712662748524e+01
1.449686569414277528e+02 2.455754386774320253e+01 8.818213956431709732e+01
1.422378066261572656e+02 2.418411388883350455e+01 9.127028265058939382e+01
1.396281335921512721e+02 2.377721687512985937e+01 9.428296174889109693e+01
1.371540011544595927e+02 2.333832096423560643e+01 9.719910395809714032e+01
1.348084286796737103e+02 2.286640576965165295e+01 1.000134028961491310e+02
1.325880992154333171e+02 2.236315518502363986e+01 1.027275190009412285e+02
1.304897448482037703e+02 2.183022426285178241e+01 1.053431663307638786e+02
1.285101497515332198e+02 2.126924282062937621e+01 1.078621148224524688e+02
1.266461271715636769e+02 2.068179813276697487e+01 1.102861455266578901e+02
1.248945262641301639e+02 2.006943612561809687e+01 1.126170423009572517e+02
1.232522322241136408e+02 1.943366139824918548e+01 1.148565916544865075e+02
1.217161662854409911e+02 1.877593722243969765e+01 1.170065827479402287e+02
1.202829868456101963e+02 1.809958202116207460e+01 1.190700073385784918e+02
1.189352784387633619e+02 1.742730629364850614e+01 1.210546987292002967e+02
1.176541867972657940e+02 1.677197836729963143e+01 1.229631380775672511e+02
1.164255057500469235e+02 1.613917710335292455e+01 1.248010909245431890e+02
1.152441309648064731e+02 1.552971314169453976e+01 1.265720340402394299e+02
1.141083455921228165e+02 1.494269148433038552e+01 1.282784550568370321e+02
1.130164963259983608e+02 1.437725277254602751e+01 1.299227466006184102e+02
1.119669351421010361e+02 1.383259852572599691e+01 1.315072280453425719e+02
1.109580850412610147e+02 1.330795377231053145e+01 1.330341311180332013e+02
1.099884304910668504e+02 1.280257374678610383e+01 1.345056005607558802e+02
1.090565120817197453e+02 1.231574126346298925e+01 1.359237016934045528e+02
1.081609226452272026e+02 1.184676480936478349e+01 1.372904259056471972e+02
1.073003071355304030e+02 1.139497848532072766e+01 1.386076908265642658e+02
1.064733621896001665e+02 1.095974179027923512e+01 1.398773409457636205e+02
1.056788352374727964e+02 1.054043918396071966e+01 1.411011488728204881e+02
1.049155183892724921e+02 1.013647708281298065e+01 1.422808239880855581e+02
1.041822475839649798e+02 9.747283441690910877e+00 1.434180136473312075e+02
1.034779022640872910e+02 9.372307594011754617e+00 1.445143036420584224e+02
1.028014054881400199e+02 9.011020306987679973e+00 1.455712180404457285e+02
1.021517208653441457e+02 8.662912275300381992e+00 1.465902235251417096e+02
1.015278488657682772e+02 8.327492307821170670e+00 1.475727346150069650e+02
1.009288267171651938e+02 8.004287276914100246e+00 1.485201138111061709e+02
1.003537279329149214e+02 7.692841886457529199e+00 1.494336722647421425e+02
9.980166250968903796e+01 7.392718768980212296e+00 1.503146694977298807e+02
9.927177266140822098e+01 7.103496389239245978e+00 1.511643194395071532e+02
9.876323143487528000e+01 6.824768363913105595e+00 1.519837923862287425e+02
9.827524259693984732e+01 6.556143406152332709e+00 1.527742151604447827e+02
9.780704047841182103e+01 6.297245248874486556e+00 1.535366713319893961e+02
9.735788901139001439e+01 6.047712171688408134e+00 1.542722025803075780e+02
9.692707830039775274e+01 5.807195315878094455e+00 1.549818135468306366e+02
9.651392430226327690e+01 5.575358527089362859e+00 1.556664722879945373e+02
9.611776859463347478e+01 5.351878241572665118e+00 1.563271106028286397e+02
9.573797850114918617e+01 5.136443547696935674e+00 1.569646238558144091e+02
9.537394492513816147e+01 4.928755121380945070e+00 1.575798740425438780e+02
9.502508046728596014e+01 4.728524301077575487e+00 1.581736924535077549e+02
9.469081938816982813e+01 4.535473069362281784e+00 1.587468797271143899e+02
9.437061734602512786e+01 4.349333924065758694e+00 1.593002062207943652e+02
9.406395140371679986e+01 4.169849881700155692e+00 1.598344120011307439e+02
9.377031743314145729e+01 3.996773201928005559e+00 1.603502105170340712e+02
9.348922947972046416e+01 3.829865075260774798e+00 1.608482894990831937e+02
9.322021967657505570e+01 3.668895580882734819e+00 1.613293110809821940e+02
9.296283819846794927e+01 3.513643664017143564e+00 1.617939118647337011e+02
9.271665248551134653e+01 3.363896754439839931e+00 1.622427040192208381e+02
9.248124534389495466e+01 3.219449833137489669e+00 1.626762779679664277e+02
9.225621481714691186e+01 3.080105369042529517e+00 1.630952025713195894e+02
9.204117402937322368e+01 2.945673241997727843e+00 1.635000253482954236e+02
9.183575127933488602e+01 2.815970788987730344e+00 1.638912723434440863e+02
9.163958859689233805e+01 2.690822094745588977e+00 1.642694501697021394e+02
9.145234079100765712e+01 2.570057523921269738e+00 1.646350473556185818e+02
9.127367545250434944e+01 2.453513722437752342e+00 1.649885343414491672e+02
9.110327298245226757e+01 2.341033631440279983e+00 1.653303634389872627e+02
9.094082567882470869e+01 2.232466038460189761e+00 1.656609701240854804e+02
9.078404810007199899e+01 2.126945339132000790e+00 1.659825245126848472e+02
9.062995858371594693e+01 2.023366612193407743e+00 1.662977562792953279e+02
9.047833068399340561e+01 1.921630191942355737e+00 1.666069366095465227e+02
9.032905256991223553e+01 1.821678666594673368e+00 1.669102326250810222e+02
9.018210762060417096e+01 1.723489805740156644e+00 1.672077246679596101e+02
9.003747104169346471e+01 1.627038533126979658e+00 1.674994998449100763e+02
8.989509517538195382e+01 1.532291675693675526e+00 1.677856646769615168e+02
8.975494047958262911e+01 1.439219329464183739e+00 1.680663171886143346e+02
8.961696809790815621e+01 1.347792109005007788e+00 1.683415537044712664e+02
8.948113983488372014e+01 1.257981128680781380e+00 1.686114689106849482e+02
8.934741817843023171e+01 1.169758019655810610e+00 1.688761557992257281e+02
8.921576634305701248e+01 1.083094962558533547e+00 1.691357055607971063e+02
8.908614815411191046e+01 9.979645999479904717e-01 1.693902078717915742e+02
8.895852804381560475e+01 9.143400333149138692e-01 1.696397509041214278e+02
8.883287105126146344e+01 8.321948230817302061e-01 1.698844213252184829e+02
8.870914282241561466e+01 7.515029886025603734e-01 1.701243042980343887e+02
