2.540000000000000000e+02 7.000000000000000000e+00 0.000000000000000000e+00
2.526634470085695625e+02 7.491948817275605244e+00 1.039543002880768396e+00
2.513154009064826653e+02 7.985381122642145613e+00 2.087437620792013782e+00
2.499558023872842796e+02 8.480300588224761071e+00 3.143725215158742259e+00
2.485845919055579145e+02 8.976710890045845659e+00 4.208447309318804841e+00
2.472017096761585719e+02 9.474615707999978653e+00 5.281645589025329990e+00
2.458070828860448671e+02 9.974014776193090626e+00 6.363369941880099745e+00
2.443949697409391035e+02 1.047470529514932736e+01 7.457594508609382444e+00
2.429487266605428033e+02 1.097692388064858982e+01 8.576031753144254921e+00
2.414647411504624870e+02 1.148070400179246775e+01 9.721274196665390832e+00
2.399367540397658161e+02 1.198562711791766944e+01 1.089767617336575078e+01
2.383628020100350966e+02 1.249140021022271796e+01 1.210647839497979739e+01
2.367414092755484489e+02 1.299779251927886747e+01 1.334858085539502603e+01
2.350713562231557319e+02 1.350466424132827115e+01 1.462475797304948699e+01
2.333517488953762040e+02 1.401199170085225099e+01 1.593562504303776883e+01
2.315816686422895998e+02 1.451974737402927751e+01 1.728181246257813086e+01
2.297601812926422440e+02 1.502790311816832336e+01 1.866396122563027404e+01
2.278862994239913178e+02 1.553638255214044683e+01 2.008275381765147216e+01
2.259594927770703521e+02 1.604570960094580911e+01 2.153849567231544881e+01
2.239808338144981121e+02 1.655849637512801920e+01 2.303017463616869875e+01
2.219498249182852021e+02 1.707542350566723144e+01 2.455806213605806931e+01
2.198654275853739080e+02 1.759663172183607216e+01 2.612272937407440310e+01
2.177270701800540849e+02 1.812138677515625673e+01 2.772612805787556312e+01
2.155346172061110224e+02 1.864811904697798539e+01 2.937155737354449769e+01
2.132872522553215333e+02 1.917661288714241508e+01 3.106009398091121199e+01
2.109877164745216760e+02 1.970442877090190237e+01 3.279405046006390734e+01
2.086379586253137006e+02 2.022927126262733566e+01 3.457635353216301866e+01
2.062380705959934915e+02 2.075085525506846906e+01 3.640816184187026749e+01
2.037908398546946103e+02 2.126994881966115969e+01 3.828945897178722646e+01
2.012958444561428450e+02 2.178498230420787962e+01 4.022347605728820241e+01
1.987546090291476446e+02 2.229305812567659828e+01 4.221523767893894785e+01
1.961684370948613321e+02 2.279236142460082348e+01 4.426864200400361682e+01
1.935371783863626831e+02 2.328221695198837793e+01 4.638604460349494474e+01
1.908598411082298867e+02 2.376242740278033949e+01 4.856877338638352626e+01
1.881378172322523596e+02 2.423234294969035219e+01 5.081455079661597551e+01
1.853728038206899100e+02 2.469128320321764036e+01 5.312064905288215755e+01
1.825642973700282710e+02 2.513876986908642053e+01 5.548806307789428161e+01
1.797126445722866208e+02 2.557279069558546780e+01 5.791836194065162147e+01
1.768187596009949232e+02 2.599147114743862730e+01 6.041230981511242248e+01
1.739006990444835878e+02 2.637206880468770365e+01 6.296615981047170862e+01
1.709735586701958709e+02 2.669851646144437751e+01 6.557678860237656693e+01
1.680456891110727042e+02 2.697401698137908355e+01 6.823447890586641051e+01
1.651403233903585885e+02 2.718333202280742711e+01 7.093042294217990218e+01
1.622809721427137788e+02 2.731160856027812045e+01 7.365428903575738673e+01
1.594693225496756099e+02 2.736810828273620544e+01 7.639587177124570871e+01
1.567033760490407133e+02 2.735667623268605553e+01 7.915341731440206274e+01
1.539835524857799101e+02 2.728839567980551095e+01 8.191532634985181005e+01
1.513095936644806443e+02 2.716826785272435529e+01 8.467734712723427037e+01
1.486788022190162906e+02 2.699783434556165673e+01 8.744084295137062668e+01
1.461371981855903357e+02 2.676684788660983827e+01 9.016885122916174566e+01
1.437165548345465993e+02 2.647066275491329890e+01 9.283393365462424640e+01
1.414161836386208222e+02 2.611204997949969098e+01 9.543487302687471185e+01
1.392352952181065575e+02 2.569322366593008766e+01 9.797162911050439504e+01
1.371701800600553725e+02 2.521696853612161604e+01 1.004458423756316137e+02
1.352180903242662566e+02 2.468790819285156601e+01 1.028531373639421247e+02
1.333802482176567423e+02 2.411487519053520501e+01 1.051783656026729830e+02
1.316508141480600784e+02 2.352147726818972728e+01 1.074188292084254641e+02
1.300173239381072960e+02 2.292971484906757951e+01 1.095799184591335944e+02
1.284731269919498118e+02 2.234162410068556781e+01 1.116667450431931741e+02
1.270139885689111594e+02 2.175703084517210684e+01 1.136828258588671900e+02
1.256358448895668687e+02 2.117577423596403818e+01 1.156315368964033894e+02
1.243349548972039997e+02 2.059735477454475827e+01 1.175161706125199714e+02
1.231072151584219938e+02 2.002270997062084490e+01 1.193395572850378414e+02
1.219485703236075409e+02 1.945314846867827896e+01 1.211042955172275981e+02
1.208554124213115983e+02 1.888930474833294326e+01 1.228129790039411517e+02
1.198245647569357573e+02 1.833117283850245727e+01 1.244681914105261171e+02
1.188531036784158346e+02 1.777849198458333646e+01 1.260724448922574794e+02
1.179362667989278890e+02 1.723103216107257296e+01 1.276284248757275179e+02
1.170569509080997221e+02 1.668875849455456972e+01 1.291403429450116676e+02
1.162058364917104285e+02 1.615161387086476097e+01 1.306108594276660995e+02
1.153808197854667981e+02 1.562040780917019944e+01 1.320428278702906084e+02
1.145753184501159296e+02 1.509799611692090515e+01 1.334426311449105640e+02
1.137881382316200529e+02 1.458456947215257671e+01 1.348116397537211526e+02
1.130188753278937384e+02 1.407992426965406274e+01 1.361505365631362281e+02
1.122671249316780688e+02 1.358386657178123436e+01 1.374599986587720934e+02
1.115324915231949916e+02 1.309620688501612840e+01 1.387406875957807131e+02
1.108145883600299015e+02 1.261675991588751700e+01 1.399932502518529702e+02
1.101130373799689579e+02 1.214534452448053869e+01 1.412183189896917952e+02
1.094274691470141931e+02 1.168178369860669541e+01 1.424165117472827546e+02
1.087575225474709271e+02 1.122590440838781589e+01 1.435884325460903597e+02
1.081025265580841079e+02 1.077744188288041194e+01 1.447351644408781226e+02
1.074592204622466198e+02 1.033695969590492680e+01 1.458597291279252488e+02
1.068243224629817121e+02 9.906612016637499352e+00 1.469640478966747423e+02
1.061970102148461450e+02 9.485987422794600832e+00 1.480501750174318545e+02
1.055771002489833847e+02 9.074855550470946497e+00 1.491186603289785069e+02
1.049644923410682651e+02 8.673088893122306686e+00 1.501697379341278804e+02
1.043590860663285866e+02 8.280558316631143612e+00 1.512036469265435130e+02
1.037607823771251248e+02 7.897136457243278507e+00 1.522206231217579102e+02
1.031694835829252526e+02 7.522697695822340158e+00 1.532208991048436815e+02
1.025850933426516320e+02 7.157118148014092185e+00 1.542047042486237558e+02
1.020075503194606483e+02 6.800315659976293503e+00 1.551721862751986976e+02
1.014365404242628301e+02 6.451569270649689436e+00 1.561244326955641952e+02
1.008709171994894547e+02 6.108974942827829047e+00 1.570646723148352351e+02
1.003099098324526466e+02 5.771739515437642076e+00 1.579945708357615501e+02
9.975336494326519698e+01 5.439765035679596572e+00 1.589143953210877669e+02
9.920124880526711308e+01 5.112998950909590334e+00 1.598242343059549455e+02
9.865352942470997277e+01 4.791388641017729100e+00 1.607241678809112102e+02
9.811013132182105778e+01 4.474900995837270301e+00 1.616143350508409640e+02
9.757103675136644938e+01 4.163478715155651599e+00 1.624947956519192189e+02
9.703649099472535511e+01 3.857003305302898255e+00 1.633654208755687023e+02
9.650638554678464232e+01 3.555622634668996973e+00 1.642269277669842040e+02
9.598064273999236207e+01 3.259364559879680101e+00 1.650796253535242215e+02
9.545915850322712970e+01 2.968138160748498233e+00 1.659237684369050214e+02
9.494153267757832282e+01 2.683091800250045011e+00 1.667609689540873035e+02
9.442765198358259227e+01 2.404599654808666553e+00 1.675916760307654840e+02
9.391748176374116497e+01 2.132610110597659148e+00 1.684159526544443679e+02
9.341098766749134086e+01 1.867072031619998906e+00 1.692338612607892685e+02
9.290813564921862167e+01 1.607934756649028740e+00 1.700454637372106390e+02
9.240887104870147084e+01 1.355126345450196279e+00 1.708509063514925970e+02
9.191304125393560298e+01 1.108021960546513807e+00 1.716515979057675452e+02
9.142261921448520923e+01 8.632920466656899272e-01 1.724474522214851788e+02
9.093823490249786801e+01 6.195569757559442614e-01 1.732382513809726845e+02
9.045981624224774009e+01 3.768086715302310097e-01 1.740240495186016290e+02
8.998730230075678094e+01 1.350355986283091891e-01 1.748049004403989954e+02
8.952063278728182638e+01 -1.057736573249336010e-01 1.755808573863945128e+02
8.905974801979220956e+01 -3.456303960358904637e-01 1.763519730601655624e+02
8.860458892481806004e+01 -5.845458025707864769e-01 1.771182996289708740e+02
8.815509703745019010e+01 -8.225309473556785544e-01 1.778798887237507813e+02
8.771121343384712077e+01 -1.059596516209462269e+00 1.786367914983726735e+02
8.727280790538745237e+01 -1.295734789226689054e+00 1.793890623557009292e+02
8.683977740639295462e+01 -1.530944321605856473e+00 1.801367530788241993e+02
8.641206360578266299e+01 -1.765234671342629236e+00 1.808799123976103829e+02
8.598960950514577917e+01 -1.998615493342351446e+00 1.816185885186128246e+02
8.557235943874178474e+01 -2.231096539420045488e+00 1.823528291250701727e+02
