2.540000000000000000e+02 7.000000000000000000e+00 0.000000000000000000e+00
2.527268931815659982e+02 7.486263672308564487e+00 9.807256780640580818e-01
2.514428059610989692e+02 7.974256640659375783e+00 1.969617689938223171e+00
2.501474044087551363e+02 8.463852703051975013e+00 2.966862974749178594e+00
2.488403618162129192e+02 8.954927937486719003e+00 3.972644268942904677e+00
2.475216140282121842e+02 9.447486482930628426e+00 4.987007196004314302e+00
2.461910963019593908e+02 9.941532344727560755e+00 6.009997738463272121e+00
2.448401126912284553e+02 1.043741496637946753e+01 7.047858215615036670e+00
2.434534566869800756e+02 1.093480133555769385e+01 8.111340913226888105e+00
2.420244651682874348e+02 1.143316544782097388e+01 9.205122193827108390e+00
2.405494573530857281e+02 1.193200054243483521e+01 1.033161744478460520e+01
2.390270211383922287e+02 1.243108483222771099e+01 1.149171612904840067e+01
2.374562163989161547e+02 1.293038318077894822e+01 1.268607192831964170e+01
2.358360964315361912e+02 1.342986264263398155e+01 1.391534437656702039e+01
2.341656971534343938e+02 1.392948950818753495e+01 1.518020506843849127e+01
2.324440367582067211e+02 1.442922928779194258e+01 1.648133789767574342e+01
2.306701157158637159e+02 1.492904671175715947e+01 1.781943905711418807e+01
2.288429167728298523e+02 1.542890573035074731e+01 1.919521703868299412e+01
2.269614047532429879e+02 1.592876950453018381e+01 2.060939277113577717e+01
2.250245273308418064e+02 1.642859771097502630e+01 2.206270429173657988e+01
2.230318286888682735e+02 1.692727586095962877e+01 2.355757838747205923e+01
2.209829677596627278e+02 1.742341089814927457e+01 2.509690889369877453e+01
2.188769062859107919e+02 1.791671294501599832e+01 2.668188016899055981e+01
2.167136025639000536e+02 1.840847774469573039e+01 2.831236651852487185e+01
2.144967061279171503e+02 1.889884821714410634e+01 2.999028554902799470e+01
2.122299052887194364e+02 1.938552647333535006e+01 3.171741278226765459e+01
2.099164832626569819e+02 1.986907817041178959e+01 3.349333735894401798e+01
2.075573063139472936e+02 2.034976010037993532e+01 3.531862251158025856e+01
2.051514304542970706e+02 2.082726209332461309e+01 3.719457906419050630e+01
2.026977360225075984e+02 2.129877278364128301e+01 3.912566110016608434e+01
2.001979097325014720e+02 2.176235974001115991e+01 4.111574395737310539e+01
1.976530173979230085e+02 2.221659212480013323e+01 4.316819833038332632e+01
1.950630718122098415e+02 2.266047696106791065e+01 4.528579001731468878e+01
1.924287513531055822e+02 2.309342553020936251e+01 4.746770049762038468e+01
1.897522554526943566e+02 2.351467527304760807e+01 4.971041656840897360e+01
1.870334684479147427e+02 2.392388015886187702e+01 5.201406193223007079e+01
1.842715642363405095e+02 2.432074324699390289e+01 5.437997128852487094e+01
1.814675521802190303e+02 2.470237417119318835e+01 5.680938293482683576e+01
1.786349596226703795e+02 2.504980296030278453e+01 5.929980335418434123e+01
1.757905979070143871e+02 2.534590814684165494e+01 6.184769592247184988e+01
1.729495508954146317e+02 2.558848207924217633e+01 6.444120375107931409e+01
1.701176541257144663e+02 2.577694586072915328e+01 6.707561833835873699e+01
1.672981054982140279e+02 2.590913705477911577e+01 6.974974377843672357e+01
1.645202496832573615e+02 2.596336705681997259e+01 7.245349432415692092e+01
1.617915597324875137e+02 2.594481762333198205e+01 7.517422638972280424e+01
1.591105908824828816e+02 2.585652191135271138e+01 7.791046629573523319e+01
1.564778413993605568e+02 2.570723473312907359e+01 8.065290964042071664e+01
1.538929666782959202e+02 2.550440423919514998e+01 8.339500467541820683e+01
1.513548369407033647e+02 2.524980505945489995e+01 8.613648816472559133e+01
1.488616675353637504e+02 2.494598161725379626e+01 8.887721013881780152e+01
1.464469308212141527e+02 2.458530594404501812e+01 9.159038779582378709e+01
1.441535389508868832e+02 2.416031165579899209e+01 9.423971463835096074e+01
1.419775766755255688e+02 2.367409932863852262e+01 9.682620648907966654e+01
1.399162635226178111e+02 2.312939931794936044e+01 9.935087078833605290e+01
1.379679388963025701e+02 2.252868155629337465e+01 1.018140773985369947e+02
1.361286531565546909e+02 2.187478891093381250e+01 1.042175277212463271e+02
1.343956193128423706e+02 2.117207882732879654e+01 1.065590334606272052e+02
1.327617669033047321e+02 2.043851929137350254e+01 1.088285433422765180e+02
1.312216870936019291e+02 1.970129829607927618e+01 1.110220441510982283e+02
1.297710903614730000e+02 1.897032762134975314e+01 1.131392358239037179e+02
1.284047602725932222e+02 1.824632972332097225e+01 1.151836870421281986e+02
1.271186203058588404e+02 1.752899847397321764e+01 1.171587211797504438e+02
1.259088863787221868e+02 1.681806052157275033e+01 1.190672430412773224e+02
1.247718889273002105e+02 1.611324641734526963e+01 1.209121586243782502e+02
1.237040635429692088e+02 1.541428868043533207e+01 1.226964033244060488e+02
1.227019367559438052e+02 1.472091773456728347e+01 1.244229963988180572e+02
1.217622126380001504e+02 1.403284282093273383e+01 1.260948275750686491e+02
1.208814302652410362e+02 1.335180609764563364e+01 1.277138999102034802e+02
1.200499445266450493e+02 1.267910343002257179e+01 1.292831874790137476e+02
1.192473511767630470e+02 1.201467940236137899e+01 1.308073460117410036e+02
1.184712304106985101e+02 1.135922848929791940e+01 1.322894903380885694e+02
1.177152396790515354e+02 1.071531109504063473e+01 1.337358977317243500e+02
1.169777998372027810e+02 1.008321896954881325e+01 1.351483617701614435e+02
1.162584593118064760e+02 9.462671748777177427e+00 1.365277032172473923e+02
1.155567775213368549e+02 8.853395882154362795e+00 1.378747228665239675e+02
1.148723245460681284e+02 8.255124428034458006e+00 1.391902021408014321e+02
1.142046809509417926e+02 7.667596943908012719e+00 1.404749034139757384e+02
1.135534249697389129e+02 7.090571725019530369e+00 1.417295739145517928e+02
1.129155585724867450e+02 6.526486556628793956e+00 1.429555333817380358e+02
1.122890661616333148e+02 5.976859660872802849e+00 1.441537836797785133e+02
1.116737039350023366e+02 5.441420367494730570e+00 1.453248806728622355e+02
1.110692508981820197e+02 4.919885105611955467e+00 1.464693647959902876e+02
1.104754786731357257e+02 4.411971085077730947e+00 1.475877778070940565e+02
1.098912886008197916e+02 3.917071137631655819e+00 1.486815269106251662e+02
1.093153931411278705e+02 3.435009549033188225e+00 1.497526175345793433e+02
1.087471147994953782e+02 2.965278510214058638e+00 1.508029480379116478e+02
1.081863214240646442e+02 2.507664993553476496e+00 1.518328867267064197e+02
1.076328940615287166e+02 2.061976052207217247e+00 1.528427568227837412e+02
1.070867137291150755e+02 1.627960415018935736e+00 1.538329313515917818e+02
1.065476407369860681e+02 1.204510152835864822e+00 1.548045380354413965e+02
1.060155536830964138e+02 7.910238514665267617e-01 1.557582504735165969e+02
1.054903458710664381e+02 3.873561347687680678e-01 1.566943356326108017e+02
1.049719121706110485e+02 -6.646019907156617591e-03 1.576130648785509436e+02
1.044592140185163629e+02 -3.920265418186295592e-01 1.585173528791945898e+02
1.039510729782199121e+02 -7.707822917697670917e-01 1.594111959037890074e+02
1.034474467107323505e+02 -1.143138620867450994e+00 1.602948242272443622e+02
1.029481996207219510e+02 -1.508577054154726094e+00 1.611688107098515275e+02
1.024530868459128072e+02 -1.865856370092968453e+00 1.620343101855722523e+02
1.019620504499710165e+02 -2.214946899515132017e+00 1.628914945391690594e+02
1.014750489054628133e+02 -2.555922444092797008e+00 1.637404505350266675e+02
1.009920298635891243e+02 -2.888870766860145878e+00 1.645813073154271251e+02
1.005125437021807073e+02 -3.214398411526710131e+00 1.654157267924361463e+02
1.000363334487265234e+02 -3.532855335401845931e+00 1.662446384973172826e+02
9.956334767973203270e+01 -3.844321260874112411e+00 1.670681830021076166e+02
9.909354011310890087e+01 -4.148868863759216374e+00 1.678864818611180567e+02
9.862686960817491411e+01 -4.446563773300011846e+00 1.686996376109335074e+02
9.816330016565414951e+01 -4.737464572166490306e+00 1.695077337704125000e+02
9.770280092767679037e+01 -5.021622796455797122e+00 1.703108348406875621e+02
9.724534617777925405e+01 -5.299082935692219110e+00 1.711089863051650468e+02
9.679091534090414939e+01 -5.569882432827188978e+00 1.719022146295251048e+02
9.633948207458396951e+01 -5.834059094782019450e+00 1.726905530610070798e+02
9.589081421381503390e+01 -6.091563860005735798e+00 1.734740831108691168e+02
9.544561257834243406e+01 -6.343678424766309831e+00 1.742526437283993346e+02
9.500621072746120888e+01 -6.594221178749681833e+00 1.750256614141941327e+02
9.457265378074876594e+01 -6.843450172445379565e+00 1.757931728935388946e+02
9.414495484026912209e+01 -7.091407504675187212e+00 1.765552479417405607e+02
9.372305666400610846e+01 -7.338110947446683241e+00 1.773119496251573253e+02
9.330689861814771291e+01 -7.583576774897591299e+00 1.780633400020946340e+02
9.289642018295664627e+01 -7.827820922017526328e+00 1.788094804402073805e+02
9.249156095277025713e+01 -8.070858984647985679e+00 1.795504316165001057e+02
9.209226063600067391e+01 -8.312706219482345560e+00 1.802862535173267702e+02
9.169845905513463435e+01 -8.553377544065874361e+00 1.810170054383908109e+02
9.131009614673359920e+01 -8.792887536795721104e+00 1.817427459847454259e+02
9.092711196143373797e+01 -9.031250436920917224e+00 1.824635330707931189e+02
