2.540000000000000000e+02 7.000000000000000000e+00 0.000000000000000000e+00
2.521972269390283543e+02 7.792678801386268006e+00 8.791193483867603131e-01
2.503825071181335602e+02 8.578599372298484127e+00 1.776702341034395172e+00
2.485533078871935118e+02 9.357518416940383332e+00 2.701540570462299673e+00
2.467094633569425355e+02 1.012933335143673119e+01 3.654055223511751826e+00
2.448508403859829059e+02 1.089394267469109323e+01 4.634551243073212312e+00
2.429772487406709729e+02 1.165125565972100219e+01 5.643362986649095525e+00
2.410854626095748756e+02 1.240181669112323704e+01 6.682274521633141617e+00
2.391725408119923770e+02 1.314609120663833153e+01 7.752968211966647871e+00
2.372380094179686694e+02 1.388401496715882644e+01 8.855972007886522945e+00
2.352816881296037366e+02 1.461545959548469042e+01 9.991678496356637851e+00
2.333033152497213507e+02 1.534031643764949493e+01 1.116051746203485173e+01
2.313018978063217048e+02 1.605703230442463081e+01 1.236499104615615074e+01
2.292739210826906913e+02 1.675912177524915947e+01 1.361469199505683392e+01
2.272185975624328762e+02 1.744537484611466738e+01 1.491161369208471044e+01
2.251356051076978702e+02 1.811548749221895704e+01 1.625644763181486496e+01
2.230246180792543100e+02 1.876915155064484608e+01 1.764989369083408377e+01
2.208853072329936253e+02 1.940605471560041551e+01 1.909266033481486602e+01
2.187173397101301759e+02 2.002588052601256408e+01 2.058546464318027347e+01
2.165203790372014794e+02 2.062830836552696923e+01 2.212903230910394470e+01
2.142940851260680688e+02 2.121301346250810838e+01 2.372409763951009154e+01
2.120381142739134930e+02 2.177966689003923051e+01 2.537140355507348488e+01
2.097521189941422790e+02 2.232793534935078839e+01 2.707170201870022552e+01
2.074357482198451521e+02 2.285748142840316888e+01 2.882575352227152266e+01
2.050886472336479187e+02 2.336796351375864944e+01 3.063432726242833226e+01
2.027104573868380442e+02 2.385903543216704392e+01 3.249820185075916612e+01
2.003008160993334172e+02 2.433034645052476108e+01 3.441816531388139566e+01
1.978593568596822365e+02 2.478154127587476907e+01 3.639501509344115959e+01
1.953857092250630387e+02 2.521226005540660609e+01 3.842955804611343495e+01
1.928794988212846704e+02 2.562213837645638037e+01 4.052261044360201225e+01
1.903403473394003527e+02 2.601080726192612502e+01 4.267499798149910362e+01
1.877678724356716202e+02 2.637789303861625356e+01 4.488755603684816009e+01
1.851616876344679952e+02 2.672301721637840899e+01 4.716112991013899602e+01
1.825214023209173604e+02 2.704579647864839842e+01 4.949657484399727991e+01
1.798466217162408327e+02 2.734584264993180369e+01 5.189475608674285212e+01
1.771369468201166626e+02 2.762276262169350716e+01 5.435654903877406952e+01
1.743919743702466860e+02 2.787615830032611086e+01 5.688283935530325408e+01
1.716112968148029267e+02 2.810562657157599276e+01 5.947452301650249495e+01
1.687945022437831710e+02 2.831075921215482438e+01 6.213250650198393998e+01
1.659485037483170515e+02 2.848749291297038866e+01 6.485330848296408135e+01
1.631113962716860044e+02 2.861327464649984265e+01 6.761619640508639861e+01
1.602906732066785764e+02 2.868281925711845304e+01 7.041744031619001021e+01
1.574866373536702326e+02 2.869632268002936115e+01 7.325656749804369383e+01
1.547005450582144306e+02 2.865423518808361436e+01 7.613145134773621692e+01
1.519334476252281547e+02 2.855694805611012299e+01 7.904021651291819239e+01
1.491890848737450881e+02 2.840450135634626960e+01 8.197570707892003838e+01
1.464856162002722897e+02 2.820150612979770344e+01 8.491346866458391673e+01
1.438245956305113964e+02 2.794903302270114409e+01 8.785108047125207520e+01
1.412059712129100433e+02 2.764770356937856732e+01 9.078803749334102235e+01
1.386304911162532676e+02 2.729809589769634215e+01 9.372304225551280865e+01
1.361605743816970175e+02 2.689804014853020320e+01 9.659315518404015677e+01
1.338243300824187259e+02 2.644831174694594722e+01 9.936844594107772366e+01
1.316189655268610466e+02 2.595117725472271886e+01 1.020498116740107690e+02
1.295417142779372739e+02 2.540886104637846898e+01 1.046381599768727142e+02
1.275897953527558286e+02 2.482354713178770922e+01 1.071344491102919676e+02
1.257604133779922790e+02 2.419737911692286758e+01 1.095396878749953657e+02
1.240508963901741737e+02 2.353230787813500058e+01 1.118549246906287493e+02
1.224431237190927249e+02 2.284724441830504915e+01 1.140826055843346296e+02
1.209194034776179905e+02 2.216507730465795589e+01 1.162295201283389474e+02
1.194744987975619068e+02 2.149169128525448258e+01 1.183009619782232278e+02
1.180882995277897294e+02 2.083652860418819586e+01 1.203037868531511805e+02
1.167529704643100104e+02 2.020312049106949459e+01 1.222397312743291309e+02
1.154670219695538265e+02 1.959068649675150198e+01 1.241107557491211537e+02
1.142292053869888520e+02 1.899865142379661975e+01 1.259184795535302470e+02
1.130385016802479612e+02 1.842651935114268724e+01 1.276642098878407126e+02
1.118936113417032345e+02 1.787370709343087327e+01 1.293496400282775198e+02
1.107929504529006834e+02 1.733954291712879581e+01 1.309768547205009099e+02
1.097347760659122997e+02 1.682330803982507561e+01 1.325481589325916048e+02
1.087176300694165008e+02 1.632438345006526248e+01 1.340654715385539077e+02
1.077400708242270042e+02 1.584216033297655812e+01 1.355306914304589156e+02
1.068006990093062285e+02 1.537604828216015029e+01 1.369456620476766773e+02
1.058981636693328312e+02 1.492547729757260022e+01 1.383121631153908879e+02
1.050311618141459746e+02 1.448989761652429209e+01 1.396319111722672233e+02
1.041984386945367476e+02 1.406877983004062926e+01 1.409065592071446247e+02
1.033987851354808782e+02 1.366161375770533049e+01 1.421377001720782687e+02
1.026310324225927531e+02 1.326790629016394440e+01 1.433268737186340616e+02
1.018940521034137987e+02 1.288718130528380179e+01 1.444755664596601719e+02
1.011867557254462611e+02 1.251897955762598436e+01 1.455852123143856147e+02
1.005080948751923131e+02 1.216285869491613703e+01 1.466571924569931014e+02
9.985705964168083426e+01 1.181839260977951156e+01 1.476928373406803985e+02
9.923267392457070457e+01 1.148516946014552964e+01 1.486934328784968784e+02
9.863399513946771435e+01 1.116279154491581238e+01 1.496602208315418920e+02
9.806011404550004329e+01 1.085087523121514685e+01 1.505943990361068643e+02
9.751015460827319714e+01 1.054905089656976180e+01 1.514971215842116408e+02
9.698327337116990066e+01 1.025696266364748865e+01 1.523694996518165681e+02
9.647865514634445105e+01 9.974266582211223309e+00 1.532126071752609562e+02
9.599551260423199039e+01 9.700630455925555395e+00 1.540274813920197801e+02
9.553308619756211328e+01 9.435733810296659030e+00 1.548151229408036045e+02
9.509064384041343487e+01 9.179267757259982119e+00 1.555764962843544197e+02
9.466748106652289607e+01 8.930935061973386269e+00 1.563125295008973410e+02
9.426291716683113009e+01 8.690448513178667511e+00 1.570241193723174433e+02
9.387629454115284489e+01 8.457530649659679156e+00 1.577121322382324138e+02
9.350697868846339134e+01 8.231913756144226824e+00 1.583774040087874084e+02
9.315435779743700095e+01 8.013339690544199811e+00 1.590207407040596195e+02
9.281784334230003708e+01 7.801560135357551218e+00 1.596429176691112559e+02
9.249686700620327429e+01 7.596335299583524048e+00 1.602446836269654398e+02
9.219087960286529437e+01 7.397433463744848225e+00 1.608267620991708213e+02
9.189935107657244373e+01 7.204630979887737929e+00 1.613898514058016076e+02
9.162177023918815166e+01 7.017712160621370820e+00 1.619346250119052684e+02
9.135764514883736354e+01 6.836469438891671579e+00 1.624617310286495240e+02
9.110650141324930473e+01 6.660702652131244683e+00 1.629717944483962242e+02
9.086788046061508339e+01 6.490218312703292192e+00 1.634654194225775825e+02
9.064133952361378022e+01 6.324829601161907178e+00 1.639431892827388708e+02
9.042669485221281889e+01 6.164434696764089949e+00 1.644054602072701243e+02
9.022254180379975708e+01 6.008539122006470556e+00 1.648536216009087525e+02
9.002444942254223292e+01 5.855680112062235487e+00 1.652916000625199331e+02
8.983022716842025091e+01 5.705129171380912467e+00 1.657213612595678853e+02
8.963955911351054340e+01 5.556767268691594097e+00 1.661432534193868946e+02
8.945239085805216916e+01 5.410559789473717629e+00 1.665574020361113128e+02
8.926866536116303052e+01 5.266471676293610571e+00 1.669639329386746169e+02
8.908832638623293576e+01 5.124468366023198662e+00 1.673629701817607440e+02
8.891131884479388248e+01 4.984516001182559997e+00 1.677546352872169280e+02
8.873758856265438055e+01 4.846581286206081529e+00 1.681390477599680366e+02
8.856708218746844352e+01 4.710631430634489192e+00 1.685163252919217314e+02
8.839974718873585857e+01 4.576634149114831907e+00 1.688865837619684385e+02
8.823553185780188812e+01 4.444557661400497572e+00 1.692499372359814060e+02
8.807438530785756825e+01 4.314370692351203296e+00 1.696064979668166472e+02
8.791625747393948132e+01 4.186042471933002496e+00 1.699563763943129118e+02
8.776109911292986965e+01 4.059542735218278686e+00 1.702996811452918564e+02
8.760886180224780162e+01 3.934841721581294305e+00 1.706365190364442128e+02
8.745949786696900219e+01 3.811910129906325828e+00 1.709669952351086977e+02
8.731296054676444385e+01 3.690719221187683363e+00 1.712912128909966611e+02
8.716920387293504291e+01 3.571240742955521519e+00 1.716092734074592840e+02
8.702818257231332666e+01 3.453446870213716213e+00 1.719212766534830905e+02
