2.540000000000000000e+02 7.000000000000000000e+00 0.000000000000000000e+00
2.511076339556054791e+02 7.944901602827682652e+00 2.195487203275172661e+00
2.482377066348917367e+02 8.858554268127578624e+00 4.392455739154458527e+00
2.453901644231372075e+02 9.741166986308456899e+00 6.590787643421640141e+00
2.425649531810760493e+02 1.059294850295618318e+01 8.790365754520518493e+00
2.397620182520323908e+02 1.141410731047317917e+01 1.099107371262395283e+01
2.369813044619205300e+02 1.220485164807840839e+01 1.319279595963385354e+01
2.342227561194164309e+02 1.296538950167578896e+01 1.539541773910027445e+01
2.314863170203508105e+02 1.369592860002146928e+01 1.759882509452222266e+01
2.287719304586431974e+02 1.439667640164149454e+01 1.980290486815403384e+01
2.260795392368304135e+02 1.506784008282973986e+01 2.200754469934313562e+01
2.234090856691224758e+02 1.570962653447613988e+01 2.421263302378051208e+01
2.207605115826486042e+02 1.632224236092764258e+01 2.641805907306828516e+01
2.181337583215867255e+02 1.690589387549843536e+01 2.862371287387720997e+01
2.155287667650549395e+02 1.746078708065885365e+01 3.082948524462841533e+01
2.129454773280725703e+02 1.798712766697354937e+01 3.303526779531249957e+01
2.103838299618930989e+02 1.848512101291149179e+01 3.524095292727403717e+01
2.078437649310220365e+02 1.895496322625422181e+01 3.744643677566235596e+01
2.053252092345666995e+02 1.939700047193218779e+01 3.965156665180993656e+01
2.028282761275513906e+02 1.980939147664658506e+01 4.185691180731932093e+01
2.003532231532402363e+02 2.018879683493486610e+01 4.406351495385812456e+01
1.979000190230406133e+02 2.053538001442203154e+01 4.627125102055988748e+01
1.954686226328473140e+02 2.084940872993183802e+01 4.847996163093830546e+01
1.930589916900484013e+02 2.113115077710543233e+01 5.068948964708706484e+01
1.906710829979031985e+02 2.138087362547433301e+01 5.289967916763144018e+01
1.883048524641373263e+02 2.159884440609502931e+01 5.511037552771612980e+01
1.859602551009426747e+02 2.178532991154900245e+01 5.732142529900520600e+01
1.836372450249774033e+02 2.194059659594269007e+01 5.953267628968215064e+01
1.813357754573658838e+02 2.206491057490753249e+01 6.174397754444981246e+01
1.790557987236987287e+02 2.215853762559993712e+01 6.395517934453047815e+01
1.767972662540328201e+02 2.222174318670128912e+01 6.616613320766582262e+01
1.745601285828913092e+02 2.225479235841796921e+01 6.837669188811692322e+01
1.723443353492637016e+02 2.225794990248131811e+01 7.058670937666420286e+01
1.701498352945665715e+02 2.223148025605012634e+01 7.279604089228232056e+01
1.679765762975814880e+02 2.217564751723394778e+01 7.500454285491602491e+01
1.658245054315496532e+02 2.209071530875143097e+01 7.721207292656427512e+01
1.636935689408398673e+02 2.197694683038808350e+01 7.941848999696343014e+01
1.615843166368761956e+02 2.183471735858389096e+01 8.162306394360233242e+01
1.595044124981051255e+02 2.166576949224782211e+01 8.381809271032059883e+01
1.574575564001760313e+02 2.147119124236047227e+01 8.599973943797969866e+01
1.554513404081302212e+02 2.125187968750678635e+01 8.816283185657594856e+01
1.534902531796178096e+02 2.100864081661740457e+01 9.030416630605016337e+01
1.515732900084737764e+02 2.074196312898093453e+01 9.242412302875113994e+01
1.497000888604682132e+02 2.045236411029063817e+01 9.452266847467480204e+01
1.478702081753104096e+02 2.014035182139030766e+01 9.659982479817959700e+01
1.460832058853644355e+02 1.980642884223511757e+01 9.865561851334366850e+01
1.443386396380935253e+02 1.945109226806571812e+01 1.006900803028551223e+02
1.426360668149207243e+02 1.907483371158191332e+01 1.027032450000244097e+02
1.409750446083872646e+02 1.867813931371924241e+01 1.046951515138395052e+02
1.393551301822418225e+02 1.826148974292084759e+01 1.066658426899874428e+02
1.377759077834052448e+02 1.782550595718813824e+01 1.086152758007223156e+02
1.362377431649805146e+02 1.737524294165926619e+01 1.105407257944922321e+02
1.347403869701114445e+02 1.691285319290837208e+01 1.124413197927838723e+02
1.332832392145101608e+02 1.643858935275415689e+01 1.143173510431637681e+02
1.318657171303241000e+02 1.595276052607456840e+01 1.161690739759522870e+02
1.304872439271200903e+02 1.545567108616278418e+01 1.179967416395708995e+02
1.291472487100245701e+02 1.494762080760331990e+01 1.198006056661823067e+02
1.278451664763023388e+02 1.442890487185347226e+01 1.215809162702318531e+02
1.265804381006803254e+02 1.389981388234521020e+01 1.233379222491168150e+02
1.253525102938128128e+02 1.336063392480090251e+01 1.250718709713116965e+02
1.241608355467916454e+02 1.281164665530282853e+01 1.267830083546463129e+02
1.230050007860542678e+02 1.225316677130474829e+01 1.284716791613319060e+02
1.218825512518249923e+02 1.168490879628929768e+01 1.301366479826592411e+02
1.207910608888891062e+02 1.110658950394967093e+01 1.317766367320783729e+02
1.197297919360802894e+02 1.051841137450891672e+01 1.333916182210024317e+02
1.186983250753862791e+02 9.920664529762239781e+00 1.349818053675788860e+02
1.176950625192372684e+02 9.314789473477709691e+00 1.365478574552546149e+02
1.167179703358691683e+02 8.703052043569762475e+00 1.380910386245421364e+02
1.157619968951133416e+02 8.091904202035003379e+00 1.396149063918679474e+02
1.148200687143355339e+02 7.486346155847286354e+00 1.411202212861519740e+02
1.138914819287915634e+02 6.886642453102876260e+00 1.426071773621258956e+02
1.129760791543743039e+02 6.292724037495149858e+00 1.440759906762530420e+02
1.120737052763571171e+02 5.704522848865659412e+00 1.455268741689482681e+02
1.111842069418605519e+02 5.121971600423323778e+00 1.469600383614627219e+02
1.103074325151735593e+02 4.545003759132948851e+00 1.483756914172303425e+02
1.094432320777535637e+02 3.973553545715224455e+00 1.497740391418684283e+02
1.085914574282265050e+02 3.407555934646725238e+00 1.511552849831773244e+02
1.077519620823866973e+02 2.846946654159913770e+00 1.525196300311404229e+02
1.069246012731970268e+02 2.291662186243135668e+00 1.538672730179242194e+02
1.061092319507887538e+02 1.741639766640624476e+00 1.551984103178785404e+02
1.053057127824616259e+02 1.196817384852496780e+00 1.565132359475360602e+02
1.045139040682599472e+02 6.571337470770838296e-01 1.578119416815329714e+02
1.037336678018789371e+02 1.225283029456861461e-01 1.590947169689812597e+02
1.029648678416969858e+02 -4.070586794033653200e-01 1.603617486986254619e+02
1.022073695673846458e+02 -9.316862640552261432e-01 1.616132216703473148e+02
1.014610398684382204e+02 -1.451412852351668503e+00 1.628493186109095063e+02
1.007257471441797492e+02 -1.966296182891079658e+00 1.640702201739556756e+02
1.000013613037571503e+02 -2.476393331528465414e+00 1.652761049400104696e+02
9.928775376614400727e+01 -2.981760711375446959e+00 1.664671494164794296e+02
9.858479746013978229e+01 -3.482454072800258871e+00 1.676435280376491335e+02
9.789236682436961701e+01 -3.978528503427757546e+00 1.688054131646871667e+02
9.721033780728450324e+01 -4.470038428139409881e+00 1.699529750856418957e+02
9.653859331118158593e+01 -4.957069681214754553e+00 1.710864391210796214e+02
9.587700541807272714e+01 -5.439632553987173935e+00 1.722058949697095329e+02
9.522543501837667179e+01 -5.917664965410454059e+00 1.733113028812302332e+02
9.458375119056690039e+01 -6.391150036372169829e+00 1.744027033374821087e+02
9.395183130913225966e+01 -6.860116736806188165e+00 1.754802182057491109e+02
9.332956070933590809e+01 -7.324637494814551175e+00 1.765440464404948102e+02
9.271682467128471217e+01 -7.784771864599751012e+00 1.775943628803421745e+02
9.211350816699906829e+01 -8.240567134853812092e+00 1.786313195395369178e+02
9.151949823304805420e+01 -8.692075281367067419e+00 1.796550760845203740e+02
9.093468324112510004e+01 -9.139347665343345639e+00 1.806657902941870759e+02
9.035895289804797414e+01 -9.582435033399946178e+00 1.816636180598845840e+02
8.979219813576800391e+01 -1.002138756819827137e+01 1.826487135409145708e+02
8.923431117397748835e+01 -1.045625485962458256e+01 1.836212290760187784e+02
8.868518586187938979e+01 -1.088708574746772584e+01 1.845813147002026540e+02
8.814471725404160907e+01 -1.131392851666048571e+01 1.855291187443728802e+02
8.761280159270015133e+01 -1.173683090542563967e+01 1.864647878603561537e+02
8.708933630775931078e+01 -1.215584010527595993e+01 1.873884670208996965e+02
8.657422001679141488e+01 -1.257100276101421876e+01 1.883002995196708298e+02
8.606735252503713696e+01 -1.298236497073317430e+01 1.892004269712572864e+02
8.556863482540518362e+01 -1.338997228581559895e+01 1.900889893111668698e+02
8.507796909847253630e+01 -1.379386971093424208e+01 1.909661247958279375e+02
8.459525871248435180e+01 -1.419410170405186022e+01 1.918319700025887471e+02
8.412040822335391965e+01 -1.459071217642120644e+01 1.926866598297182236e+02
8.365332338218736652e+01 -1.498374448912146839e+01 1.935303274857682823e+02
8.319391111944611339e+01 -1.537324146034800165e+01 1.943631045119609269e+02
8.274207945101963446e+01 -1.575924540864929924e+01 1.951851209149834858e+02
8.229773745969993115e+01 -1.614179816145421142e+01 1.959965051931762900e+02
8.186079529518144682e+01 -1.652094105507197952e+01 1.967973843365329856e+02
8.143116417406136520e+01 -1.689671493469223762e+01 1.975878838267007893e+02
8.100875637983924094e+01 -1.726916015438501262e+01 1.983681276369804038e+02
8.059356104566964518e+01 -1.763829891237645953e+01 1.991381796131564670e+02
8.018620880014991315e+01 -1.800408514580816188e+01 1.998976849123143040e+02
