2.540000000000000000e+02 7.000000000000000000e+00 0.000000000000000000e+00
2.522038861265520495e+02 7.757089337292317310e+00 8.927697625886334976e-01
2.503922089905865960e+02 8.508372099499347030e+00 1.813599051455885514e+00
2.485647935271151425e+02 9.253759227251320496e+00 2.762840445380696064e+00
2.467214626526874213e+02 9.993160587161678876e+00 3.740850661671790700e+00
2.448619081134649207e+02 1.072651834936193715e+01 4.748048344524508302e+00
2.429814128326354989e+02 1.145490266720264216e+01 5.786847126596836866e+00
2.410779914006138256e+02 1.217865775843727327e+01 6.858477382742041328e+00
2.391513385645231153e+02 1.289771834938684236e+01 7.963394950890146262e+00
2.372012799860214045e+02 1.361229403738768262e+01 9.101670085014619715e+00
2.352252236564225711e+02 1.431768569198617058e+01 1.028035854618460121e+01
2.332210199723786843e+02 1.501006937569247413e+01 1.150526862344074708e+01
2.311879214942590011e+02 1.568845330041518515e+01 1.277817958126120779e+01
2.291255180287511166e+02 1.635253705984563410e+01 1.409989213453582835e+01
2.270333995782028751e+02 1.700202693246783880e+01 1.547120237097148632e+01
2.249111504102889683e+02 1.763662465103610444e+01 1.689291804223986659e+01
2.227583494428561437e+02 1.825602771710134320e+01 1.836585776977494078e+01
2.205745698496954788e+02 1.885992907860182299e+01 1.989085185859799410e+01
2.183593788237678837e+02 1.944801693628816963e+01 2.146874278602546937e+01
2.161123375772040163e+02 2.001997474372336683e+01 2.310038520166896348e+01
2.138330013413042821e+02 2.057548120728275265e+01 2.478664592743526995e+01
2.115209193665368730e+02 2.111421028615264106e+01 2.652840395752950187e+01
2.091756346349588398e+02 2.163583095668353096e+01 2.832655105267569340e+01
2.067966841823779873e+02 2.214000747593224716e+01 3.018199107497225953e+01
2.043835988867178060e+02 2.262639920869607124e+01 3.209564042464531042e+01
2.019359030083701043e+02 2.309466025116809362e+01 3.406842898944736220e+01
1.994531141901950662e+02 2.354443943093721003e+01 3.610130014465725168e+01
1.969347434575210798e+02 2.397538030698808953e+01 3.819521075308029623e+01
1.943802952181449371e+02 2.438712116970122423e+01 4.035113116504812325e+01
1.917892672612058504e+02 2.477929503992089266e+01 4.257004522075754238e+01
1.891611506109318555e+02 2.515152954848509381e+01 4.485295055322669100e+01
1.864954292822120578e+02 2.550344673628646675e+01 4.720085909293355542e+01
1.837915802533956651e+02 2.583466303228302152e+01 4.961479712365353834e+01
1.810490734025053996e+02 2.614478920095580960e+01 5.209580541459776981e+01
1.782673713823848232e+02 2.643343023994165719e+01 5.464493947846258237e+01
1.754459295419894715e+02 2.670018531547938068e+01 5.726326973413591048e+01
1.725841958312367126e+02 2.694464768435722846e+01 5.995188170340785661e+01
1.696835206594228680e+02 2.716591431953176183e+01 6.271048813975337310e+01
1.667827009249650416e+02 2.734295943615445523e+01 6.551707974372072840e+01
1.638996820426343675e+02 2.746034629573685137e+01 6.836360971201104064e+01
1.610350768154198136e+02 2.751819099966275672e+01 7.124924136678676234e+01
1.581891505499104369e+02 2.751592949908445362e+01 7.417243232865132541e+01
1.553616541652774288e+02 2.745120918996171966e+01 7.712895455994841143e+01
1.525630894219569598e+02 2.732663998882336642e+01 8.010630005406375176e+01
1.498077097893877294e+02 2.714643788911626743e+01 8.308793449113726126e+01
1.470973543761435849e+02 2.691177463810246806e+01 8.607116360405085231e+01
1.444315309599153920e+02 2.662324081168485890e+01 8.905590158101242082e+01
1.418107041678311191e+02 2.628210932239703013e+01 9.204037549941691054e+01
1.392533613834256130e+02 2.588895312679229832e+01 9.500449227037972832e+01
1.368281051997220459e+02 2.543861900315539515e+01 9.788185066068496099e+01
1.345408664165035191e+02 2.493280123479249255e+01 1.006648389564805512e+02
1.323889777608989107e+02 2.437404371572121775e+01 1.033539857889963116e+02
1.303697257725085308e+02 2.376485313872868943e+01 1.059499004327279863e+02
1.284803581693052195e+02 2.310769738490631298e+01 1.084532665916290455e+02
1.267176587949127793e+02 2.240545223485255732e+01 1.108648256492231070e+02
1.250585925223620904e+02 2.168722884077545743e+01 1.131891203169542024e+02
1.234861251911919169e+02 2.097595004391429896e+01 1.154329248857605563e+02
1.219886566373257182e+02 2.027651991525524267e+01 1.176011186875196159e+02
1.205465629274127508e+02 1.959824918064692767e+01 1.196999652915235259e+02
1.191574723643756784e+02 1.894179862681932391e+01 1.217295877653891267e+02
1.178196119367850940e+02 1.830644190567049989e+01 1.236922745909276813e+02
1.165311867674136153e+02 1.769144820498527082e+01 1.255903706815170580e+02
1.152906353160117021e+02 1.709616088661942612e+01 1.274259149352758413e+02
1.140966859164184513e+02 1.652001381506664046e+01 1.292005583128846524e+02
1.129480908839857278e+02 1.596245302108509989e+01 1.309159209952794640e+02
1.118436240593279791e+02 1.542293598114439135e+01 1.325735956841078007e+02
1.107819962852029647e+02 1.490090702436120296e+01 1.341752612390982051e+02
1.097616857102785275e+02 1.439574890987089084e+01 1.357229111695019412e+02
1.087812568173776810e+02 1.390687576915114043e+01 1.372184248103692710e+02
1.078393256750783706e+02 1.343372229404502072e+01 1.386636138166139744e+02
1.069345554752345322e+02 1.297574242487289631e+01 1.400602281580969475e+02
1.060656560577001244e+02 1.253240915629613283e+01 1.414099567417694630e+02
1.052313843167459027e+02 1.210321470332609195e+01 1.427144268796676840e+02
1.044305408281036733e+02 1.168766912357048149e+01 1.439752087041640891e+02
1.036619657193626551e+02 1.128529863041014814e+01 1.451938205736835528e+02
1.029245385912025768e+02 1.089564556082515345e+01 1.463717291758102874e+02
1.022171781266814463e+02 1.051826821580001869e+01 1.475103500387377267e+02
1.015388424193898089e+02 1.015274099436595101e+01 1.486110471017051111e+02
1.008885263003698469e+02 9.798653301724057130e+00 1.496751362141075674e+02
1.002652577134078342e+02 9.455608068658472476e+00 1.507038898802921381e+02
9.966809763306555681e+01 9.123221718054455920e+00 1.516985373668562715e+02
9.909613977085244585e+01 8.801124044878358532e+00 1.526602650872713411e+02
9.854851078096019990e+01 8.488958300213871766e+00 1.535902163325797005e+02
9.802436832491491714e+01 8.186380400729204254e+00 1.544894938047860364e+02
9.752289778601020487e+01 7.893057586618408727e+00 1.553591639177217871e+02
9.704331216248047554e+01 7.608668377965870810e+00 1.562002569368809475e+02
9.658485186173085424e+01 7.332902490695230036e+00 1.570137672487773841e+02
9.614678477639637322e+01 7.065460867637065157e+00 1.578006532613812283e+02
9.572840503199270756e+01 6.806055166981171745e+00 1.585618390434639480e+02
9.532902997677928170e+01 6.554406532722895307e+00 1.592982182649151355e+02
9.494800003224840168e+01 6.310245533592448552e+00 1.600106543924540006e+02
9.458467855970503990e+01 6.073312108556492284e+00 1.606999808642783591e+02
9.423845182257538511e+01 5.843355551422562577e+00 1.613670011394048061e+02
9.390872829435593871e+01 5.620134228156098644e+00 1.620124896035722202e+02
9.359493592687802277e+01 5.403414461046186723e+00 1.626371951451275208e+02
9.329652194446660474e+01 5.192970444625402138e+00 1.632418414244746998e+02
9.301295288377905024e+01 4.988584261942813569e+00 1.638271268219254466e+02
9.274371455649573193e+01 4.790045869324085714e+00 1.643937244865368541e+02
9.248831036134399142e+01 4.597152406882415221e+00 1.649422845457010283e+02
9.224626086425820404e+01 4.409708027026322696e+00 1.654734346547182327e+02
9.201710329481529982e+01 4.227523688767943710e+00 1.659877806559744613e+02
9.179919589787320433e+01 4.050041458381486770e+00 1.664869197805465433e+02
9.158599838078706057e+01 3.875175667017549230e+00 1.669765438102760413e+02
9.137682772954832444e+01 3.702693527133684714e+00 1.674573200677157843e+02
9.117161242488893436e+01 3.532555069840152662e+00 1.679293943907964604e+02
9.097029022293303058e+01 3.364723570543223907e+00 1.683929031502965472e+02
9.077279979809007671e+01 3.199162846451442110e+00 1.688479807050350132e+02
9.057908073954929762e+01 3.035837254507383065e+00 1.692947594095517161e+02
9.038907355127987842e+01 2.874711691387652035e+00 1.697333696141074029e+02
9.020271965203072284e+01 2.715751593502885530e+00 1.701639396646837668e+02
9.001996137533072329e+01 2.558922936997749975e+00 1.705865959029834471e+02
8.984074196948844815e+01 2.404192237750943040e+00 1.710014626664298589e+02
8.966500559047806007e+01 2.251526547177711723e+00 1.714086623037556478e+02
8.949269724390397585e+01 2.100893417987831580e+00 1.718083153021550231e+02
8.932376294437047193e+01 1.952260998216596377e+00 1.722005399381090456e+02
8.915814954457995611e+01 1.805597930389887029e+00 1.725854526518283194e+02
8.899580468373808628e+01 1.660873321082543930e+00 1.729631681602976414e+02
8.883667678755386987e+01 1.518056740918366510e+00 1.733337994572758589e+02
8.868071506823956440e+01 1.377118224570112792e+00 1.736974578132958982e+02
8.852786952451077696e+01 1.238028270759499172e+00 1.740542527756646791e+02
8.837809094158635048e+01 1.100757842257201746e+00 1.744042921684633143e+02
8.823133089118843486e+01 9.652783658828549829e-01 1.747476820925468246e+02
8.808759972061983490e+01 8.315467239186814519e-01 1.750845010275115499e+02
8.794646164555886969e+01 6.996358725774880494e-01 1.754150254551436774e+02
