2.540000000000000000e+02 7.000000000000000000e+00 0.000000000000000000e+00
2.527609483689583385e+02 7.476485013615078223e+00 9.251833474231916377e-01
2.515108972449894225e+02 7.954501570134551613e+00 1.858663998589766164e+00
2.502497813094912260e+02 8.434055384956620216e+00 2.800490637680017603e+00
2.489775349038790466e+02 8.915152196059469958e+00 3.750712201025671710e+00
2.476940920281757315e+02 9.397797764080454641e+00 4.709377878156295161e+00
2.463990835098095147e+02 9.882043838150833537e+00 5.676767380162339727e+00
2.450821135221502800e+02 1.036946271808414899e+01 6.660784211366690855e+00
2.437359984665386037e+02 1.086048349996819518e+01 7.666741713355702537e+00
2.423497861945074590e+02 1.135246792649821757e+01 8.702326517300274844e+00
2.409175325011714222e+02 1.184394782572635307e+01 9.771591417056264106e+00
2.394377987012570372e+02 1.233466490123073100e+01 1.087551329415457069e+01
2.379088469890118063e+02 1.282423520084661916e+01 1.201527285475003026e+01
2.363293292407920205e+02 1.331245966065872643e+01 1.319182505479480483e+01
2.346982619985014367e+02 1.379930902765049261e+01 1.440590907978156743e+01
2.330145980106618993e+02 1.428471491698213036e+01 1.565828221370444595e+01
2.312772576671520426e+02 1.476860008975857497e+01 1.694972152451940417e+01
2.294851492693492219e+02 1.525088999623660513e+01 1.828101453460162062e+01
2.276371607355633557e+02 1.573150850719899729e+01 1.965296343983816030e+01
2.257322564512593601e+02 1.621054641330767154e+01 2.106626283016695922e+01
2.237713823549257768e+02 1.669159589931394549e+01 2.251908983605197889e+01
2.217559035044744178e+02 1.717694870487403591e+01 2.400979046567383790e+01
2.196917381193314895e+02 1.766749914941035371e+01 2.553534035443495043e+01
2.175792731564476412e+02 1.816366532123441502e+01 2.709572767776143110e+01
2.154175883686543500e+02 1.866555286570147487e+01 2.869157835822820957e+01
2.132093369537442982e+02 1.916897000977585463e+01 3.032909532369465566e+01
2.109568847915343497e+02 1.966983344740330608e+01 3.201400956040331636e+01
2.086594824730537425e+02 2.016790235481006022e+01 3.374745391473408773e+01
2.063162191685867697e+02 2.066310717896342197e+01 3.553042730548335726e+01
2.039261655920292924e+02 2.115537694567444404e+01 3.736394890703547134e+01
2.014883403164903370e+02 2.164457338143863652e+01 3.924918908439940424e+01
1.990006181285926630e+02 2.212848403747827319e+01 4.119152456860769718e+01
1.964627052222733141e+02 2.260608903364887823e+01 4.319273928002060359e+01
1.938815819216670491e+02 2.307451211200575969e+01 4.525047423257677082e+01
1.912577263026824141e+02 2.353304307579812260e+01 4.736599511792194050e+01
1.885904090283484607e+02 2.398145734813359553e+01 4.954039788663069288e+01
1.858787838069114287e+02 2.441959259468069021e+01 5.177471781835840403e+01
1.831258522785589378e+02 2.484665862817771753e+01 5.406926991173579466e+01
1.803391936078924402e+02 2.526431499859447172e+01 5.641607319854826130e+01
1.775208423874387620e+02 2.567125420003842606e+01 5.881462949590455480e+01
1.746758431088633472e+02 2.606289050163077192e+01 6.126473247582492121e+01
1.718244970248937591e+02 2.641650799323815590e+01 6.376358042677632909e+01
1.689826525646152504e+02 2.671944036215438700e+01 6.630116917591408310e+01
1.661554062969150323e+02 2.697301777671362899e+01 6.887108816166359304e+01
1.633741545831286146e+02 2.715100375980873437e+01 7.146570599786598166e+01
1.606487663212637358e+02 2.724692259098962310e+01 7.408068873718768543e+01
1.579772551358386750e+02 2.726416334690391352e+01 7.671499170428275249e+01
1.553578210121822849e+02 2.721181160239498453e+01 7.936194629980168713e+01
1.527902604444898600e+02 2.709751427907248456e+01 8.201350810183824080e+01
1.502737924185049678e+02 2.692431325742967374e+01 8.466731216884672051e+01
1.478069214454075961e+02 2.669477553146141346e+01 8.732277324921471973e+01
1.453880039876249839e+02 2.641155296446103407e+01 8.997930436113988151e+01
1.430373255997978106e+02 2.607322992938823703e+01 9.261794746027445058e+01
1.408108537547159074e+02 2.566388587608918215e+01 9.519678843360939879e+01
1.387055627675299831e+02 2.518641468838849917e+01 9.771621490976528435e+01
1.367156795555928852e+02 2.464453291175908234e+01 1.001786370073856887e+02
1.348351798639573929e+02 2.404241767081075665e+01 1.025866232359686308e+02
1.330497278293518093e+02 2.339467065834532988e+01 1.049471070884451791e+02
1.313523677167148662e+02 2.270719528326695524e+01 1.072633283132158795e+02
1.297417432704445730e+02 2.198192002588233862e+01 1.095340777873122136e+02
1.282220693319734721e+02 2.122651097681250221e+01 1.117430532656313744e+02
1.267945919995883770e+02 2.046700489745090579e+01 1.138766461364306650e+02
1.254568387867619492e+02 1.971736539391704213e+01 1.159319105162374797e+02
1.242038419152111146e+02 1.897745003631873573e+01 1.179128575215503929e+02
1.230294327007321442e+02 1.824901028709197348e+01 1.198227987899826132e+02
1.219288017276737150e+02 1.753412487623781146e+01 1.216641045547622753e+02
1.208975397550447042e+02 1.683642281045138844e+01 1.234379283911598009e+02
1.199320810335051419e+02 1.615501396630782693e+01 1.251477521855729549e+02
1.190252956529919146e+02 1.548917111009710901e+01 1.267973608194214137e+02
1.181531295575042009e+02 1.483891297745383575e+01 1.283925067119062930e+02
1.173063188720427519e+02 1.420608078313452438e+01 1.299394761579354736e+02
1.164811869554527846e+02 1.359184401737550019e+01 1.314423123055103133e+02
1.156737220684055529e+02 1.299827451830913461e+01 1.329040424337033528e+02
1.148786509431635210e+02 1.242988620433514413e+01 1.343266613625938817e+02
1.140951145695525923e+02 1.188680534129338362e+01 1.357110765120180815e+02
1.133229007474969023e+02 1.136853261796893655e+01 1.370580060241884439e+02
1.125620597399423701e+02 1.087476859350860892e+01 1.383673679742164495e+02
1.118125417074991219e+02 1.040514322016861826e+01 1.396393763114266449e+02
1.110741524245019036e+02 9.959101989450376280e+00 1.408747275420511755e+02
1.103466255906806595e+02 9.536199452045492464e+00 1.420742300007637198e+02
1.096294069266039202e+02 9.136391514698720684e+00 1.432391528671918763e+02
1.089220369472910903e+02 8.759537564682066346e+00 1.443705952607522818e+02
1.082241732858179688e+02 8.405371199483610667e+00 1.454694495847289488e+02
1.075356120441514207e+02 8.073527314074190997e+00 1.465363805161034065e+02
1.068557270002953317e+02 7.763267377540297609e+00 1.475725364137463202e+02
1.061833761150229662e+02 7.473502023796204874e+00 1.485796590362621146e+02
1.055181032836023434e+02 7.203557516340549860e+00 1.495587186496145193e+02
1.048597058909816582e+02 6.951289354151165334e+00 1.505120757173706636e+02
1.042077892719335352e+02 6.715399197219167782e+00 1.514424315553295060e+02
1.035636819325554541e+02 6.493497708293415549e+00 1.523507140098324726e+02
1.029308465402775710e+02 6.276605909524888283e+00 1.532388366828002404e+02
1.023079161101850616e+02 6.062109875138837367e+00 1.541109030732468170e+02
1.016940663853205251e+02 5.849768316797741008e+00 1.549684300751750925e+02
1.010889699198781528e+02 5.639448824217785372e+00 1.558120890932774500e+02
1.004924835219399029e+02 5.431153478013982294e+00 1.566420384250186828e+02
9.990417705492738776e+01 5.224995458497555312e+00 1.574585750772910160e+02
9.932372874433265508e+01 5.020373576918318648e+00 1.582634535177458872e+02
9.875091030998858344e+01 4.816735418539299651e+00 1.590581942345438620e+02
9.818562018391145330e+01 4.614048800179729071e+00 1.598429799424323221e+02
9.762776325833743840e+01 4.412303818636077679e+00 1.606179349589556580e+02
9.707724562378065514e+01 4.211490693419188247e+00 1.613831820367791750e+02
9.653397454446847803e+01 4.011599764241859489e+00 1.621388423957675116e+02
9.599785845223722447e+01 3.812621490394572543e+00 1.628850357309565027e+02
9.546881021525071276e+01 3.614524224298164334e+00 1.636218626934214342e+02
9.494662678436478132e+01 3.418068593794676424e+00 1.643500476889395259e+02
9.443111426799301000e+01 3.223972844877128985e+00 1.650702803193015598e+02
9.392219276002796846e+01 3.032195547140067227e+00 1.657826492917616008e+02
9.341978159291657846e+01 2.842707879215560673e+00 1.664872516972126562e+02
9.292380125403268210e+01 2.655481432326777913e+00 1.671841832365775815e+02
9.243417315086227859e+01 2.470488126401583884e+00 1.678735385034112539e+02
9.195081960864145287e+01 2.287700209228719750e+00 1.685554109867438513e+02
9.147366387035640400e+01 2.107090256457807786e+00 1.692298930710803404e+02
9.100263009674340253e+01 1.928631171599348049e+00 1.698970760364008754e+02
9.053764336628874787e+01 1.752296186024719260e+00 1.705570500581606268e+02
9.007862967522891040e+01 1.578058858966178812e+00 1.712099042072898101e+02
8.962551593755037516e+01 1.405893077516864542e+00 1.718557264501937425e+02
8.917822998512379229e+01 1.235773056678559634e+00 1.724946036485918626e+02
8.873670058055219556e+01 1.067673343952090681e+00 1.731266215440530232e+02
8.830085737136741386e+01 9.015688029736786957e-01 1.737518648131232055e+02
8.787063083877878000e+01 7.374345952060195053e-01 1.743704171290056024e+02
8.744595230017098686e+01 5.752461808305708857e-01 1.749823611585548235e+02
8.702675390910408737e+01 4.149793187475542267e-01 1.755877785622769522e+02
8.661296865533013545e+01 2.566100665818094595e-01 1.761867499943101052e+02
8.620453036249577394e+01 1.001147798623035212e-01 1.767793551051870509e+02
