2.540000000000000000e+02 7.000000000000000000e+00 0.000000000000000000e+00
2.527935531295300962e+02 7.496333548897909260e+00 8.954244662874443206e-01
2.515759208623051961e+02 7.994373964722613302e+00 1.799421261153201224e+00
2.503470559498516934e+02 8.494068105568141291e+00 2.712005688925800406e+00
2.491068890094418293e+02 8.995420819086628939e+00 3.633229800012120592e+00
2.478553330356618858e+02 9.498439389831203172e+00 4.563153594921445233e+00
2.465915840445409515e+02 1.000322746792260631e+01 5.502336819426775882e+00
2.453041309388910634e+02 1.051157039147247652e+01 6.459551961687810540e+00
2.439879260789823832e+02 1.102424460375572934e+01 7.438648897691088280e+00
2.426386261630348429e+02 1.154078106091156108e+01 8.442810080217196145e+00
2.412437278686786328e+02 1.205759127512605922e+01 9.480824089119909814e+00
2.398000323969129397e+02 1.257378015148630546e+01 1.055478699721822977e+01
2.383060569193693823e+02 1.308913460466212442e+01 1.166578443019909450e+01
2.367599357810425147e+02 1.360325551856364790e+01 1.281511546313890015e+01
2.351603718333424808e+02 1.411598313552710238e+01 1.400370201972757123e+01
2.335062688404949824e+02 1.462726229660216326e+01 1.523235006345985809e+01
2.317964518437873096e+02 1.513700935676365589e+01 1.650191523581682063e+01
2.300297308209370897e+02 1.564514270806803076e+01 1.781326524046389537e+01
2.282048923791321897e+02 1.615157892602556089e+01 1.916728479416476816e+01
2.263206992205452366e+02 1.665623272684590361e+01 2.056487601571629753e+01
2.243758896340076774e+02 1.715901692677869050e+01 2.200695879584615966e+01
2.223691616951486481e+02 1.765983683506235735e+01 2.349447992644100225e+01
2.203026385421333941e+02 1.816094460003653310e+01 2.502526302859504170e+01
2.181842078819207984e+02 1.866731509518389842e+01 2.659333369129468494e+01
2.160148017231580297e+02 1.917986434438184062e+01 2.819798923801646851e+01
2.137973317997270044e+02 1.969441191215933884e+01 2.984450621025516526e+01
2.115341598995635195e+02 2.020648111015383819e+01 3.154014052513797850e+01
2.092243887037400043e+02 2.071588303536345066e+01 3.328614753824039951e+01
2.068670449424436697e+02 2.122254824741358448e+01 3.508359625672542847e+01
2.044611347021212850e+02 2.172640618509130306e+01 3.693357759039569999e+01
2.020056351757588118e+02 2.222737035532516714e+01 3.883723477714925565e+01
1.994993227442161015e+02 2.272511052867665171e+01 4.079629595730473568e+01
1.969417104780033299e+02 2.321672124350359923e+01 4.281448156144306694e+01
1.943361614095225320e+02 2.370059532701491634e+01 4.488866346136759233e+01
1.916849162674588172e+02 2.417510605100220289e+01 4.702184610987344371e+01
1.889883809452310857e+02 2.463943313304685034e+01 4.921625752871492665e+01
1.862461268808208104e+02 2.509349280312010322e+01 5.147253371653446408e+01
1.834651736711137460e+02 2.553907409747349888e+01 5.378254177090241228e+01
1.806489263857304479e+02 2.597600851288254731e+01 5.614478610363255484e+01
1.777976274023436360e+02 2.640359246623359013e+01 5.856098593691174159e+01
1.749135031502294737e+02 2.681970617083626962e+01 6.103150111697361524e+01
1.720052600031631869e+02 2.722016951624978631e+01 6.355110800142972494e+01
1.690879773152028349e+02 2.759819154308195266e+01 6.611086889604781902e+01
1.661808216010888088e+02 2.792934256011409744e+01 6.870760920133366767e+01
1.633270786132667354e+02 2.817449038195816868e+01 7.133114670093389975e+01
1.605328678253162593e+02 2.833113166745306089e+01 7.397726572755382790e+01
1.577960111460379835e+02 2.840374496670597892e+01 7.664422016303053908e+01
1.551145037391405310e+02 2.840252896867952614e+01 7.932423468379386122e+01
1.524879032232498446e+02 2.833470463880005497e+01 8.200994381284908741e+01
1.499154426220015637e+02 2.820328098582380960e+01 8.469890856829171355e+01
1.473959771050471659e+02 2.800969894642481250e+01 8.739097073853902486e+01
1.449275597999518368e+02 2.775750755275530324e+01 9.008520432361507346e+01
1.425444618605604319e+02 2.744097851649492981e+01 9.275237159403017984e+01
1.402936482167447423e+02 2.704743070945637129e+01 9.535644252728152992e+01
1.381690908057910008e+02 2.658099312721100560e+01 9.789973280207036055e+01
1.361646059136210738e+02 2.604574697969733776e+01 1.003847611040950198e+02
1.342705719275582794e+02 2.545027125771165188e+01 1.028157974788701381e+02
1.324726526112005445e+02 2.480940947279625775e+01 1.051995742176416115e+02
1.307660352954234781e+02 2.412636806261104994e+01 1.075381634028278910e+02
1.291527586385879545e+02 2.340629837266200397e+01 1.098211094524709210e+02
1.276368949679122693e+02 2.265825479976626511e+01 1.120328007171166433e+02
1.262183493346084902e+02 2.191055297616465580e+01 1.141624430237121572e+02
1.248932029505283907e+02 2.117281962184194555e+01 1.162098907126999023e+02
1.236555595498241900e+02 2.044551730859446081e+01 1.181793853444966231e+02
1.224988995025361902e+02 1.973270682900649575e+01 1.200729775933260441e+02
1.214184515471625190e+02 1.903805287190181161e+01 1.218919716667030855e+02
1.204100755503692568e+02 1.836081497391241868e+01 1.236402683170523602e+02
1.194687820547146089e+02 1.770006981476461050e+01 1.253218662879239673e+02
1.185705074990772658e+02 1.705566514877996553e+01 1.269428914259708421e+02
1.177010106210175735e+02 1.642956957234908799e+01 1.285098631157102318e+02
1.168549561726618009e+02 1.582438037379477080e+01 1.300272128501696329e+02
1.160253856309088576e+02 1.524528076705841073e+01 1.314984925652443337e+02
1.152092462056156421e+02 1.469446863119243929e+01 1.329252791044609410e+02
1.144062609914246451e+02 1.417129127375230446e+01 1.343085544210790374e+02
1.136161311888450314e+02 1.367514010149551318e+01 1.356492838477763030e+02
1.128385646361896164e+02 1.320542004695718852e+01 1.369484112645908169e+02
1.120732757060062568e+02 1.276154935740838070e+01 1.382068594336456613e+02
1.113199852083261163e+02 1.234295939770749762e+01 1.394255303118342226e+02
1.105783565374794790e+02 1.194917825620745866e+01 1.406054079732923583e+02
1.098476784416174752e+02 1.158026181950489963e+01 1.417480609131469009e+02
1.091274245121522597e+02 1.123606327021026807e+01 1.428547380755830432e+02
1.084174064895206016e+02 1.091601858702559369e+01 1.439261297175792151e+02
1.077173936796982900e+02 1.061963334728865682e+01 1.449629882853411402e+02
1.070271490729743533e+02 1.034640402706595097e+01 1.459660855125605963e+02
1.063454410357566076e+02 1.009460590237602062e+01 1.469392156544606962e+02
1.056711128699189146e+02 9.862365066249472179e+00 1.478861970957716778e+02
1.050079010910673105e+02 9.642364582367560999e+00 1.488073617116453704e+02
1.043592410681118992e+02 9.427151107847787870e+00 1.497034706415145990e+02
1.037245999764477489e+02 9.216556650007165175e+00 1.505753122921693716e+02
1.031019654513521573e+02 9.009761453526625274e+00 1.514263993147249323e+02
1.024888985815118190e+02 8.805771536417177359e+00 1.522611263894530964e+02
1.018846957904354440e+02 8.604271932442891568e+00 1.530808425652105882e+02
1.012891021510894376e+02 8.404647544579049168e+00 1.538872372179417880e+02
1.007017902835101495e+02 8.206068306569639148e+00 1.546825913475969116e+02
1.001226641155731159e+02 8.008588813247813576e+00 1.554668814404446664e+02
9.955160942508727828e+01 7.812187516211814398e+00 1.562402804750371672e+02
9.898851590935750266e+01 7.616852017971473821e+00 1.570029359370167299e+02
9.843327476959640876e+01 7.422570087674311701e+00 1.577549933025680957e+02
9.788576415819036924e+01 7.229429401228870233e+00 1.584966744768325668e+02
9.734574338004171068e+01 7.038350891241838880e+00 1.592288537817317149e+02
9.681303054763148452e+01 6.849875360897419441e+00 1.599521037978425682e+02
9.628751778319389132e+01 6.664050052900523546e+00 1.606666068644579184e+02
9.576911768587801532e+01 6.480791371417374158e+00 1.613724405189393565e+02
9.525773541163304969e+01 6.300074972018468777e+00 1.620697270392318501e+02
9.475327880770912259e+01 6.121867069701841579e+00 1.627585794262132879e+02
9.425565672671238815e+01 5.946134248029833813e+00 1.634391094479966284e+02
9.376477951510025832e+01 5.772843638211787365e+00 1.641114270409355527e+02
9.328055880039697456e+01 5.601962841097111401e+00 1.647756405705417819e+02
9.280290729600449140e+01 5.433459855618806067e+00 1.654318570708252594e+02
9.233173880120246224e+01 5.267303078793452720e+00 1.660801822442943774e+02
9.186696820114823936e+01 5.103461305721217478e+00 1.667207204619556933e+02
9.140851146687694495e+01 4.941903729585849447e+00 1.673535747633141852e+02
9.095628565530138587e+01 4.782599941654684272e+00 1.679788468563731385e+02
9.051020890921212469e+01 4.625519931278642360e+00 1.685966371176340601e+02
9.007020045727733759e+01 4.470634085892225329e+00 1.692070445920969064e+02
8.963618061404302750e+01 4.317913191013523999e+00 1.698101669932598554e+02
8.920807072610105593e+01 4.167328410509545833e+00 1.704061007691281304e+02
8.878579318249342123e+01 4.018851290409942933e+00 1.709949410894556081e+02
8.836927161452825885e+01 3.872453832160406062e+00 1.715767816007316924e+02
8.795843060374991751e+01 3.728108385563819294e+00 1.721517147842672841e+02
8.755319566409767162e+01 3.585787642239721240e+00 1.727198319780722215e+02
8.715349324190562186e+01 3.445464635624305938e+00 1.732812233768548822e+02
8.675925071590283721e+01 3.307112740970425069e+00 1.738359780320225241e+02
8.637039639721334083e+01 3.170705675347585739e+00 1.743841838516811720e+02
