2.540000000000000000e+02 7.000000000000000000e+00 0.000000000000000000e+00
2.527639453238677731e+02 7.490597512996329144e+00 9.053768379136252209e-01
2.515165090311724327e+02 7.982789094792233975e+00 1.819520198265045519e+00
2.502576187220038264e+02 8.476581278965552357e+00 2.742485697017711832e+00
2.489872015828887584e+02 8.971980629136696805e+00 3.674329267525380249e+00
2.477051843853893729e+02 9.468993739060014292e+00 4.615107161606998076e+00
2.464082892180490489e+02 9.968109300924274052e+00 5.567331955943608079e+00
2.450835225287001151e+02 1.047122172748201230e+01 6.540980227526595137e+00
2.437270955256344962e+02 1.097836011648298360e+01 7.538957178471081377e+00
2.423277997914323691e+02 1.148682040152857020e+01 8.569516208698134463e+00
2.408789795143651986e+02 1.199435937195957536e+01 9.637238542142942066e+00
2.393791454345291356e+02 1.250076629100024839e+01 1.074316021155527245e+01
2.378265054824849472e+02 1.300569871464769101e+01 1.188850811709410493e+01
2.362194349632340220e+02 1.350887863009895895e+01 1.307441921764861270e+01
2.345567360521242790e+02 1.401021834728170568e+01 1.430178343954003495e+01
2.328371836120587659e+02 1.450962839931488624e+01 1.557150982894667557e+01
2.310595275932355435e+02 1.500701729224986636e+01 1.688452590050368585e+01
2.292224923621780874e+02 1.550229144919445368e+01 1.824177813460310915e+01
2.273247762279069377e+02 1.599535517084597736e+01 1.964423232858488433e+01
2.253655993338314261e+02 1.648715734763100471e+01 2.109203723955312171e+01
2.233469987662243739e+02 1.698356485073615474e+01 2.258134094217605536e+01
2.212751386394226358e+02 1.748615622865773034e+01 2.410874517921487481e+01
2.191521153818427763e+02 1.799501146635157056e+01 2.567312999387688777e+01
2.169773710607626356e+02 1.851002172173972937e+01 2.727484482464100424e+01
2.147542847520047360e+02 1.902644748576827638e+01 2.891996413247450803e+01
2.124845758819289756e+02 1.954035321950998139e+01 3.061540835084166190e+01
2.101672601318062164e+02 2.005165519208145142e+01 3.236229389171660387e+01
2.078013234282009876e+02 2.056028241496839826e+01 3.416173772399519493e+01
2.053857287043953761e+02 2.106616458061982300e+01 3.601487715862999295e+01
2.029194167224212038e+02 2.156922986663320785e+01 3.792287383541143697e+01
2.004028424108689137e+02 2.206915489392819651e+01 3.988493103328796963e+01
1.978377382716261934e+02 2.256361123723895190e+01 4.190082213049478810e+01
1.952239179089375227e+02 2.305069060327622310e+01 4.397265691771969642e+01
1.925613503197635339e+02 2.352944860215250600e+01 4.610262212709483975e+01
1.898525008457821173e+02 2.399813088681360895e+01 4.829451330983975055e+01
1.871047788482114527e+02 2.445838251955169440e+01 5.054032301610260447e+01
1.843208506385871033e+02 2.491089246898176768e+01 5.283700783699394066e+01
1.815001617935463685e+02 2.535552874647852661e+01 5.518537519222522292e+01
1.786427336253031513e+02 2.579165824569833276e+01 5.758712675634325251e+01
1.757541109110548803e+02 2.621739396067290784e+01 6.004001385439723748e+01
1.728433920025258885e+02 2.663100597834659666e+01 6.253551053743209565e+01
1.699205290618985487e+02 2.702536693549115299e+01 6.507150952994150828e+01
1.669964653817942519e+02 2.738788095536004263e+01 6.764699453288122299e+01
1.641099739618851174e+02 2.767782040388410891e+01 7.025355054525068965e+01
1.612866642150149517e+02 2.787488313045913912e+01 7.288355862595882684e+01
1.585245620396112827e+02 2.798293319789181766e+01 7.553560696844976974e+01
1.558210688277563634e+02 2.801307129272426621e+01 7.820158336417730993e+01
1.531752594608934430e+02 2.797371591221238063e+01 8.087344469907063171e+01
1.505862438829514076e+02 2.786783152035760125e+01 8.354891570459015782e+01
1.480526851466933067e+02 2.769719142633791265e+01 8.622775331810926502e+01
1.455729225120041406e+02 2.746454861197933539e+01 8.890931073601677781e+01
1.431528434016722429e+02 2.717239766145302227e+01 9.158563386856899058e+01
1.408568740325310955e+02 2.680390139658902626e+01 9.420708628236666016e+01
1.386930109549935537e+02 2.635844473449820313e+01 9.676610787555790694e+01
1.366545985617490260e+02 2.584045151178471755e+01 9.926535216317280685e+01
1.347301884137664558e+02 2.526062630382573815e+01 1.017097998967134345e+02
1.329053306134957495e+02 2.463389278657861681e+01 1.041059869545694880e+02
1.311753500428340260e+02 2.396301619547196893e+01 1.064559606827998834e+02
1.295388371478999829e+02 2.325260989087974650e+01 1.087542619363947267e+02
1.280014027689174156e+02 2.251017976145780608e+01 1.109825184558378197e+02
1.265641084688293603e+02 2.175577790326997274e+01 1.131307321423666536e+02
1.252249794427134333e+02 2.101142801747913325e+01 1.151921101680191555e+02
1.239784211244537175e+02 2.027702916839387370e+01 1.171713968782395625e+02
1.228189468009244933e+02 1.955381257946339346e+01 1.190720851888119114e+02
1.217401083127141703e+02 1.884825829135980158e+01 1.208943361210302641e+02
1.207366161685333026e+02 1.816077168843299461e+01 1.226419993516356044e+02
1.198020533371231409e+02 1.749029965162718270e+01 1.243196519397198330e+02
1.189083553321153914e+02 1.683703450119535816e+01 1.259342511788831729e+02
1.180434147421155870e+02 1.620424606813831048e+01 1.274922562167943880e+02
1.171987727099527490e+02 1.559798206820763511e+01 1.289982371428998249e+02
1.163688650049853237e+02 1.502193217191468122e+01 1.304555481740945879e+02
1.155532412919711334e+02 1.447544366155981166e+01 1.318654065336409076e+02
1.147515568312795153e+02 1.395781958725189398e+01 1.332289360229845556e+02
1.139634751388161789e+02 1.346837968924590534e+01 1.345472335302085298e+02
1.131886675637648949e+02 1.300645954425806750e+01 1.358213704066219805e+02
1.124268255997340731e+02 1.257139410156229786e+01 1.370523732915633275e+02
1.116776443002307246e+02 1.216253757199559260e+01 1.382412513462809613e+02
1.109403356276017973e+02 1.177992154629403743e+01 1.393897495323687963e+02
1.102143323245709468e+02 1.142333199980933323e+01 1.404992409129910698e+02
1.094993605874167173e+02 1.109220372285730960e+01 1.415706186061763105e+02
1.087951567905760299e+02 1.078596297378167890e+01 1.426047453530173925e+02
1.081014080988485375e+02 1.050430014905040110e+01 1.436028922474602041e+02
1.074175862785199200e+02 1.024621199731277343e+01 1.445688875701188181e+02
1.067432096773754324e+02 1.000991852422140127e+01 1.455051097461727352e+02
1.060787689120187736e+02 9.790745103127095561e+00 1.464132495657705988e+02
1.054298436866012452e+02 9.577778585595437377e+00 1.472933872763289003e+02
1.047955492852450448e+02 9.369932852810329393e+00 1.481474391903693402e+02
1.041747680606231512e+02 9.166980280020576188e+00 1.489770781579569245e+02
1.035649028725911762e+02 8.967790737535578316e+00 1.497870835274851231e+02
1.029644783907443326e+02 8.770971855974506681e+00 1.505818120843218821e+02
1.023728085833940042e+02 8.575334824663141120e+00 1.513645803631492868e+02
1.017897921188439625e+02 8.380923811099046716e+00 1.521354037357526465e+02
1.012152898650136308e+02 8.187776406708271892e+00 1.528945245217047670e+02
1.006489818899046895e+02 7.997217300622466496e+00 1.536431606099812370e+02
1.000906879952301267e+02 7.809655643350441601e+00 1.543818080229546865e+02
9.954029537366773184e+01 7.625056493187758022e+00 1.551106123748123196e+02
9.899769366548214578e+01 7.443378105773563291e+00 1.558297118483219208e+02
9.846277424127893596e+01 7.264579391249954554e+00 1.565392424596910246e+02
9.793543025659714374e+01 7.088619934911920772e+00 1.572393379902114248e+02
9.741555625503522720e+01 6.915459847089250545e+00 1.579301304831853372e+02
9.690304816793401699e+01 6.745059763026590716e+00 1.586117502443225646e+02
9.639780331437657424e+01 6.577380842883445489e+00 1.592843258417401842e+02
9.589972040118831842e+01 6.412384771734173761e+00 1.599479841059628313e+02
9.540869952293694212e+01 6.250033759567997116e+00 1.606028501299227003e+02
9.492464216193251048e+01 6.090290541288990056e+00 1.612490472689593730e+02
9.444745118822733332e+01 5.933118376716087994e+00 1.618866971408199049e+02
9.397703085961607883e+01 5.778481050583083700e+00 1.625159196256589098e+02
9.351328672795635555e+01 5.626342837104209238e+00 1.631368329833347843e+02
9.305612575212087734e+01 5.476668542698855724e+00 1.637495537119806954e+02
9.260545641018519802e+01 5.329423548426007962e+00 1.643541964075366479e+02
9.216118837291313071e+01 5.184573686480239196e+00 1.649508741725771017e+02
9.172323249740482254e+01 5.042085237788965557e+00 1.655396986242644175e+02
9.129150082709675473e+01 4.901924932012465597e+00 1.661207798943488854e+02
9.086590659176179940e+01 4.764059947543867857e+00 1.666942266291687531e+02
9.044636420750912009e+01 4.628457911509158862e+00 1.672601459896502263e+02
9.003278927678417176e+01 4.495086899767176014e+00 1.678186436513075535e+02
8.962509858836884291e+01 4.363915436909612922e+00 1.683698238042427704e+02
8.922321011738131347e+01 4.234912496261019399e+00 1.689137891531460127e+02
8.882704296948885769e+01 4.108047478777261396e+00 1.694506409871453911e+02
8.843651739499135545e+01 3.983290218372457225e+00 1.699804791621772608e+02
8.805155498922255219e+01 3.860611057721180295e+00 1.705034018500579975e+02
8.767207838050724433e+01 3.739980730227840944e+00 1.710195059291963844e+02
8.729801121133112929e+01 3.621370352904158540e+00 1.715288870081701589e+02
8.692927813834076289e+01 3.504751426369154377e+00 1.720316394257259844e+02
