2.540000000000000000e+02 7.000000000000000000e+00 0.000000000000000000e+00
2.527725463221796076e+02 7.487577289406852188e+00 8.987553556662909449e-01
2.515335550476650610e+02 7.976753158550504708e+00 1.806401934556144395e+00
2.502829513448872092e+02 8.467534255392507703e+00 2.722997259665898451e+00
2.490206599465319357e+02 8.959927259037185010e+00 3.648599188655059944e+00
2.477466981774077794e+02 9.453925040654374001e+00 4.583194590397883239e+00
2.464543688053099686e+02 9.950518968776322026e+00 5.531918324050873359e+00
2.451321323577263627e+02 1.045114672012789292e+01 6.503598850362811490e+00
2.437677111878053893e+02 1.095271341338236049e+01 7.507279290360849622e+00
2.423544540001790040e+02 1.145341895664128273e+01 8.547658243962422020e+00
2.408900543828357570e+02 1.195276209651173005e+01 9.626370158848772007e+00
2.393726715112385932e+02 1.245035218137726929e+01 1.074474356598114433e+01
2.378006444023010033e+02 1.294585432019466076e+01 1.190395930562309168e+01
2.361727313728303557e+02 1.343916192363155027e+01 1.310493964191013028e+01
2.344876827769978433e+02 1.393017528796371884e+01 1.434861486862020641e+01
2.327442218387078867e+02 1.441879011773786168e+01 1.563593639227218723e+01
2.309410546837101492e+02 1.490491752362295230e+01 1.696786115413969043e+01
2.290768869821332316e+02 1.538851866711832095e+01 1.834532522442064817e+01
2.271503600366405635e+02 1.586962645849995823e+01 1.976926798568140953e+01
2.251639685607565298e+02 1.635304883727421910e+01 2.123614349630043208e+01
2.231260647557461709e+02 1.684229566225532082e+01 2.274005107795850478e+01
2.210368823863821603e+02 1.733779599159650431e+01 2.428109567342108122e+01
2.188964582533891985e+02 1.783922903236761570e+01 2.585915563742321766e+01
2.167083547168160180e+02 1.834157657402719721e+01 2.748111859436278337e+01
2.144738017018587186e+02 1.884141795373682982e+01 2.915335230071389461e+01
2.121918055749926850e+02 1.933866822299339105e+01 3.087698891067639551e+01
2.098613398885028971e+02 1.983325856033216894e+01 3.265315642997043000e+01
2.074813558926085193e+02 2.032511863793000728e+01 3.448300738678053534e+01
2.050507205778243360e+02 2.081419195239766395e+01 3.636779110215054800e+01
2.025714270195092865e+02 2.129960480415727275e+01 3.830509527141344250e+01
2.000437473331632816e+02 2.178105898685457831e+01 4.029440583474320192e+01
1.974673147414810046e+02 2.225602025584929322e+01 4.233891974292478011e+01
1.948416095761757560e+02 2.272296683634728609e+01 4.444084860774427170e+01
1.921698343718623789e+02 2.318058652821040866e+01 4.660266454446669115e+01
1.894616178748725019e+02 2.363028803939657863e+01 4.881580755387729198e+01
1.867177049010614098e+02 2.407227785787457464e+01 5.107949749991016120e+01
1.839375430135802389e+02 2.450643104321511601e+01 5.339452714210348461e+01
1.811205634405031901e+02 2.493265506413543875e+01 5.576168437908923181e+01
1.782725089986499825e+02 2.535061612806712716e+01 5.817435359197892808e+01
1.754017750377205402e+02 2.575781984189465845e+01 6.062653110039498472e+01
1.725179114966904024e+02 2.614656140328452238e+01 6.311806114739587059e+01
1.696361976241586547e+02 2.649885231061729840e+01 6.564675642619793905e+01
1.667670415965768598e+02 2.680191450386745800e+01 6.821010312503048567e+01
1.639372461700353369e+02 2.703281268823157291e+01 7.080223166483786201e+01
1.611715049789283398e+02 2.717082915371330643e+01 7.341737382087598007e+01
1.584670406945064656e+02 2.722547541868689081e+01 7.604947362102493003e+01
1.558223153330418711e+02 2.720795159560535126e+01 7.868820416575012189e+01
1.532362236183960249e+02 2.712213902693594747e+01 8.133057330721416633e+01
1.507068696523806182e+02 2.697111965140704015e+01 8.397588877297775412e+01
1.482325710761756739e+02 2.675752229694633755e+01 8.662358701410310857e+01
1.458111060934959369e+02 2.648447027995247183e+01 8.927308441758609092e+01
1.434362632290913382e+02 2.616056934928177213e+01 9.192294985793115814e+01
1.411542151239699479e+02 2.577116093920163920e+01 9.454005090684361789e+01
1.390054335423321277e+02 2.530394552704627387e+01 9.709480315896877300e+01
1.369827564960303050e+02 2.476384959511040051e+01 9.959005423148707337e+01
1.350700224999904719e+02 2.416763168709266552e+01 1.020328473703934407e+02
1.332571157330844187e+02 2.352484039505861801e+01 1.044275671881497942e+02
1.315397633891344071e+02 2.283780139326534808e+01 1.067759328423756102e+02
1.299138975642500213e+02 2.210881413026054432e+01 1.090794427238089384e+02
1.283779784571758000e+02 2.134617924222720475e+01 1.113267117319484214e+02
1.269361557430869283e+02 2.055888024060439534e+01 1.135045117982384255e+02
1.255927869132774504e+02 1.977796394124154844e+01 1.155964987142606617e+02
1.243431405040636548e+02 1.900852863323821396e+01 1.176046404790961191e+02
1.231818087045700452e+02 1.825013759210554554e+01 1.195335968569531389e+02
1.221042876672720610e+02 1.750690217219637645e+01 1.213840949040349528e+02
1.211058766507311617e+02 1.677931886490124569e+01 1.231596131036297095e+02
1.201763421886589072e+02 1.606703084432476203e+01 1.248651144346176523e+02
1.192860651478659122e+02 1.537324341717585341e+01 1.265070108653920045e+02
1.184216017658090294e+02 1.470311768935837549e+01 1.280934698913516456e+02
1.175750234144152415e+02 1.406277569655997084e+01 1.296283518751110932e+02
1.167425125428143531e+02 1.345374967312582370e+01 1.311150383157129795e+02
1.159232749990011655e+02 1.287581603657603146e+01 1.325546205367780601e+02
1.151173536933455068e+02 1.232880408486563084e+01 1.339466895718626347e+02
1.143245135814595699e+02 1.181212638795073389e+01 1.352919916081970655e+02
1.135444688693324906e+02 1.132501959792140767e+01 1.365915891687307635e+02
1.127769109756571311e+02 1.086678042674040334e+01 1.378465621205627372e+02
1.120212891404364797e+02 1.043706214327642634e+01 1.390583440825583921e+02
1.112770906324470701e+02 1.003550372908660826e+01 1.402282888803802336e+02
1.105438613418700839e+02 9.661702328028995979e+00 1.413576388888959627e+02
1.098212059341023803e+02 9.315212906444600094e+00 1.424475240604076305e+02
1.091088084704766601e+02 8.995538244965226582e+00 1.434990614405866438e+02
1.084062090939603706e+02 8.702583419732627945e+00 1.445151067010637007e+02
1.077131238658573125e+02 8.434243818946988824e+00 1.454986988092441607e+02
1.070294446174927288e+02 8.188890416530359317e+00 1.464510781640013874e+02
1.063537451780698859e+02 7.964899435329691357e+00 1.473742692419216667e+02
1.056871736026345445e+02 7.757791594629637189e+00 1.482693178395704194e+02
1.050346347996574963e+02 7.556932754391238127e+00 1.491377449880220638e+02
1.043952678856666694e+02 7.361211107393383024e+00 1.499818990015528470e+02
1.037670159416735061e+02 7.169715404901207734e+00 1.508054885489647461e+02
1.031483140173083086e+02 6.981092305064490411e+00 1.516127767394543753e+02
1.025385063086157373e+02 6.793982520179990381e+00 1.524074826480370461e+02
1.019374730614437965e+02 6.608397388434933184e+00 1.531897067176652740e+02
1.013450834950751016e+02 6.424308199587082768e+00 1.539596530983074842e+02
1.007612114685291118e+02 6.241695279101207028e+00 1.547175002636176373e+02
1.001857315608608729e+02 6.060546834864576127e+00 1.554634300275342582e+02
9.961852879200303335e+01 5.880792758786927976e+00 1.561975758452573757e+02
9.905944421830321289e+01 5.702672756368246887e+00 1.569203107280860934e+02
9.850816905076129615e+01 5.527468185619223817e+00 1.576328175345031468e+02
9.796456580819157978e+01 5.355325728688840492e+00 1.583353874203560565e+02
9.742852658072220606e+01 5.186202033383946919e+00 1.590281606970223436e+02
9.689994523662490167e+01 5.020054461873745488e+00 1.597112753638168101e+02
9.637871725725673855e+01 4.856841024378502958e+00 1.603848673226108588e+02
9.586473950258569232e+01 4.696520284970229220e+00 1.610490706827123120e+02
9.535791021119052857e+01 4.539051361572679966e+00 1.617040177608655540e+02
9.485812900026088812e+01 4.384393925961354910e+00 1.623498390812513605e+02
9.436529686559721597e+01 4.232508203763502230e+00 1.629866633754869554e+02
9.387931618161083236e+01 4.083354974458115905e+00 1.636146175826260674e+02
9.340009070132386171e+01 3.936895571375932157e+00 1.642338268491589304e+02
9.292752555636930367e+01 3.793091881699437007e+00 1.648444145290121412e+02
9.246152719256666330e+01 3.651906320580757814e+00 1.654465022673169869e+02
9.200200342060159642e+01 3.513301851501536621e+00 1.660402099345149054e+02
9.154886354297573803e+01 3.377242037275218767e+00 1.666256554612850493e+02
9.110201806314020700e+01 3.243690923192138253e+00 1.672029552167509223e+02
9.066137867510015269e+01 3.112613032843229988e+00 1.677722240219967773e+02
9.022685826341466964e+01 2.983973368120028002e+00 1.683335751500676452e+02
8.979837090319684023e+01 2.857737409214670343e+00 1.688871203259693345e+02
8.937583186011369207e+01 2.733871114619895959e+00 1.694329697266684320e+02
8.895915759038626902e+01 2.612340921129045146e+00 1.699712319810925010e+02
8.854826574078951751e+01 2.493113743836058216e+00 1.705020141701295699e+02
8.814307515165323537e+01 2.376156977341076892e+00 1.710254218227263436e+02
8.774350587711441563e+01 2.261438503886668006e+00 1.715415588895561712e+02
8.734947907874614259e+01 2.148926650623788959e+00 1.720505278813274117e+02
8.696091698897578226e+01 2.038590174915067443e+00 1.725524299163512296e+02
8.657774291568439651e+01 1.930398266182623779e+00 1.730473647145608993e+02
