2.540000000000000000e+02 7.000000000000000000e+00 0.000000000000000000e+00
2.528097825282786459e+02 7.482451814310445926e+00 8.668111166134558898e-01
2.516080494206029812e+02 7.966485679060966163e+00 1.742551054000523569e+00
2.503947232608630884e+02 8.452108438198211005e+00 2.627279803915774981e+00
2.491697261617754009e+02 8.939326969769521014e+00 3.521057723172035470e+00
2.479329797627267737e+02 9.428148186065554270e+00 4.423945535308725141e+00
2.466808237723405739e+02 9.919104580353900857e+00 5.338764560996252406e+00
2.454000642700895582e+02 1.041409992631398218e+01 6.275692077782898615e+00
2.440861511902760412e+02 1.091295686026404610e+01 7.238244143457574609e+00
2.427264713647037695e+02 1.141212953130755103e+01 8.235799865114175944e+00
2.413158452817294233e+02 1.190985688484429339e+01 9.271984629340330741e+00
2.398526442031844681e+02 1.240586531568008510e+01 1.034797601838179482e+01
2.383350436373731043e+02 1.289974262977085040e+01 1.146508539534220361e+01
2.367615106274609786e+02 1.339124327789300750e+01 1.262443901052732009e+01
2.351306336093329890e+02 1.388019905529953135e+01 1.382708792684919530e+01
2.334410374285488672e+02 1.436647373966354380e+01 1.507406281740104959e+01
2.316913832494445558e+02 1.484996304290767100e+01 1.636637402409231257e+01
2.298803119494244527e+02 1.533056465992142137e+01 1.770504808853334566e+01
2.280063955847114130e+02 1.580815494577271707e+01 1.909115819505760570e+01
2.260698937689757031e+02 1.628610918915382655e+01 2.052301055962543330e+01
2.240782335712981990e+02 1.676937667044296632e+01 2.199423275031342939e+01
2.220347729649401174e+02 1.725896099156568653e+01 2.350303989034188135e+01
2.199394349429811371e+02 1.775470317292452194e+01 2.504944331735456586e+01
2.177940520121302939e+02 1.825428215938077514e+01 2.663590347404661074e+01
2.156015066635432902e+02 1.875204679050979806e+01 2.827217058195868304e+01
2.133611604674987916e+02 1.924728419959908265e+01 2.996043204596674059e+01
2.110719450577133500e+02 1.973992939893560106e+01 3.170185690447789639e+01
2.087327705356972274e+02 2.022991208335996660e+01 3.349764661086820894e+01
2.063438259835556892e+02 2.071682104504896316e+01 3.534750185583589399e+01
2.039065780788292273e+02 2.119992374369470056e+01 3.724963190142335634e+01
2.014206316291334815e+02 2.167898381753091996e+01 3.920443428762288818e+01
1.988849309234219618e+02 2.215391465051781594e+01 4.121310582897717723e+01
1.962989660478813789e+02 2.262257972571309139e+01 4.327853382014413341e+01
1.936629042918608832e+02 2.308329754563743208e+01 4.540265166208319414e+01
1.909874977114245382e+02 2.353681277381711112e+01 4.757813535540233119e+01
1.882759168466325832e+02 2.398264615995598348e+01 4.980495414122559339e+01
1.855275591278064269e+02 2.442069114365949289e+01 5.208385305106393304e+01
1.827414134103613605e+02 2.485106981462744002e+01 5.441463785700708655e+01
1.799234137481378752e+02 2.527455963140493012e+01 5.678908556282383557e+01
1.770779260218087927e+02 2.569060678330804848e+01 5.920312828258214921e+01
1.742107386571951508e+02 2.609395176322707854e+01 6.165817628263850736e+01
1.713346856587284890e+02 2.647384809087288104e+01 6.415312989821441647e+01
1.684651590954093194e+02 2.680943429707851422e+01 6.668610408574788551e+01
1.656128558562795092e+02 2.709030031166901153e+01 6.925439852033061072e+01
1.628165318663278924e+02 2.728204295517357991e+01 7.185081060074345771e+01
1.600838751347554023e+02 2.738061650409439451e+01 7.447146632902837382e+01
1.574114820098071164e+02 2.740016998623557498e+01 7.710569483713483407e+01
1.547984543200448684e+02 2.734787829879943644e+01 7.974642506651144913e+01
1.522433776383668089e+02 2.722616482993432996e+01 8.239278037224661944e+01
1.497440862174099436e+02 2.703888540286619246e+01 8.504370444197692791e+01
1.472989318160635435e+02 2.678840950113054120e+01 8.769871941742428589e+01
1.449029179188284786e+02 2.648221150513306554e+01 9.035614464265060519e+01
1.425524752667712960e+02 2.612541387479833332e+01 9.301496372226677067e+01
1.402983493620488673e+02 2.570086558337487403e+01 9.563971578113678618e+01
1.381759722893390006e+02 2.519803019198640470e+01 9.820433005045261154e+01
1.361714436753489395e+02 2.463087642492737928e+01 1.007145098799728800e+02
1.342705521783169331e+02 2.401428335554289717e+01 1.031762273484180810e+02
1.324689124793774511e+02 2.335069197151340603e+01 1.055911753749335276e+02
1.307622893115607496e+02 2.264247788265655714e+01 1.079609914313458034e+02
1.291468658092574344e+02 2.189244266342489809e+01 1.102860436658003209e+02
1.276213484463845305e+02 2.110986608917397689e+01 1.125529100151055388e+02
1.261860198544234777e+02 2.031023040972809923e+01 1.147503722127065515e+02
1.248491812191712285e+02 1.952200274741467467e+01 1.168598138698665281e+02
1.236063708163337793e+02 1.874628253716693749e+01 1.188844502046564742e+02
1.224524899301838019e+02 1.798436147877471569e+01 1.208274382926559412e+02
1.213830943454414211e+02 1.723983542513438394e+01 1.226897375993725490e+02
1.203932108649778314e+02 1.651197066650724210e+01 1.244758812092092768e+02
1.194611458694041772e+02 1.580042397180174873e+01 1.261923591055151377e+02
1.185575106635161262e+02 1.511068614958321632e+01 1.278485935655066896e+02
1.176723524018042042e+02 1.445194525009952358e+01 1.294499675444035063e+02
1.168029551074904617e+02 1.382660327659112198e+01 1.309987293236418111e+02
1.159469740356881147e+02 1.323504684949975996e+01 1.324974968089128140e+02
1.151041962840605919e+02 1.267665042986062929e+01 1.339470075023543814e+02
1.142745797180317453e+02 1.215118866777348927e+01 1.353470582040045542e+02
1.134579717184226269e+02 1.165822241684865368e+01 1.366979861776225675e+02
1.126540668279220085e+02 1.119697143810561890e+01 1.380009236126340113e+02
1.118624731641708081e+02 1.076669955116788380e+01 1.392572204037919334e+02
1.110823780261754621e+02 1.036738703578898324e+01 1.404687294652264882e+02
1.103132534871096340e+02 9.998663293139912867e+00 1.416368594780958858e+02
1.095548130031234280e+02 9.659870265762352304e+00 1.427626300732118807e+02
1.088067978917383982e+02 9.350376139759555727e+00 1.438469517429873292e+02
1.080688793208478415e+02 9.068743351074413539e+00 1.448923035930630476e+02
1.073406380359400600e+02 8.812944993551889539e+00 1.459028971298179727e+02
1.066213492539250041e+02 8.582290793689717034e+00 1.468802950544733505e+02
1.059114731525007329e+02 8.373728108546631077e+00 1.478256434279646214e+02
1.052163115122579313e+02 8.174021924736008415e+00 1.487406853317481250e+02
1.045357005674387381e+02 7.980394838621661435e+00 1.496281855532338056e+02
1.038688709296467181e+02 7.792454348841042489e+00 1.504896890693725027e+02
1.032137673408619776e+02 7.609259519196378108e+00 1.513289725449832588e+02
1.025684841845051096e+02 7.429534455107522639e+00 1.521503103071112264e+02
1.019324455278996595e+02 7.252062999474589766e+00 1.529570475206306810e+02
1.013054095399622838e+02 7.076347602755052257e+00 1.537506188756837275e+02
1.006872468661628375e+02 6.902375252014157248e+00 1.545311886078941654e+02
1.000778275082395368e+02 6.730122209755008633e+00 1.552989471309441285e+02
9.947702341453877750e+01 6.559565093736376973e+00 1.560540820031474425e+02
9.888470837918038114e+01 6.390680856820591949e+00 1.567967780795372050e+02
9.830075802117679018e+01 6.223446783184158448e+00 1.575272175424476302e+02
9.772504978474731274e+01 6.057840488374873544e+00 1.582455799010532189e+02
9.715746292657934191e+01 5.893839916999800366e+00 1.589520420100264175e+02
9.659778506470634341e+01 5.732068409058779679e+00 1.596472795025226787e+02
9.604576316811046865e+01 5.573457396189772872e+00 1.603322021602836855e+02
9.550128418343405201e+01 5.417992838298523850e+00 1.610069806971668811e+02
9.496423863976885116e+01 5.265646937656393689e+00 1.616717726369942625e+02
9.443451939929929040e+01 5.116386722102864049e+00 1.623267289921515442e+02
9.391202165730267382e+01 4.970174045045538058e+00 1.629719942635881864e+02
9.339664294214901474e+01 4.826965585460137653e+00 1.636077064408176511e+02
9.288828311530109261e+01 4.686712847890501799e+00 1.642339970019170039e+02
9.238684319494728925e+01 4.549369630783682616e+00 1.648509968484522119e+02
9.189222459101024754e+01 4.414897752797893205e+00 1.654588406462692092e+02
9.140433064690478204e+01 4.283256327568031097e+00 1.660576585358665227e+02
9.092306602073175270e+01 4.154405019387493070e+00 1.666475788846138357e+02
9.044833668441775387e+01 4.028304048391974312e+00 1.672287282909391308e+02
8.998004992371505750e+01 3.904914190559461318e+00 1.678012315843290878e+02
8.951811433820166997e+01 3.784196777710230997e+00 1.683652118253290837e+02
8.906243984903450439e+01 3.666113680209678094e+00 1.689207903349696949e+02
8.861294111601313261e+01 3.550619692611004297e+00 1.694680996463648341e+02
8.816952793056476878e+01 3.437683853465769435e+00 1.700072472616596428e+02
8.773210683310927038e+01 3.327285585500972864e+00 1.705383222778430365e+02
8.730058682685142912e+01 3.219401910964686753e+00 1.710614171451273648e+02
8.687487937778092828e+01 3.114007451626055634e+00 1.715766276669486388e+02
8.645489841467242798e+01 3.011074428775293299e+00 1.720840529999663886e+02
8.604056032908549412e+01 2.910572663223689016e+00 1.725837956540637492e+02
8.563178397988419022e+01 2.812469571766337939e+00 1.730759614968186781e+02
8.522849043346197107e+01 2.716730846584230363e+00 1.735606585741150525e+02
