2.540000000000000000e+02 7.000000000000000000e+00 0.000000000000000000e+00
2.526909811241657735e+02 7.515184990411436061e+00 9.492280940485581242e-01
2.513687203568872519e+02 8.032167171808074713e+00 1.908769648897858939e+00
2.500331233875287751e+02 8.550954929947018002e+00 2.878698289717953163e+00
2.486841322218267578e+02 9.071539769771829853e+00 3.859059535460323431e+00
2.473096416965411777e+02 9.593686795783241905e+00 4.859205683874886716e+00
2.458885608926821078e+02 1.011637898212117825e+01 5.895283204318920944e+00
2.444120002667534379e+02 1.063796472302476559e+01 6.973864639078857230e+00
2.428772142983087008e+02 1.115779178076189737e+01 8.096901602481244353e+00
2.412819315993635030e+02 1.167532730495527105e+01 9.266053596166075934e+00
2.396244031465901969e+02 1.219031699012589165e+01 1.048262603936506743e+01
2.379030384574112418e+02 1.270265648037573136e+01 1.174785388728946955e+01
2.361158704377850768e+02 1.321216285214570085e+01 1.306329292616545246e+01
2.342612601737186537e+02 1.371870557652987088e+01 1.443019375972099638e+01
2.323375367222750185e+02 1.422215160635370346e+01 1.584983068972658948e+01
2.303429877558904764e+02 1.472236421058076949e+01 1.732350989917897977e+01
2.282775810559734566e+02 1.522273912121318951e+01 1.884954408600440345e+01
2.261474897554631411e+02 1.572985974690443101e+01 2.042166735790513599e+01
2.239604278577762955e+02 1.624185580305772447e+01 2.204018551078625521e+01
2.217205830914667786e+02 1.675316303587065647e+01 2.371218632508928792e+01
2.194287864039731915e+02 1.726186615759837650e+01 2.544042934870494577e+01
2.170837842826063024e+02 1.776791491387087518e+01 2.722624139161417745e+01
2.146843230895046588e+02 1.827123279366803743e+01 2.907099629199531421e+01
2.122292771369310174e+02 1.877169941953468069e+01 3.097592086134737954e+01
2.097212221902509270e+02 1.926822175880779042e+01 3.293804315842773178e+01
2.071598889530905865e+02 1.976045081766606870e+01 3.495769333940603474e+01
2.045441734633601243e+02 2.024827966892631892e+01 3.703608937485557817e+01
2.018729614456924253e+02 2.073159772832963910e+01 3.917445702877309799e+01
1.991451158752975630e+02 2.121029212548240750e+01 4.137404712149882613e+01
1.963615935167597115e+02 2.168429562732309890e+01 4.363415972398613718e+01
1.935327827121687960e+02 2.215213338651895114e+01 4.594910107847172753e+01
1.906622050145756475e+02 2.261198606158507118e+01 4.831989188157879056e+01
1.877490613434237900e+02 2.306375465775880684e+01 5.074730766001623294e+01
1.847971229382131071e+02 2.350775726524647524e+01 5.322683284918000624e+01
1.818125119259997291e+02 2.394459842338207878e+01 5.575097320890485264e+01
1.787957497741559791e+02 2.437410093454356641e+01 5.831939174862076669e+01
1.757451637389815176e+02 2.479644796271224294e+01 6.093344660451564465e+01
1.726712869754038309e+02 2.520348807740697339e+01 6.359159932938673876e+01
1.695925241153329353e+02 2.557722344107845913e+01 6.629306837986996470e+01
1.665233251146051998e+02 2.589717760746490427e+01 6.903675959008316454e+01
1.634918937230783911e+02 2.613897134069003414e+01 7.181660115392413957e+01
1.605313619636653755e+02 2.627764175737470964e+01 7.462226846709340577e+01
1.576387742789011384e+02 2.633126074565732821e+01 7.743810409669023898e+01
1.548127611830460637e+02 2.630405596160492365e+01 8.026106359481804020e+01
1.520514519116092913e+02 2.619886760187020514e+01 8.309051717031134388e+01
1.493525039125853766e+02 2.601975870933016921e+01 8.592538287858177171e+01
1.467143255141276654e+02 2.576901683231600870e+01 8.876520340194281289e+01
1.441332466798495204e+02 2.545196116832342526e+01 9.160888496373750911e+01
1.416079030275298010e+02 2.507641576000530392e+01 9.445082779955924934e+01
1.392137031417309174e+02 2.461762914690892501e+01 9.723775845947029950e+01
1.369654352433992415e+02 2.407300269465853049e+01 9.995713590018273464e+01
1.348441723978247921e+02 2.346239885717893614e+01 1.026167748301135560e+02
1.328370805164651642e+02 2.279834894536508827e+01 1.052220166054096495e+02
1.309391141094096724e+02 2.208362651151244904e+01 1.077748450936205273e+02
1.291454547535252857e+02 2.132089613452129129e+01 1.102771256555393364e+02
1.274521097059810444e+02 2.051390151772956472e+01 1.127279583965828778e+02
1.258592323608458230e+02 1.967398767488671041e+01 1.151091671017948102e+02
1.243735320422706820e+02 1.881548222505071877e+01 1.174068565636739123e+02
1.229981348810118646e+02 1.796863527541948713e+01 1.196061955965159456e+02
1.217264750735625825e+02 1.713437737381110892e+01 1.217123537914206963e+02
1.205526729134330992e+02 1.631381573395864848e+01 1.237292481555757035e+02
1.194719740580662801e+02 1.551063879535134404e+01 1.256579945294932941e+02
1.184780660075299608e+02 1.472431897265242817e+01 1.275040250857743303e+02
1.175392738248691700e+02 1.396076538063645422e+01 1.292769134352085985e+02
1.166236286036072869e+02 1.322720595748506689e+01 1.309876885592938152e+02
1.157286120418033590e+02 1.252433669423393958e+01 1.326402495620210402e+02
1.148504320325169914e+02 1.185348766594134950e+01 1.342382390965650814e+02
1.139887721718742029e+02 1.121728813486961229e+01 1.357807578076096320e+02
1.131435476010374401e+02 1.061623188298806753e+01 1.372675540821590516e+02
1.123143516853073152e+02 1.004946755459767616e+01 1.386999354239174522e+02
1.115007299311448463e+02 9.516047255921744608e+00 1.400794366842542615e+02
1.107022118476924959e+02 9.015158264695639190e+00 1.414075279111219743e+02
1.099177664008579995e+02 8.546722916161103356e+00 1.426865168047656596e+02
1.091468201748832172e+02 8.110167406485416564e+00 1.439179695353772104e+02
1.083890154140002977e+02 7.704688939343038001e+00 1.451031015178518828e+02
1.076439875603627172e+02 7.329325842120028689e+00 1.462432103321626755e+02
1.069106856542891109e+02 6.981959404370892130e+00 1.473425445429656406e+02
1.061883783878996326e+02 6.661233451170596176e+00 1.484049581985301245e+02
1.054768689578635588e+02 6.366381976605780757e+00 1.494314305547814570e+02
1.047757327498297144e+02 6.096615603635440195e+00 1.504231745144323042e+02
1.040831780736719310e+02 5.849507003112558223e+00 1.513837179994058033e+02
1.033996658296483986e+02 5.620548687365015894e+00 1.523156875462813389e+02
1.027300855749563766e+02 5.398515578759211841e+00 1.532208135036327974e+02
1.020723496540480397e+02 5.180610445018923649e+00 1.541044951494033910e+02
1.014254139220956290e+02 4.965998167686405118e+00 1.549693489767024914e+02
1.007888996331559923e+02 4.753894884004535193e+00 1.558176293682742539e+02
1.001624387858155956e+02 4.543515966504201309e+00 1.566515773685634088e+02
9.954586084297564241e+01 4.334841366086671144e+00 1.574715086330799352e+02
9.893880118012189939e+01 4.129209198703215122e+00 1.582787093165156875e+02
9.834101074033264922e+01 3.927245077911473814e+00 1.590739011504942937e+02
9.775234709575605052e+01 3.728899598052133779e+00 1.598572734675623792e+02
9.717267102539797463e+01 3.534117162269260426e+00 1.606290073323264949e+02
9.660184576596132899e+01 3.342843155174076042e+00 1.613892806130157851e+02
9.603973654762066303e+01 3.155023757459586964e+00 1.621382685852310601e+02
9.548621056181843869e+01 2.970605933040084246e+00 1.628761439738285901e+02
9.494113696126498780e+01 2.789537429051146766e+00 1.636030769529199631e+02
9.440438685993848367e+01 2.611766775849641231e+00 1.643192351458722840e+02
9.387583333308496947e+01 2.437243287013720838e+00 1.650247836253078333e+02
9.335535141721840091e+01 2.265917059342827056e+00 1.657198849131044369e+02
9.284281805553153788e+01 2.097738951057824153e+00 1.664046990513933224e+02
9.233811211819509879e+01 1.932660589907507331e+00 1.670793835761523667e+02
9.184111452947536236e+01 1.770634423932038182e+00 1.677440933518912516e+02
9.135170793935689915e+01 1.611613590327525047e+00 1.683989809987199067e+02
9.086977670650792049e+01 1.455551908643251346e+00 1.690441969145043402e+02
9.039520689828017908e+01 1.302403880781674017e+00 1.696798892748666674e+02
8.992788629070899731e+01 1.152124690998424628e+00 1.703062040331853098e+02
8.946770436851330999e+01 1.004670205902307600e+00 1.709232849205947105e+02
8.901455232509567850e+01 8.599969744553019879e-01 1.715312734459855619e+02
8.856832214567695871e+01 7.180643362432913568e-01 1.721303053072537068e+02
8.812890997206814347e+01 5.788267229775764244e-01 1.727205234870037884e+02
8.769621503048345801e+01 4.422357426388536794e-01 1.733020747925679643e+02
8.727013037505292914e+01 3.082611922092645673e-01 1.738750741501740436e+02
8.685054283968037225e+01 1.768911506508038523e-01 1.744396044507520003e+02
8.643734453837342357e+01 4.810547266954903062e-02 1.749957616837558874e+02
8.603043809516610452e+01 -7.813568500097660408e-02 1.755436743410028271e+02
8.562972755931096458e+01 -2.018714459221032653e-01 1.760834687698244920e+02
8.523511839789573230e+01 -3.231403555592639587e-01 1.766152694505969123e+02
8.484651749584315894e+01 -4.419803812819952382e-01 1.771391989967409870e+02
8.446383315591123164e+01 -5.584289123639362140e-01 1.776553781547219444e+02
8.408697509919721824e+01 -6.725227597770176979e-01 1.781639258033855810e+02
8.371585446665626762e+01 -7.842981555730962340e-01 1.786649589519592496e+02
8.335038374721983701e+01 -8.937907821913165796e-01 1.791585928347022616e+02
8.299047675244219135e+01 -1.001035782796020568e+00 1.796449409442897434e+02
8.263604861358646758e+01 -1.106067762470360760e+00 1.801241150356627827e+02
