2.540000000000000000e+02 7.000000000000000000e+00 0.000000000000000000e+00
2.526995706808840225e+02 7.540853590569401632e+00 9.338667871383213859e-01
2.513856285161837150e+02 8.083627883178845508e+00 1.878309012601657058e+00
2.500580750785880753e+02 8.628331939704334985e+00 2.833404096389511295e+00
2.487168112888783469e+02 9.174974871644444363e+00 3.799229972092367902e+00
2.473559677997635049e+02 9.724362743609768600e+00 4.780344787106217908e+00
2.459557964167837270e+02 1.027653719038097080e+01 5.792135782455611448e+00
2.445046301724047453e+02 1.082913599181900643e+01 6.843606475498465791e+00
2.429962510769612152e+02 1.138069500409158152e+01 7.939331953295690525e+00
2.414273879828716076e+02 1.193032293734271398e+01 9.081668141628375324e+00
2.397956454728135043e+02 1.247743559514823453e+01 1.027239403196870171e+01
2.380993122106758619e+02 1.302177540247189924e+01 1.151282591853640902e+01
2.363367682509415317e+02 1.356322070403696323e+01 1.280420904766020129e+01
2.345062411738725245e+02 1.410161666861567831e+01 1.414792708286917566e+01
2.326056810571465121e+02 1.463677111325079139e+01 1.554561390537508991e+01
2.306332605753221401e+02 1.516852623280129819e+01 1.699868973576027287e+01
2.285871822583260666e+02 1.569673034950509560e+01 1.850854019871816547e+01
2.264700230076903722e+02 1.622226100491748468e+01 2.007346507952036774e+01
2.242932065741328529e+02 1.675082662854070037e+01 2.168603012752273429e+01
2.220620197706886643e+02 1.728045268249205435e+01 2.335048087960565510e+01
2.197779258008632155e+02 1.780788101524811395e+01 2.507262217207767208e+01
2.174396425047329160e+02 1.833303878623437200e+01 2.685388705873141646e+01
2.150459409368949650e+02 1.885583542622434905e+01 2.869562661459394448e+01
2.125982859713559492e+02 1.937549163200730007e+01 3.059601763038054756e+01
2.100973135965532208e+02 1.989146198988569836e+01 3.255422116459253346e+01
2.075419074768836651e+02 2.040363883357557739e+01 3.457148379326860521e+01
2.049310069048430876e+02 2.091184813068754522e+01 3.664908411338142713e+01
2.022635034203700286e+02 2.141593414208136537e+01 3.878832397369404106e+01
1.995382314621676869e+02 2.191578600535492427e+01 4.099050433561549056e+01
1.967582959804881284e+02 2.241207580690672430e+01 4.325243461189558047e+01
1.939288047235146735e+02 2.290593206737580445e+01 4.556825625715005401e+01
1.910517892551073942e+02 2.339506758058810831e+01 4.793874077477327234e+01
1.881312525512032607e+02 2.387662946462415192e+01 5.036721843809225163e+01
1.851758643078564717e+02 2.435134459021157483e+01 5.284320560135074629e+01
1.821876057650712255e+02 2.481934777493149724e+01 5.536432129929773538e+01
1.791660222230232478e+02 2.528054269850746039e+01 5.793119778244901852e+01
1.761107086083084425e+02 2.573483729348032867e+01 6.054440625038088797e+01
1.730214420031142311e+02 2.618188550911293078e+01 6.320457468940712431e+01
1.699062411846653333e+02 2.661493497535121477e+01 6.591162315808561800e+01
1.667787546779881609e+02 2.702387020101994608e+01 6.866537225834468927e+01
1.636709265839799627e+02 2.737597447693274688e+01 7.146258204660880153e+01
1.606351452640296316e+02 2.762033867324281289e+01 7.429138857677563124e+01
1.576696760642055040e+02 2.777301921563038789e+01 7.713624887841102407e+01
1.547733537611791235e+02 2.784021694190453999e+01 7.999132739712038642e+01
1.519444228531036174e+02 2.782439282223665344e+01 8.285611213302210842e+01
1.491808262143593993e+02 2.772880688486892709e+01 8.572976319028408909e+01
1.464803104122746902e+02 2.755728997450886197e+01 8.861120067419051338e+01
1.438388402213970494e+02 2.731570564062405637e+01 9.149911830264206003e+01
1.412554640900929144e+02 2.701225464532653930e+01 9.438695598723570868e+01
1.388076664846315111e+02 2.662047343515082432e+01 9.722042963065376853e+01
1.365108815638934630e+02 2.613746109322426037e+01 9.998649741707788507e+01
1.343452166617061891e+02 2.558442181746244160e+01 1.026930014532866835e+02
1.322972825236125232e+02 2.497467266076017012e+01 1.053452646027802047e+02
1.303618740676396612e+02 2.431111895871303830e+01 1.079452633874246317e+02
1.285339091104966940e+02 2.359635227618183606e+01 1.104953278737530269e+02
1.268104795851122475e+02 2.283632206167039769e+01 1.129894138922299192e+02
1.251910965090386867e+02 2.204160715773754831e+01 1.154106746224111220e+02
1.236804355425828419e+02 2.122872591402622078e+01 1.177469979222856722e+02
1.222846281297845508e+02 2.042738356031126301e+01 1.199802704023219491e+02
1.209969361139611408e+02 1.963876857379298357e+01 1.221153704172926666e+02
1.198123774493212466e+02 1.886720791548988529e+01 1.241529864017337843e+02
1.187245533156672792e+02 1.811257622918313359e+01 1.260984316221129546e+02
1.177249887871732028e+02 1.737444789700910874e+01 1.279580790533262018e+02
1.167687784637687542e+02 1.666165670698005741e+01 1.297435325732666342e+02
1.158368582974009939e+02 1.597938198264309939e+01 1.314639151319117900e+02
1.149243563811822924e+02 1.532935269226781649e+01 1.331243120187743898e+02
1.140290747924574219e+02 1.471278066294743780e+01 1.347261432060792856e+02
1.131511189588185005e+02 1.413261661254904489e+01 1.362676437399402118e+02
1.122900289330913353e+02 1.358848799717541844e+01 1.377502145040913888e+02
1.114453574367773854e+02 1.307937590930807836e+01 1.391754375159679853e+02
1.106165867699049699e+02 1.260439134110472459e+01 1.405449758636471245e+02
1.098026131923039230e+02 1.216351043611763139e+01 1.418613776853878505e+02
1.090024142539837158e+02 1.175607513854849806e+01 1.431264787282781867e+02
1.082151853368904142e+02 1.138122501144120235e+01 1.443417847553573949e+02
1.074404064816278890e+02 1.103667800056030934e+01 1.455102093384940929e+02
1.066776797394423681e+02 1.072037664161349824e+01 1.466343181671724665e+02
1.059267696518758157e+02 1.043126582467628793e+01 1.477164445599785552e+02
1.051871472921164496e+02 1.016927476515934359e+01 1.487596839721415449e+02
1.044585104480920137e+02 9.933646781961204653e+00 1.497651911626009849e+02
1.037445940348022191e+02 9.713986767151833845e+00 1.507356801219367810e+02
1.030472180299373974e+02 9.500629941009915314e+00 1.516752716415185205e+02
1.023659741247301298e+02 9.293386738558403692e+00 1.525847566860909126e+02
1.016977303461615918e+02 9.090640959448471392e+00 1.534703644526185258e+02
1.010405448176009031e+02 8.891307898497355922e+00 1.543361253303275760e+02
1.003941809941612178e+02 8.694956455261719341e+00 1.551833551749733715e+02
9.975815504984761617e+01 8.500420022342398241e+00 1.560154094367040045e+02
9.913228581607414469e+01 8.307624027892924090e+00 1.568326647768724627e+02
9.851639638426080126e+01 8.116617201810838012e+00 1.576354196168377939e+02
9.791013989598549472e+01 7.928602515918012017e+00 1.584248635228548210e+02
9.731325687628648780e+01 7.744244106181229270e+00 1.592017597469862835e+02
9.672557512537801472e+01 7.563650067147498213e+00 1.599664347160715465e+02
9.614695659444946330e+01 7.386721185533960288e+00 1.607190495368734844e+02
9.557726040352505947e+01 7.213391602931984004e+00 1.614597876867919410e+02
9.501634602203237989e+01 7.043608869446423171e+00 1.621888393727248285e+02
9.446407577230951347e+01 6.877317041362398520e+00 1.629063884775183624e+02
9.392031407963335710e+01 6.714461029482547971e+00 1.636126160752992007e+02
9.338492759993673076e+01 6.554986651023980926e+00 1.643077002608954160e+02
9.285778514557271990e+01 6.398840599453228251e+00 1.649918162489846054e+02
9.233875750787474601e+01 6.245970372384436864e+00 1.656651366110865808e+02
9.182771745690533294e+01 6.096324271477280732e+00 1.663278312758990012e+02
9.132453974145616371e+01 5.949851402436970638e+00 1.669800675292968890e+02
9.082910108904796687e+01 5.806501675014241748e+00 1.676220100143331138e+02
9.034127877439212284e+01 5.666229073127728277e+00 1.682538150321064165e+02
8.986094703990028165e+01 5.529000545910551345e+00 1.688756148799871539e+02
8.938798223293633782e+01 5.394783419931537871e+00 1.694875399882577653e+02
8.892226392721961759e+01 5.263542076876889908e+00 1.700897248875882326e+02
8.846367491597793276e+01 5.135237965596475718e+00 1.706823081888800004e+02
8.801210121194758074e+01 5.009829602103819113e+00 1.712654325832660049e+02
8.756743204737320241e+01 4.887272569576112780e+00 1.718392448421106167e+02
8.712955987400795266e+01 4.767519518354203178e+00 1.724038958170098397e+02
8.669837992080536537e+01 4.650521208820809882e+00 1.729595386146974931e+02
8.627378651380310259e+01 4.536235556042568007e+00 1.735063126853703466e+02
8.585567605876423158e+01 4.424620610839450130e+00 1.740443561031357831e+02
8.544394685708539328e+01 4.315634242964516254e+00 1.745738062901043293e+02
8.503849873695035910e+01 4.209234954658276351e+00 1.750947986053035947e+02
8.463923305333007363e+01 4.105381880648678816e+00 1.756074663446780448e+02
8.424605268798251245e+01 4.004034788151114910e+00 1.761119407410889437e+02
8.385886204945282429e+01 3.905154076868420088e+00 1.766083509643145248e+02
8.347756706891060219e+01 3.808700791583290446e+00 1.770968240983840474e+02
8.310207474287662421e+01 3.714638023063172589e+00 1.775774826170055860e+02
8.273229515901414288e+01 3.622924637706959494e+00 1.780504556945368222e+02
8.236813908233840209e+01 3.533522234375059412e+00 1.785158667452309658e+02
8.200951647802402533e+01 3.446399562189911059e+00 1.789738254806354405e+02
8.165629240861089500e+01 3.361513760226880088e+00 1.794244884725999327e+02
