2.540000000000000000e+02 7.000000000000000000e+00 0.000000000000000000e+00
2.526683664005201990e+02 7.528990566825598307e+00 9.569450989936725271e-01
2.513230724966748824e+02 8.059786644255895638e+00 1.924639608373580613e+00
2.499640193603940475e+02 8.592396528866695249e+00 2.903161855400290925e+00
2.485904124768202905e+02 9.126502673954066225e+00 3.893147014875167233e+00
2.471893654460399716e+02 9.661561721419019477e+00 4.904720426187042293e+00
2.457393602017319836e+02 1.019667528550034596e+01 5.954652498460923482e+00
2.442324142963377085e+02 1.073026045436606601e+01 7.049020925584019714e+00
2.426651779134436140e+02 1.126136954138099888e+01 8.190236576879030395e+00
2.410353807393738066e+02 1.178943500284341539e+01 9.380012638445018425e+00
2.393409384588252067e+02 1.231401103005908482e+01 1.061993395558677555e+01
2.375801947004756016e+02 1.283491761878792659e+01 1.191128341683754144e+01
2.357514242126121928e+02 1.335198276581296284e+01 1.325541095062404295e+01
2.338527455626389724e+02 1.386501596809912762e+01 1.465380746367966580e+01
2.318821554560568927e+02 1.437381024852679978e+01 1.610807066881564609e+01
2.298413159644509562e+02 1.488110740716416025e+01 1.761621615416942532e+01
2.277413995325563292e+02 1.539519703436730680e+01 1.916762814101371148e+01
2.255841210021215772e+02 1.591587949804463875e+01 2.076109644639827323e+01
2.233732291292658374e+02 1.643668897293663278e+01 2.240713734643379240e+01
2.211093617795202420e+02 1.695494270750834431e+01 2.411112290356649623e+01
2.187913585702582964e+02 1.747052580589200232e+01 2.587434309361346862e+01
2.164202663579367254e+02 1.798277822659282776e+01 2.769546229954723060e+01
2.139971476993062822e+02 1.849105279809824154e+01 2.957313523962564261e+01
2.115208285835814479e+02 1.899526358860131126e+01 3.150866800435106185e+01
2.089901816975571762e+02 1.949530259970788393e+01 3.350330863708825291e+01
2.064040522737209074e+02 1.999106081750057129e+01 3.555833606037363381e+01
2.037612610894129261e+02 2.048242689224322888e+01 3.767505631134075372e+01
2.010613952820325210e+02 2.096946678641037920e+01 3.985371818637892716e+01
1.983111842357147054e+02 2.145394647674670807e+01 4.208543144824887605e+01
1.955110637869216532e+02 2.193608384818411849e+01 4.436961989837803344e+01
1.926615075759627302e+02 2.241489661689396229e+01 4.670774282371111497e+01
1.897699967014519018e+02 2.288629367442115026e+01 4.910095860674042711e+01
1.868456902157865613e+02 2.335069679829035039e+01 5.153918246139882342e+01
1.838888222671053541e+02 2.380807315715787809e+01 5.402219628821997333e+01
1.808990323765585231e+02 2.425833079658884017e+01 5.655051685371967096e+01
1.778763116660186654e+02 2.470082440807313517e+01 5.912482822671162097e+01
1.748224670296647218e+02 2.513274090070758149e+01 6.174609517219140997e+01
1.717495488163099537e+02 2.554523954207651215e+01 6.441225984221676981e+01
1.686780778190930903e+02 2.591386155443382222e+01 6.712350067693965627e+01
1.656195507314428141e+02 2.622377044208101182e+01 6.987852874393847458e+01
1.626158904567073478e+02 2.643889744832821975e+01 7.266865481420276751e+01
1.596837643353377985e+02 2.655944801675979861e+01 7.547509620247157613e+01
1.568210190389962975e+02 2.659332634981425869e+01 7.829166810504503360e+01
1.540258199341108991e+02 2.654317484123256676e+01 8.111780437250287434e+01
1.512958660632562840e+02 2.641281279304645579e+01 8.395247904653228943e+01
1.486289558514460794e+02 2.620589859774665342e+01 8.679470963508475734e+01
1.460216746459983312e+02 2.592737878182972366e+01 8.964343954212601773e+01
1.434662175739216252e+02 2.558871576448364848e+01 9.249617706871951839e+01
1.409625878988613294e+02 2.519154896145147760e+01 9.535141347124671540e+01
1.385788133014558809e+02 2.471293071653343176e+01 9.816153409598791768e+01
1.363336171716270258e+02 2.415731154848332096e+01 1.009088996974350891e+02
1.342095329329978881e+02 2.354339694505250336e+01 1.036003050170342306e+02
1.322008303377226071e+02 2.287469653289113936e+01 1.062379191945550332e+02
1.303024799809520005e+02 2.215397461135897927e+01 1.088236413675368652e+02
1.285095735784478279e+02 2.138393170902872953e+01 1.113594090938601937e+02
1.268185520945349793e+02 2.056910336917776760e+01 1.138424384885138494e+02
1.252294864398512999e+02 1.972049429094228401e+01 1.162547611238695850e+02
1.237413882739710544e+02 1.885441345489678966e+01 1.185886783220022380e+02
1.223643527631082009e+02 1.800043153239299443e+01 1.208224399778562059e+02
1.210945105913739326e+02 1.715967095161727229e+01 1.229585077667159396e+02
1.199265531070301023e+02 1.633535011569699691e+01 1.249986738420601000e+02
1.188546017405109438e+02 1.552916143053904818e+01 1.269463097308399995e+02
1.178635980323581833e+02 1.474680205296184354e+01 1.288093262684812146e+02
1.169104945368129052e+02 1.399408163218375911e+01 1.305989835790365419e+02
1.159811888443909140e+02 1.327344642350163362e+01 1.323230062299806491e+02
1.150721882571459531e+02 1.258568326958259931e+01 1.339854256923542835e+02
1.141802083187198633e+02 1.193153968818033306e+01 1.355898497340138249e+02
1.133051598415700170e+02 1.131073139166426778e+01 1.371358025898434505e+02
1.124468635290376852e+02 1.072354428771372525e+01 1.386232152073828843e+02
1.116049945660054590e+02 1.017239958621875218e+01 1.400522263228014026e+02
1.107788812408588655e+02 9.656795849190858760e+00 1.414246811303526670e+02
1.099674131856535837e+02 9.176542943859908874e+00 1.427430558678146326e+02
1.091694770106237371e+02 8.730874025640419589e+00 1.440090946700775874e+02
1.083844474988328415e+02 8.318188392273555110e+00 1.452250234925063523e+02
1.076118487624448932e+02 7.935736204047003639e+00 1.463941314353557175e+02
1.068513553495808708e+02 7.582385527851711160e+00 1.475187213412204983e+02
1.061025242182501813e+02 7.257639768281268999e+00 1.486023452534843443e+02
1.053649954468511680e+02 6.960878597475079310e+00 1.496463487863996136e+02
1.046382344322392157e+02 6.690993802412627645e+00 1.506525715306051438e+02
1.039216614882159178e+02 6.446899816379073833e+00 1.516226769069357942e+02
1.032141717326978068e+02 6.224284465809942546e+00 1.525607010044051037e+02
1.025211233519662102e+02 6.010793086177252498e+00 1.534684461554844574e+02
1.018408313783661470e+02 5.801910724592852731e+00 1.543523358566902743e+02
1.011717956502061639e+02 5.596699912022888412e+00 1.552156887541581227e+02
1.005136267694763745e+02 5.394404562301494899e+00 1.560607377108357525e+02
9.986575795300942104e+01 5.195061795612817335e+00 1.568909627195206156e+02
9.922782821903354034e+01 4.999922530137144605e+00 1.577076096057166410e+02
9.859967774497201276e+01 4.808936772296796391e+00 1.585109068995370194e+02
9.798115135596643199e+01 4.622039869304687798e+00 1.593010678417282406e+02
9.737209685056387798e+01 4.439166859613449034e+00 1.600783007623930416e+02
9.677236457197564334e+01 4.260253867792363813e+00 1.608428105085107802e+02
9.618180710110404164e+01 4.085237973504648679e+00 1.615947988641208894e+02
9.560027925654235048e+01 3.914057211507465439e+00 1.623344645503227923e+02
9.502763809457485422e+01 3.746650571651915840e+00 1.630620032252758449e+02
9.446374290917692917e+01 3.582957998883042450e+00 1.637776074841995637e+02
9.390845523201481626e+01 3.422920393239829995e+00 1.644814668593734837e+02
9.336163883223255766e+01 3.266479609764025405e+00 1.651737678204301005e+02
9.282315971969840973e+01 3.113578459886377381e+00 1.658546937699073283e+02
9.229288608830189844e+01 2.964160687223812207e+00 1.665244251208684716e+02
9.177068815911491129e+01 2.818170900637765541e+00 1.671831395115793271e+02
9.125643815615043764e+01 2.675554563887382109e+00 1.678310118386901024e+02
9.075001030636259713e+01 2.536257995629513040e+00 1.684682142572354735e+02
9.025128069217457494e+01 2.400228768606280649e+00 1.690949154770639495e+02
8.976011933773857265e+01 2.267437156086868022e+00 1.697112429584184952e+02
8.927639938520745488e+01 2.137851066890231966e+00 1.703173271336002301e+02
8.880000027526010342e+01 2.011426984851949040e+00 1.709133174650026774e+02
8.833080408943348516e+01 1.888119814746494152e+00 1.714993651024075518e+02
8.786869555012265209e+01 1.767882882287237667e+00 1.720756228829845895e+02
8.741356202058067026e+01 1.650667934126448966e+00 1.726422453312916048e+02
8.696529350491869081e+01 1.536425137855292000e+00 1.731993886592743195e+02
8.652378170529046031e+01 1.425105586839576777e+00 1.737472063607706048e+02
8.608891919820607086e+01 1.316663832224732156e+00 1.742858446893410189e+02
8.566060066204600787e+01 1.211054122232491759e+00 1.748154493727030570e+02
8.523872237929123230e+01 1.108231397850118372e+00 1.753361639270171679e+02
8.482318223510613109e+01 1.008151296333224201e+00 1.758481296507782190e+02
8.441387971733861662e+01 9.107701512057713167e-01 1.763514856248156093e+02
8.401071591652005566e+01 8.160449922600705452e-01 1.768463687122931276e+02
8.361359368160189831e+01 7.239331029098122761e-01 1.773329143430258057e+02
8.322241418568509630e+01 6.344021195903764010e-01 1.778112385551820296e+02
8.283707937919623987e+01 5.474222957809166124e-01 1.782814518455332973e+02
8.245750722494413765e+01 4.629568572494968115e-01 1.787436699525187009e+02
8.208304216591392333e+01 3.807404239093009068e-01 1.791987619360349981e+02
8.171254533507202211e+01 3.003189342047161703e-01 1.796482239147637188e+02
8.134595063893857514e+01 2.216614449908032025e-01 1.800921517118330826e+02
