2.540000000000000000e+02 7.000000000000000000e+00 0.000000000000000000e+00
2.527005617466142553e+02 7.513641396578565335e+00 9.233431689614791660e-01
2.513878842110799212e+02 8.028916727217437099e+00 1.857129155869172710e+00
2.500618278205116098e+02 8.545838598239917872e+00 2.801468398242544122e+00
2.487222959269505225e+02 9.064414188782320636e+00 3.756437761135527964e+00
2.473638914702295892e+02 9.584613191330504378e+00 4.726291905625620515e+00
2.459649521843427351e+02 1.010562739509232699e+01 5.728091059103149085e+00
2.445139957130864445e+02 1.062542699359215703e+01 6.770813850781239651e+00
2.430054518919222346e+02 1.114263486736976461e+01 7.858639526951571419e+00
2.414365741734731046e+02 1.165648342589680020e+01 8.993603349435318250e+00
2.398052125333742310e+02 1.216642617463631204e+01 1.017735294607117780e+01
2.381095385627721157e+02 1.267213479359235784e+01 1.141130477861357662e+01
2.363478227150024509e+02 1.317336106819195507e+01 1.269680591097523958e+01
2.345184211760882533e+02 1.366992874185858931e+01 1.403514352190871328e+01
2.326197004351650719e+02 1.416168709614025900e+01 1.542759955790128323e+01
2.306500019913093524e+02 1.464865906891146530e+01 1.687538596831994653e+01
2.286159969813559485e+02 1.513807945715594094e+01 1.837118530028078922e+01
2.265247046977204377e+02 1.563440437324738852e+01 1.990883485604945591e+01
2.243790028005717829e+02 1.613289043727935379e+01 2.149500400375572084e+01
2.221816388638715409e+02 1.662866373238789919e+01 2.313736403171873235e+01
2.199314851248732055e+02 1.712140279371867635e+01 2.483776739139712575e+01
2.176282193232455882e+02 1.761078663492619967e+01 2.659650608267138594e+01
2.152739961607834402e+02 1.809591691201201868e+01 2.841094214809514895e+01
2.128680694233792678e+02 1.857660184014277860e+01 3.028188201734775831e+01
2.104093513146989949e+02 1.905272362468998537e+01 3.221053533487925336e+01
2.078967178249354220e+02 1.952416529759321762e+01 3.419815309180663832e+01
2.053290163882518300e+02 1.999080931140784045e+01 3.624600715200424617e+01
2.027043912499048872e+02 2.045284242044148826e+01 3.835445153569187227e+01
2.000266687271788442e+02 2.091137030501900185e+01 4.051848248234783512e+01
1.973002000045960926e+02 2.136729226818616212e+01 4.273367928879567046e+01
1.945242730428001607e+02 2.182055154396159580e+01 4.500083466811325650e+01
1.916995201808010165e+02 2.227072730775281784e+01 4.732029947721401442e+01
1.888374781459843632e+02 2.271517848048616273e+01 4.968655122891374987e+01
1.859444949258929967e+02 2.315225488455273606e+01 5.209605155249484909e+01
1.830197228947425003e+02 2.358197541538109476e+01 5.454963322239737522e+01
1.800628535635254082e+02 2.400422847075958188e+01 5.704778993135108323e+01
1.770737963935564210e+02 2.441850441070734945e+01 5.959116134030394818e+01
1.740541901103841269e+02 2.482186646876711578e+01 6.218093109910842031e+01
1.710123012306028727e+02 2.520845647032593462e+01 6.481555321945063497e+01
1.679692106341710769e+02 2.555355618393475226e+01 6.749317289456811864e+01
1.649370806556386526e+02 2.584147941220048850e+01 7.021457151684670350e+01
1.619521092413155259e+02 2.604192331399488225e+01 7.297196755197506945e+01
1.590390134908497828e+02 2.614805102737802045e+01 7.574511887906291463e+01
1.561959593988147503e+02 2.616618342113175189e+01 7.852922304416155441e+01
1.534210924928942745e+02 2.609898132119885972e+01 8.132370720417159760e+01
1.507119576398277445e+02 2.595058826062600588e+01 8.412740825059250938e+01
1.480662836144020957e+02 2.572476972611546131e+01 8.693929491660989584e+01
1.454816790895587530e+02 2.542490851832626575e+01 8.975866119415051969e+01
1.429507057082009567e+02 2.506189080231355604e+01 9.258312063147249660e+01
1.404692699376831513e+02 2.464112623273000580e+01 9.541186589170882826e+01
1.380875114030743873e+02 2.414592079453286999e+01 9.821000781548038105e+01
1.358423841552576619e+02 2.357627250014945375e+01 1.009470699048771962e+02
1.337185189331106869e+02 2.294825724594447891e+01 1.036287730643131511e+02
1.317098131646419006e+02 2.226589695987141226e+01 1.062573722006981143e+02
1.298113950665801610e+02 2.153176515345487729e+01 1.088346646795677799e+02
1.280183600013802163e+02 2.074863894208815296e+01 1.113624629092944929e+02
1.263260488937768997e+02 1.991914332463328918e+01 1.138424709588130241e+02
1.247332872568702982e+02 1.905144120866437518e+01 1.162630088411039821e+02
1.232385054365212511e+02 1.815377648367957164e+01 1.186132718788954890e+02
1.218444678650288182e+02 1.725334984665577664e+01 1.208788258082855265e+02
1.205584084771450222e+02 1.636662917918588533e+01 1.230459037147512049e+02
1.193744781704844655e+02 1.549318355884313547e+01 1.251195447703481278e+02
1.182880740246200304e+02 1.463647280900815240e+01 1.271007136430080493e+02
1.172866601628614660e+02 1.380378216346673881e+01 1.289948471688571203e+02
1.163419967869041898e+02 1.300019834534311158e+01 1.308112249067811206e+02
1.154231394404176427e+02 1.222856814841439288e+01 1.325598362349959984e+02
1.145264529766296135e+02 1.148940252105268200e+01 1.342447191810054221e+02
1.136480740358799579e+02 1.078369464459077598e+01 1.358698971785467791e+02
1.127864501874514076e+02 1.011118100789745000e+01 1.374377026607168659e+02
1.119411882950055457e+02 9.470989109128220562e+00 1.389495304720596494e+02
1.111122464697018870e+02 8.862937689917455231e+00 1.404046257141319245e+02
1.102989468519148488e+02 8.286584963586586028e+00 1.418039177586576898e+02
1.094996994790718219e+02 7.744559228934129180e+00 1.431489380540444074e+02
1.087140235089235745e+02 7.237592742363539777e+00 1.444406396589265000e+02
1.079414718285161854e+02 6.763873228187726738e+00 1.456814358514187120e+02
1.071815982386888209e+02 6.320566572199761701e+00 1.468749862575441512e+02
1.064339795923817604e+02 5.906912260170359197e+00 1.480250986621975358e+02
1.056982146886202969e+02 5.522413376213855862e+00 1.491336447168414452e+02
1.049739799778602958e+02 5.166323599093066932e+00 1.502017007550948051e+02
1.042607158282453952e+02 4.837442388245424496e+00 1.512312206260413632e+02
1.035579565524861323e+02 4.534620168161657361e+00 1.522239268033739847e+02
1.028644870936556117e+02 4.255388313316797344e+00 1.531831611459898852e+02
1.021791119478245236e+02 3.998022076463153773e+00 1.541112835417177678e+02
1.015001734200768624e+02 3.759217533340287076e+00 1.550143744760068785e+02
1.008271233423662636e+02 3.536192632304290928e+00 1.558986881804910070e+02
1.001644348531297339e+02 3.320644500886290373e+00 1.567644457070591102e+02
9.951225093305684766e+01 3.110590807324626894e+00 1.576139197625843167e+02
9.887023183951201588e+01 2.905022320396231983e+00 1.584492621785283006e+02
9.823819530329620875e+01 2.703762007701464132e+00 1.592709151677121326e+02
9.761598526112123864e+01 2.506759660961936031e+00 1.600790592379562725e+02
9.700344461030185528e+01 2.313948281412923969e+00 1.608739082620025727e+02
9.640041832385217901e+01 2.125259322897897540e+00 1.616556780412444994e+02
9.580675403424177716e+01 1.940626430624870835e+00 1.624245786903573219e+02
9.522230174479341258e+01 1.759984282310243842e+00 1.631808170545697294e+02
9.464691413217546767e+01 1.583268719915266187e+00 1.639245962925205902e+02
9.408044616865640819e+01 1.410416585137030943e+00 1.646561163971771862e+02
9.352275505980863102e+01 1.241365692278604493e+00 1.653755742817424448e+02
9.297370024450862047e+01 1.076054828249026984e+00 1.660831637796549103e+02
9.243314339493680620e+01 9.144237525633122088e-01 1.667790756445886018e+02
9.190094841657764846e+01 7.564131973424463862e-01 1.674634975504533543e+02
9.137698145442671205e+01 6.019648700165941557e-01 1.681366140828338018e+02
9.086111085967328904e+01 4.510214388153042653e-01 1.687986067849379594e+02
9.035320704939952918e+01 3.035264716664177187e-01 1.694496543510704214e+02
8.985314248768121104e+01 1.594244279653962704e-01 1.700899326526970583e+02
8.936079241710909571e+01 1.865835077169945844e-02 1.707196188628137747e+02
8.887603053042145973e+01 -1.188164983836277611e-01 1.713388670920331833e+02
8.839872455010872443e+01 -2.530191923477632110e-01 1.719477844400210529e+02
8.792875070243866276e+01 -3.839892007616249603e-01 1.725465133823726944e+02
8.746599114611144898e+01 -5.117780559160889364e-01 1.731352168391779287e+02
8.701033014733894788e+01 -6.364366674689835301e-01 1.737140554011671441e+02
8.656165401872465281e+01 -7.580148205620359514e-01 1.742831863810665709e+02
8.611985128530925238e+01 -8.765602356471735579e-01 1.748427618884221317e+02
8.568481190194576413e+01 -9.921210120651006159e-01 1.753929340185757724e+02
8.525642732706127447e+01 -1.104745266365289469e+00 1.759338541068426878e+02
8.483459075878471367e+01 -1.214480343886762626e+00 1.764656710629385543e+02
8.441919712285073274e+01 -1.321372824120278677e+00 1.769885313878488375e+02
8.401014303090367719e+01 -1.425468539192322970e+00 1.775025792319595155e+02
8.360745447697674138e+01 -1.526761317514905736e+00 1.780077888122334286e+02
8.321115676827780305e+01 -1.625236448813090595e+00 1.785041180196819539e+02
8.282053974239082095e+01 -1.721168735598029853e+00 1.789924788027174429e+02
8.243498008723658188e+01 -1.814805794234801262e+00 1.794736841317077563e+02
8.205400142082459070e+01 -1.906344462872014089e+00 1.799483701762347323e+02
8.167727429125321237e+01 -1.995930801441808899e+00 1.804169963050947274e+02
8.130461617670971464e+01 -2.083660091659857994e+00 1.808798450862983884e+02
