5.000000000000000000e+01 1.990966162946008700e+00
1.000000000000000000e+02 8.927824317459116532e-01
1.500000000000000000e+02 1.281355985890933535e+00
2.000000000000000000e+02 1.097703320485736267e+00
2.500000000000000000e+02 3.827884175091929020e-01
3.000000000000000000e+02 9.067948481403298677e-01
3.500000000000000000e+02 7.423024580917292337e-01
4.000000000000000000e+02 7.049372690826417598e-01
4.500000000000000000e+02 4.653024748525978471e-01
5.000000000000000000e+02 7.033817671907902636e-01
5.500000000000000000e+02 4.851965270049078960e-01
6.000000000000000000e+02 4.604539845300184009e-01
6.500000000000000000e+02 4.394032534855183969e-01
7.000000000000000000e+02 5.357824098768169119e-01
7.500000000000000000e+02 4.853168291147151314e-01
8.000000000000000000e+02 6.009430071382855232e-01
8.500000000000000000e+02 6.555240147520898564e-01
9.000000000000000000e+02 6.602299651489580423e-01
9.500000000000000000e+02 4.436483957872915385e-01
1.000000000000000000e+03 5.714125353346656278e-01
1.050000000000000000e+03 5.950023321812450305e-01
1.100000000000000000e+03 3.383531651623689074e-01
1.150000000000000000e+03 5.344245529253818461e-01
1.200000000000000000e+03 6.343565447891854614e-01
1.250000000000000000e+03 3.595376171394663034e-01
1.300000000000000000e+03 6.802699811373014160e-01
1.350000000000000000e+03 6.894585653260425495e-01
1.400000000000000000e+03 4.999953359501864147e-01
1.450000000000000000e+03 5.680539123132003265e-01
1.500000000000000000e+03 5.082412668752586571e-01
1.550000000000000000e+03 4.770767279775269376e-01
1.600000000000000000e+03 4.946647176638054422e-01
1.650000000000000000e+03 4.852968693776652742e-01
1.700000000000000000e+03 4.437869967889836453e-01
1.750000000000000000e+03 4.207682817945934239e-01
1.800000000000000000e+03 4.614775522146966402e-01
1.850000000000000000e+03 3.099545453817677543e-01
1.900000000000000000e+03 4.228120489247815250e-01
1.950000000000000000e+03 4.067553738175883060e-01
2.000000000000000000e+03 3.830392388441066887e-01
