5.000000000000000000e+01 2.999608749460648927e+00
1.000000000000000000e+02 1.678019868901098555e+00
1.500000000000000000e+02 1.406479780398022239e+00
2.000000000000000000e+02 1.350132600951699402e+00
2.500000000000000000e+02 1.047185580475206379e+00
3.000000000000000000e+02 8.470371871989665902e-01
3.500000000000000000e+02 8.311641001342628954e-01
4.000000000000000000e+02 7.149507471598093300e-01
4.500000000000000000e+02 6.585684284545036959e-01
5.000000000000000000e+02 9.342130992090382779e-01
5.500000000000000000e+02 7.719002166646293794e-01
6.000000000000000000e+02 7.194548585496296500e-01
6.500000000000000000e+02 4.793020883619763528e-01
7.000000000000000000e+02 7.186963307240925580e-01
7.500000000000000000e+02 8.186261840963915404e-01
8.000000000000000000e+02 6.076917664787051532e-01
8.500000000000000000e+02 5.718451165236586586e-01
9.000000000000000000e+02 7.476939810948879384e-01
9.500000000000000000e+02 6.647448456726643418e-01
1.000000000000000000e+03 3.830250174456883427e-01
1.050000000000000000e+03 5.359031437318908520e-01
1.100000000000000000e+03 7.491154782457460914e-01
1.150000000000000000e+03 7.202192124113903748e-01
1.200000000000000000e+03 6.933785742602893709e-01
1.250000000000000000e+03 4.162302443472050140e-01
1.300000000000000000e+03 3.640738913944581157e-01
1.350000000000000000e+03 5.911044216790118933e-01
1.400000000000000000e+03 6.173111926436296581e-01
1.450000000000000000e+03 5.028363795516257451e-01
1.500000000000000000e+03 4.519817431055489498e-01
1.550000000000000000e+03 6.578886149112950221e-01
1.600000000000000000e+03 5.230908355762521333e-01
1.650000000000000000e+03 5.994605955712603462e-01
1.700000000000000000e+03 2.815732883848333645e-01
1.750000000000000000e+03 5.263587550752502064e-01
1.800000000000000000e+03 5.115012798100284197e-01
1.850000000000000000e+03 4.845040062070516740e-01
1.900000000000000000e+03 4.950696730595621209e-01
1.950000000000000000e+03 4.745837483680185098e-01
2.000000000000000000e+03 3.829508784370703856e-01
