2.540000000000000000e+02 7.000000000000000000e+00 0.000000000000000000e+00
2.510573895062228189e+02 8.019935470937836541e+00 2.121172701231702096e+00
2.481415925675449046e+02 9.006747176367502661e+00 4.244137741997517921e+00
2.452524139960774789e+02 9.960781274026663468e+00 6.368796102543948123e+00
2.423896597916720452e+02 1.088238118318922254e+01 8.495049887261247434e+00
2.395531371346943672e+02 1.177188760725509908e+01 1.062280231295429367e+01
2.367426543860244408e+02 1.262963853375021017e+01 1.275195770884258373e+01
2.339580208294197234e+02 1.345595312238380359e+01 1.488242643054275938e+01
2.311990415911420484e+02 1.425078446826325518e+01 1.701422980548277053e+01
2.284655255881949074e+02 1.501417022277601276e+01 1.914736113813786744e+01
2.257572868101267431e+02 1.574636740753868480e+01 2.128174630309484883e+01
2.230741422511885901e+02 1.644773700383209203e+01 2.341727938878354109e+01
2.204159095340010026e+02 1.711861597822405301e+01 2.555386240456096303e+01
2.177824073351688412e+02 1.775933593025785839e+01 2.769139930835273233e+01
2.151734554317903019e+02 1.837022716256426946e+01 2.982979477305249461e+01
2.125888286308183126e+02 1.895169096613523507e+01 3.196888259511091590e+01
2.100283889280861160e+02 1.950398878292088156e+01 3.410863088832588375e+01
2.074929531047210389e+02 2.002585147099770069e+01 3.625050526028336151e+01
2.049831146262022799e+02 2.051636040240402536e+01 3.839563581591831820e+01
2.024990220979894673e+02 2.097530237801051101e+01 4.054446957508272931e+01
2.000404603499873986e+02 2.140304427559150469e+01 4.269688646066954618e+01
1.976072083793504248e+02 2.179996158753702318e+01 4.485275610297467352e+01
1.951990488261049563e+02 2.216642326056465251e+01 4.701195269363147133e+01
1.928157659062969742e+02 2.250279509796905941e+01 4.917435177021500436e+01
1.904571456950317838e+02 2.280943911717949746e+01 5.133983053010430808e+01
1.881229759881587711e+02 2.308671386286101423e+01 5.350826767788830551e+01
1.858130461828342277e+02 2.333497467782979484e+01 5.567954329309132078e+01
1.835271472775213226e+02 2.355457370305313702e+01 5.785353883017318566e+01
1.812650718719899317e+02 2.374585987764945827e+01 6.003013711852916146e+01
1.790266141673168079e+02 2.390917893888831003e+01 6.220922236248995318e+01
1.768115699658856101e+02 2.404487342219036350e+01 6.439068014132173801e+01
1.746197366713867609e+02 2.415328266112742028e+01 6.657439740922615101e+01
1.724509132888175316e+02 2.423474278742238752e+01 6.876026249534025681e+01
1.703049004265009501e+02 2.428958672575928546e+01 7.094816510653791397e+01
1.681815002896590272e+02 2.431814420317178005e+01 7.313799632511711479e+01
1.660805166040065330e+02 2.432074192790473433e+01 7.532964851904063153e+01
1.640017546185361823e+02 2.429770358183884227e+01 7.752301534618531775e+01
1.619449001006991296e+02 2.424931566095788682e+01 7.971816222951544262e+01
1.599101839897801085e+02 2.417601214368383467e+01 8.191439305114590752e+01
1.578997672140011161e+02 2.407878152335554489e+01 8.410828243657863368e+01
1.559138773645694300e+02 2.395809701120348834e+01 8.629909690101543163e+01
1.539520889858687269e+02 2.381424781384170331e+01 8.848702246098871171e+01
1.520141594610264804e+02 2.364757375696533259e+01 9.067198802577962624e+01
1.501050734509015854e+02 2.345864298240893575e+01 9.284791579881134282e+01
1.482324386984045930e+02 2.324822635952945049e+01 9.500562334425525535e+01
1.463952751696425310e+02 2.301678181801424472e+01 9.714573363890831104e+01
1.445930274807828084e+02 2.276476622168219421e+01 9.926840150793491091e+01
1.428251010047792136e+02 2.249262865463703776e+01 1.013738329022742874e+02
1.410909114651159655e+02 2.220080991679149562e+01 1.034622306188199445e+02
1.393898849212135076e+02 2.188974253553537608e+01 1.055337943048840685e+02
1.377214564665364662e+02 2.155985182339079032e+01 1.075887208404572846e+02
1.360850702210245800e+02 2.121155588416150550e+01 1.096272043404310494e+02
1.344801793310930407e+02 2.084526561293295543e+01 1.116494361545975664e+02
1.329062459696324652e+02 2.046138469607223698e+01 1.136556048676498563e+02
1.313627413360087246e+02 2.006030961122810652e+01 1.156458962991816861e+02
1.298491457487718321e+02 1.964242955145511615e+01 1.176204934769832278e+02
1.283649481922188613e+02 1.920812679333429429e+01 1.195795767704083232e+02
1.269096459057908248e+02 1.875777703109013572e+01 1.215233240104382730e+02
1.254827444665195344e+02 1.829174930922786046e+01 1.234519104658249091e+02
1.240837577189652023e+02 1.781040607936706266e+01 1.253655088637410842e+02
1.227122074953065152e+02 1.731410342741196118e+01 1.272642894721787314e+02
1.213676870882375027e+02 1.680309265438040711e+01 1.291484524944049781e+02
1.200473972698551677e+02 1.628103557913552635e+01 1.310171369706638131e+02
1.187482081176375033e+02 1.575158022397797808e+01 1.328695747243063749e+02
1.174695649808198255e+02 1.521513712489571724e+01 1.347058916664887533e+02
1.162111823235795214e+02 1.467185892174902584e+01 1.365262631155457314e+02
1.149727761679048399e+02 1.412189645906641466e+01 1.383308626784095452e+02
1.137540791654211887e+02 1.356538482748856644e+01 1.401198556078584261e+02
1.125548958302690892e+02 1.300238485239561292e+01 1.418933718972152178e+02
1.113740084896958393e+02 1.243403857574441673e+01 1.436520372054546613e+02
1.102105064153723504e+02 1.186116808345757434e+01 1.453963296942171723e+02
1.090641176023692509e+02 1.128391885254745297e+01 1.471264175995953565e+02
1.079346282037223403e+02 1.070239873301337497e+01 1.488424452422624142e+02
1.068218056208122135e+02 1.011669319928085287e+01 1.505445564315941169e+02
1.057255105718260637e+02 9.526795710609645695e+00 1.522327961328488755e+02
1.046405974983921823e+02 8.934714312567450634e+00 1.539107532100342439e+02
1.035613382278319676e+02 8.342392565832746243e+00 1.555827612111657743e+02
1.024831840469703934e+02 7.749361788084662805e+00 1.572542930669147836e+02
1.014050189862177120e+02 7.155491127924729078e+00 1.589266913295086852e+02
1.003267910691140656e+02 6.560756412331406828e+00 1.605999648245462197e+02
9.924847925941264748e+01 5.965147930224675044e+00 1.622741163212540414e+02
9.817008780803637080e+01 5.368668023659771471e+00 1.639491443528319508e+02
9.709161592169796506e+01 4.771316629311888491e+00 1.656250483483517826e+02
9.601306389793849405e+01 4.173094204270859642e+00 1.673018275390807901e+02
9.493443936234375258e+01 3.573999125061356530e+00 1.689794753258239268e+02
9.385580899536988397e+01 2.974012851005944924e+00 1.706579379114827475e+02
9.277687819165703331e+01 2.373220614831970998e+00 1.723374499954631176e+02
9.169735396505672043e+01 1.771706808403292532e+00 1.740182453239122822e+02
9.061708209784063683e+01 1.169515533032386090e+00 1.757004472228418877e+02
8.953603274520747846e+01 5.666548234240385007e-01 1.773840800127904913e+02
8.845420351588609265e+01 -3.687509351389779699e-02 1.790691460215896598e+02
8.737159338923977714e+01 -6.410744062767806950e-01 1.807556465022157965e+02
8.628820195497800682e+01 -1.245943484373499111e+00 1.824435822254222614e+02
8.520402880260438394e+01 -1.851482697499648999e+00 1.841329539623503990e+02
8.411907352141663807e+01 -2.457692415537535258e+00 1.858237624845295670e+02
8.303333605817068985e+01 -3.064570208947877461e+00 1.875160009803628043e+02
8.194681726337792327e+01 -3.672106798772579950e+00 1.892096440851585726e+02
8.085951649267573771e+01 -4.280304830266370431e+00 1.909046987347091715e+02
7.977143293988152095e+01 -4.889168121609753115e+00 1.926011750416509756e+02
7.868256579591728439e+01 -5.498700405099521404e+00 1.942990828855931511e+02
7.759291424880974830e+01 -6.108905327148753450e+00 1.959984319131173152e+02
7.650247748369018552e+01 -6.719786448286813929e+00 1.976992315377779335e+02
7.541125468279449251e+01 -7.331347243159353155e+00 1.994014909401020930e+02
7.431924502546331723e+01 -7.943591100528310633e+00 2.011052190675893883e+02
7.322644768814180338e+01 -8.556521323271905288e+00 2.028104246347123478e+02
7.213286184437980353e+01 -9.170141128384649676e+00 2.045171161229158656e+02
7.103848666483179386e+01 -9.784453646977338437e+00 2.062253017806176842e+02
6.994332131725684576e+01 -1.039946192427705363e+01 2.079349896232081960e+02
6.884736496651868265e+01 -1.101516891962716471e+01 2.096461874330503008e+02
6.775061677458569420e+01 -1.163157750648732502e+01 2.113589027594798040e+02
6.665307590053085107e+01 -1.224869047243347708e+01 2.130731429188048480e+02
6.555474150053179017e+01 -1.286651051915784372e+01 2.147889149943065945e+02
6.445561272787077201e+01 -1.348504026246894405e+01 2.165062258362385421e+02
6.335568873293467362e+01 -1.410428223229157041e+01 2.182250820618270950e+02
6.225496866321501699e+01 -1.472423887266681497e+01 2.199454900552711365e+02
6.115345166330797610e+01 -1.534491254175204489e+01 2.216674559677422849e+02
6.005113687491430596e+01 -1.596630551182092184e+01 2.233909857173848366e+02
5.894802343683946333e+01 -1.658841996926338780e+01 2.251160849893157376e+02
5.784411048499347174e+01 -1.721125801458566684e+01 2.268427592356245839e+02
5.673939715239102100e+01 -1.783482166241028821e+01 2.285710136753735640e+02
5.563388256915143160e+01 -1.845911284147605613e+01 2.303008532945976015e+02
5.452756586249864057e+01 -1.908413339463804448e+01 2.320322828463043265e+02
5.342044615676125119e+01 -1.970988507886763941e+01 2.337653068504738769e+02
5.231252257337244771e+01 -2.033636956525250028e+01 2.354999295940591821e+02
