2.540000000000000000e+02 7.000000000000000000e+00 0.000000000000000000e+00
2.527704137835370943e+02 7.417545363761123944e+00 7.944570346235996228e-01
2.515154839005413976e+02 7.848161252032398671e+00 1.600182881149506020e+00
2.502341977631561463e+02 8.292161875555301265e+00 2.417933339588398400e+00
2.489259694424019642e+02 8.749839758573381587e+00 3.247981236091082025e+00
2.475902000448486717e+02 9.221493903341384524e+00 4.090605427413145811e+00
2.462261293656148666e+02 9.707169669888573438e+00 4.946503408397626700e+00
2.448306407505168067e+02 1.020340576561262935e+01 5.822311292733036936e+00
2.434007411244339210e+02 1.070746381491257893e+01 6.723697544108945046e+00
2.419314729936037338e+02 1.121471983237321091e+01 7.659700509327838525e+00
2.404189539575657193e+02 1.172292312378182366e+01 8.636165325853617958e+00
2.388620458694045681e+02 1.223206547416248569e+01 9.654188984581972832e+00
2.372596749847670594e+02 1.274218571239922859e+01 1.071475897988931969e+01
2.356107414868002365e+02 1.325332358229350405e+01 1.181888681445126110e+01
2.339141180934187219e+02 1.376551979154064043e+01 1.296760928159714865e+01
2.321686500471632826e+02 1.427881601208646778e+01 1.416198847464805688e+01
2.303731544846247346e+02 1.479325490230115392e+01 1.540311236751914237e+01
2.285264204281669436e+02 1.530888010726926751e+01 1.669209482234194297e+01
2.266272076181474802e+02 1.582573629985543562e+01 1.803007666469482828e+01
2.246742446177890997e+02 1.634386924734647195e+01 1.941822742854010286e+01
2.226662287988161779e+02 1.686332581195648928e+01 2.085774536944937552e+01
2.206018262903263008e+02 1.738415395262478214e+01 2.234985751168045098e+01
2.184796709957537928e+02 1.790640275958176630e+01 2.389582055330800259e+01
2.162983633702996826e+02 1.843012249734158559e+01 2.549692199190442210e+01
2.140564695832834445e+02 1.895536463415715289e+01 2.715448089580209157e+01
2.117525210394708779e+02 1.948218185885212961e+01 2.886984834483362761e+01
2.093850133250887211e+02 2.001062811655202012e+01 3.064440840163295121e+01
2.069519798381835187e+02 2.053993105668072516e+01 3.248050696583971586e+01
2.044514161919319122e+02 2.106929298267626294e+01 3.438054118626965305e+01
2.018822675457045932e+02 2.159805745007668420e+01 3.634599626301199748e+01
1.992470425198258965e+02 2.212133716186536958e+01 3.837815079657924855e+01
1.965464529322170222e+02 2.263690098047995392e+01 4.047808054925304333e+01
1.937900591829050825e+02 2.313767350194171968e+01 4.264369412096330336e+01
1.909925719977410949e+02 2.361288400853793235e+01 4.487201202037461201e+01
1.881643161442807468e+02 2.405494201729086967e+01 4.716113711842435663e+01
1.853168176163775911e+02 2.446141016043620553e+01 4.950254554900192261e+01
1.824778433040512198e+02 2.482712857404206730e+01 5.187501063695815873e+01
1.796511288490167715e+02 2.515170107223089246e+01 5.427539230502186030e+01
1.768372014958904685e+02 2.543536844132866648e+01 5.670296428113780252e+01
1.740365280165466686e+02 2.567838689728301205e+01 5.915704180668490153e+01
1.712503794699693174e+02 2.587923825933033939e+01 6.163837564961921345e+01
1.684837004833468086e+02 2.602685477110436807e+01 6.415610277854675303e+01
1.657377311936910473e+02 2.612022284669371075e+01 6.671040142489142966e+01
1.630131457834341688e+02 2.615981070874290282e+01 6.930014938068354979e+01
1.603105937169815434e+02 2.614613240140077366e+01 7.192419375118811331e+01
1.576307111451242235e+02 2.607971350535774491e+01 7.458138235752252854e+01
1.549741206415867225e+02 2.596109039394469420e+01 7.727056476016610986e+01
1.523414312030271276e+02 2.579081023313294452e+01 7.999059225896010616e+01
1.497332382490370719e+02 2.556943098153429617e+01 8.274031789310758711e+01
1.471501236317594419e+02 2.529752138844543197e+01 8.551859643403305711e+01
1.445926558418640013e+02 2.497566069857575144e+01 8.832428449556503836e+01
1.420610728147185284e+02 2.460445515101787706e+01 9.115653137773519177e+01
1.395884258498001316e+02 2.418281951306353861e+01 9.398438157137961468e+01
1.372614478918102634e+02 2.370808746704287984e+01 9.672638961913693834e+01
1.350809190309446137e+02 2.318320255133236074e+01 9.937873468758706963e+01
1.330401770749144532e+02 2.261140729378982073e+01 1.019445114397174308e+02
1.311328273454418252e+02 2.199579849140435428e+01 1.044267061808119905e+02
1.293526943663465261e+02 2.133936375142415898e+01 1.068282061339030520e+02
1.276877913570604335e+02 2.065080255813089494e+01 1.091508111848091431e+02
1.261081289125948643e+02 1.996112280832630148e+01 1.113852398883884405e+02
1.246054909602193987e+02 1.928206575266910150e+01 1.135275522909632855e+02
1.231711676459491400e+02 1.861829857517425069e+01 1.155839930801577395e+02
1.217994134246865627e+02 1.797182298713201476e+01 1.175593996104398684e+02
1.204877441958019375e+02 1.734200204336731943e+01 1.194569546600749419e+02
1.192337730183437969e+02 1.672822347754435413e+01 1.212797166829216025e+02
1.180352027688810068e+02 1.612989783944478717e+01 1.230306292018364616e+02
1.168898259853566799e+02 1.554645845534875903e+01 1.247125210084476663e+02
1.157955240288336967e+02 1.497736121528159892e+01 1.263281072356609513e+02
1.147502663279623363e+02 1.442208438133757475e+01 1.278799903242690306e+02
1.137520986988634633e+02 1.388012562433980079e+01 1.293706749663036248e+02
1.127991413383221442e+02 1.335100151468304652e+01 1.308025706725202042e+02
1.118895883655896881e+02 1.283424740606693248e+01 1.321779923586227881e+02
1.110217079138686813e+02 1.232941745861989524e+01 1.334991602282770771e+02
1.101938385403695406e+02 1.183608372811542253e+01 1.347682043660190629e+02
1.094043807345378951e+02 1.135383401145549342e+01 1.359871756015482447e+02
1.086517964295785106e+02 1.088227172273160370e+01 1.371580461346821096e+02
1.079346093689637769e+02 1.042101598618358338e+01 1.382827090664700336e+02
1.072514031998938435e+02 9.969701152387221654e+00 1.393629808384649493e+02
1.065991896672851738e+02 9.528205016051957799e+00 1.404021883182568331e+02
1.059697132472070962e+02 9.097211366246668263e+00 1.414087266311715325e+02
1.053594863512418272e+02 8.676807859761158426e+00 1.423862976414317814e+02
1.047681582256875430e+02 8.266672376230284058e+00 1.433355295247627339e+02
1.041951911946326845e+02 7.866514757684245573e+00 1.442572278648624433e+02
1.036400506066578941e+02 7.476055502895452065e+00 1.451521867137736876e+02
1.031022225136239143e+02 7.095022393577036013e+00 1.460211721102051854e+02
1.025812478106664685e+02 6.723166606500386777e+00 1.468648720731621040e+02
1.020753580679792947e+02 6.359731745089189481e+00 1.476858036909169698e+02
1.015796674076476194e+02 6.002759903518560591e+00 1.484908344104329672e+02
1.010932108622852326e+02 5.651681899207219750e+00 1.492814561639569320e+02
1.006155329592888705e+02 5.306222171291205214e+00 1.500583769163660577e+02
1.001447792331497766e+02 4.965162789167345103e+00 1.508245134818878341e+02
9.967490373667588699e+01 4.624526539711330209e+00 1.515893809716663156e+02
9.920519760149826993e+01 4.283847102560597975e+00 1.523540950104591047e+02
9.873566114647888980e+01 3.943124791030779175e+00 1.531186550263714139e+02
9.826629460215276879e+01 3.602359860320100804e+00 1.538830605865232428e+02
9.779709819880332589e+01 3.261552565508134105e+00 1.546473112583929606e+02
9.732807216646243376e+01 2.920703161555770144e+00 1.554114066098172202e+02
9.685921663617239119e+01 2.579812099189220387e+00 1.561753461662489144e+02
9.639051653931896624e+01 2.238909907217776940e+00 1.569391229304077910e+02
9.592195896735663041e+01 1.898022570630380379e+00 1.577027310339584005e+02
9.545354142563171251e+01 1.557155350929497306e+00 1.584661691643839276e+02
9.498526182295324816e+01 1.216312697791123387e+00 1.592294361923787847e+02
9.451711847159320712e+01 8.754982490647851279e-01 1.599925311718488672e+02
9.404911008728630861e+01 5.347148307735394290e-01 1.607554533399112699e+02
9.358123578923012076e+01 1.939644571139736984e-01 1.615182021168944289e+02
9.311349510008501795e+01 -1.467516695437949548e-01 1.622807771063381495e+02
9.264588794597422350e+01 -4.874331586561179153e-01 1.630431780949934932e+02
9.217841465648376698e+01 -8.280804315058165610e-01 1.638054050528228061e+02
9.171107596466248424e+01 -1.168694721202181430e+00 1.645674581329997750e+02
9.124387285860537133e+01 -1.509277771312363070e+00 1.653293376024651309e+02
9.077680497378301538e+01 -1.849828578129176782e+00 1.660910430947512566e+02
9.030987215302718596e+01 -2.190346567859447813e+00 1.668525743470550253e+02
8.984307447673529623e+01 -2.530831650326159643e+00 1.676139312086505413e+02
8.937641202521948003e+01 -2.871283735410007143e+00 1.683751135289467982e+02
8.890988487870647816e+01 -3.211702733049394798e+00 1.691361211574872812e+02
8.844349311733768104e+01 -3.552088553240439595e+00 1.698969539439503080e+02
8.797723682116912869e+01 -3.892441106036965248e+00 1.706576117381488871e+02
8.751111607017158178e+01 -4.232760301550512416e+00 1.714180943900306886e+02
8.704513094423036534e+01 -4.573046049950328928e+00 1.721784017496781303e+02
8.657928152314546821e+01 -4.913298261463373784e+00 1.729385336673084055e+02
8.611356788663155726e+01 -5.253516846374318483e+00 1.736984899932732276e+02
8.564799392401643274e+01 -5.593693138834448852e+00 1.744582607532026657e+02
8.518256447884225224e+01 -5.933816302312820312e+00 1.752178334975841665e+02
8.471726979821406189e+01 -6.273908354347764948e+00 1.759772334168096961e+02
