2.540000000000000000e+02 7.000000000000000000e+00 0.000000000000000000e+00
2.528640766760984206e+02 7.375395915002107117e+00 7.811207443763000802e-01
2.517055754732083415e+02 7.763935774461426575e+00 1.570450639428199180e+00
2.505217210490044693e+02 8.166025948151153457e+00 2.370677251348316528e+00
2.493112908753786030e+02 8.582009994534754327e+00 3.182755082039265382e+00
2.480736661875041307e+02 9.012205489991341523e+00 4.006966893751105374e+00
2.468082198539520959e+02 9.456947883538889599e+00 4.843585488577807574e+00
2.455138027346430079e+02 9.915676431786573986e+00 5.694301874032581701e+00
2.441875549144144770e+02 1.038526484152713714e+01 6.565094985074326317e+00
2.428264800190259223e+02 1.086341988878625031e+01 7.461144129743595421e+00
2.414268141619447761e+02 1.134615662093537125e+01 8.389693129777890945e+00
2.399850416215030009e+02 1.183175906353144669e+01 9.355710313766257613e+00
2.384986342024942019e+02 1.231942691707000392e+01 1.036237696457050461e+01
2.369664425882273804e+02 1.280922114026959235e+01 1.141072904384278353e+01
2.353873029447724150e+02 1.330121291299564135e+01 1.250180626255342986e+01
2.337600217891267107e+02 1.379547519108858289e+01 1.363667485953391889e+01
2.320833743228729418e+02 1.429208280634820660e+01 1.481642909221019977e+01
2.303561044204588484e+02 1.479111246723688211e+01 1.604219124708787803e+01
2.285769239041089236e+02 1.529264280238488283e+01 1.731511228842965266e+01
2.267445124431009447e+02 1.579675436663163879e+01 1.863637194836423916e+01
2.248575162596163466e+02 1.630352971867764822e+01 2.000717988465493491e+01
2.229145458187159079e+02 1.681305355968795112e+01 2.142877774728403040e+01
2.209141758055936293e+02 1.732541273465694331e+01 2.290243919880207812e+01
2.188549449019556050e+02 1.784069624582535596e+01 2.442947011438392124e+01
2.167353542520216934e+02 1.835899534471774075e+01 2.601120995417154802e+01
2.145538685255601479e+02 1.888040346836067229e+01 2.764903081226643877e+01
2.123089118829640256e+02 1.940501648137911772e+01 2.934434102644062747e+01
2.099988672422645379e+02 1.993293271997534788e+01 3.109858583387969588e+01
2.076220762791311358e+02 2.046425299192899772e+01 3.291324737118272736e+01
2.051768392216045527e+02 2.099908058891196205e+01 3.478984485799767157e+01
2.026615518238469917e+02 2.153736213328582139e+01 3.672992820650910772e+01
2.000789250219390851e+02 2.207415672887853830e+01 3.873474721803911081e+01
1.974287300511514331e+02 2.260664181902959058e+01 4.080656928469897338e+01
1.947117614452320709e+02 2.313189286076711326e+01 4.294710202322936965e+01
1.919420221483391060e+02 2.363944235079339151e+01 4.515319816737690672e+01
1.891350353947377414e+02 2.411739002868671733e+01 4.742214784548762907e+01
1.863055862301322918e+02 2.456013389313824646e+01 4.974545928844519693e+01
1.834842593942689462e+02 2.496144289249174975e+01 5.210004109284250973e+01
1.806733932174844597e+02 2.532115487890979111e+01 5.448383085563903450e+01
1.778735980405243140e+02 2.563947749731888237e+01 5.689605391805326917e+01
1.750854770804368741e+02 2.591662684572832731e+01 5.933593443103433174e+01
1.723096263747603132e+02 2.615282740587880639e+01 6.180269547348039794e+01
1.695472288313599734e+02 2.634668849654254075e+01 6.429695517120391912e+01
1.668028328482891993e+02 2.648779947903428322e+01 6.682703413739645271e+01
1.640783769873313531e+02 2.657323013063778561e+01 6.939471275780937276e+01
1.613744844269133694e+02 2.660367758881223921e+01 7.199864511244349785e+01
1.586918386708345565e+02 2.657964468322016316e+01 7.463766494312636723e+01
1.560311030232000178e+02 2.650166720246748397e+01 7.731058804504402815e+01
1.533929274365536912e+02 2.637029351630575746e+01 8.001623023536124890e+01
1.507779480106865719e+02 2.618608319884704372e+01 8.275340923861470799e+01
1.481867869917068958e+02 2.594960702610175218e+01 8.552094469011713329e+01
1.456200527720402533e+02 2.566144697597860258e+01 8.831765813595737313e+01
1.430783398908694437e+02 2.532219622826406180e+01 9.114237303259763223e+01
1.405741734185185692e+02 2.493164509594607026e+01 9.398307892985793899e+01
1.381986672026672238e+02 2.448508001529384970e+01 9.675559725104211850e+01
1.359730838649578004e+02 2.398401353592972995e+01 9.943761619255035100e+01
1.338900230279351149e+02 2.343201669696608036e+01 1.020327184619378045e+02
1.319430163122376314e+02 2.283242967129007539e+01 1.045438119631496079e+02
1.301257937447117001e+02 2.218844764896130783e+01 1.069737585805150246e+02
1.284264704151180467e+02 2.150550752527193765e+01 1.093229562939397823e+02
1.268153764262135752e+02 2.081024074035629212e+01 1.115864896076447650e+02
1.252826608285826779e+02 2.011980174788882181e+01 1.137611050279488722e+02
1.238213401504611824e+02 1.944383397538715030e+01 1.158474689264827902e+02
1.224241818005085634e+02 1.878559926304851402e+01 1.178511141269829636e+02
1.210884204495698384e+02 1.814461278601971017e+01 1.197754058153789458e+02
1.198115147639344542e+02 1.752030551218679832e+01 1.216235256735764949e+02
1.185911412152232316e+02 1.691202924822593090e+01 1.233984749892546802e+02
1.174250564099678087e+02 1.631917356325347868e+01 1.251031404252030939e+02
1.163110807179896398e+02 1.574117877552807876e+01 1.267403024928081976e+02
1.152471265379211331e+02 1.517749789682208217e+01 1.283126321866996307e+02
1.142311864065566454e+02 1.462760471599941781e+01 1.298226981202271872e+02
1.132613324255552953e+02 1.409099365055906006e+01 1.312729672577586939e+02
1.123357165712854453e+02 1.356717982677653112e+01 1.326658045189660413e+02
1.114525657352248516e+02 1.305569779561064081e+01 1.340034791137958052e+02
1.106101733556738367e+02 1.255609936596701814e+01 1.352881752314727066e+02
1.098068990842917998e+02 1.206795351835458163e+01 1.365219924664420432e+02
1.090411691724443273e+02 1.159084650487755574e+01 1.377069453249087587e+02
1.083114739395180806e+02 1.112438119365604372e+01 1.388449664586635208e+02
1.076162940916662336e+02 1.066818521747071991e+01 1.399379797427449432e+02
1.069496347309735853e+02 1.022256797344123314e+01 1.409922033159653552e+02
1.063035532465235633e+02 9.788211564233993300e+00 1.420156644290675274e+02
1.056772652891446143e+02 9.364827293352341542e+00 1.430094287208795549e+02
1.050702205870451706e+02 8.952100177226549604e+00 1.439743301173472503e+02
1.044818625635856932e+02 8.549728164013870924e+00 1.449111993934715201e+02
1.039116507418352171e+02 8.157417921360412549e+00 1.458208433045677737e+02
1.033590601131061533e+02 7.774884494473909058e+00 1.467040455283180052e+02
1.028235807885413777e+02 7.401851117463588814e+00 1.475615671845578731e+02
1.023043203836540158e+02 7.038202203876213758e+00 1.483944649400486071e+02
1.017963410538917230e+02 6.682168376933391052e+00 1.492094834586640673e+02
1.012977940168436533e+02 6.332773449752632011e+00 1.500093835600472403e+02
1.008078374539516489e+02 5.989485534252314558e+00 1.507954853305023732e+02
1.003263522542645205e+02 5.652217019201572157e+00 1.515679814950648847e+02
9.985076346978388528e+01 5.319119907286443016e+00 1.523310200703897976e+02
9.937551182238071590e+01 4.986201375399645919e+00 1.530935584045751625e+02
9.890038105251228728e+01 4.653306115176422786e+00 1.538559449361109159e+02
9.842536751658629157e+01 4.320431535746950935e+00 1.546181855201004680e+02
9.795046871936983734e+01 3.987575870859785709e+00 1.553802841614728152e+02
9.747568331398957753e+01 3.654738178881860033e+00 1.561422430149820570e+02
9.700101110193156728e+01 3.321918342798485302e+00 1.569040623852077658e+02
9.652645303304139190e+01 2.989117070213353156e+00 1.576657407265549296e+02
9.605201054691667650e+01 2.656335420497442978e+00 1.584272757043074762e+02
9.557768308145203662e+01 2.323573015899890404e+00 1.591886682086016265e+02
9.510347061849913075e+01 1.990829869124267626e+00 1.599499182532803729e+02
9.462937324449912069e+01 1.658106067966983010e+00 1.607110256836855342e+02
9.415539104581647223e+01 1.325401700175645292e+00 1.614719903452769643e+02
9.368152410873899782e+01 9.927168534490561358e-01 1.622328120836330072e+02
9.320777251947782815e+01 6.600516154372153554e-01 1.629934907444502699e+02
9.273413636416738370e+01 3.274060737413169719e-01 1.637540261735436786e+02
9.226061572886543161e+01 -5.219684086247923342e-03 1.645144182168465647e+02
9.178721069955304301e+01 -3.378255705418922727e-01 1.652746667204104369e+02
9.131392136213466415e+01 -6.704114981708346743e-01 1.660347715304052372e+02
9.084074780243768998e+01 -1.002977379567093763e+00 1.667947324931191986e+02
9.036769010621380005e+01 -1.335523127373511532e+00 1.675545494549588454e+02
8.989474835913716788e+01 -1.668048654281720555e+00 1.683142222624489079e+02
8.942192264680566893e+01 -2.000553873032176355e+00 1.690737507622324927e+02
8.894921305474052531e+01 -2.333038696414158952e+00 1.698331348010709121e+02
8.847661966838646208e+01 -2.665503037265775532e+00 1.705923742258435709e+02
8.800414257311166466e+01 -2.997946808473956448e+00 1.713514688835481650e+02
8.753178185420769353e+01 -3.330369922974458774e+00 1.721104186213005107e+02
8.705953759688956950e+01 -3.662772293751864083e+00 1.728692232863348011e+02
8.658741086615320626e+01 -3.995151601233204897e+00 1.736278801940991059e+02
8.611541171216529733e+01 -4.327485036956056241e+00 1.743863634325715282e+02
8.564353337248127218e+01 -4.659788079130460225e+00 1.751446905194869998e+02
8.517176518689164766e+01 -4.992085113074793412e+00 1.759028890606919049e+02
