2.540000000000000000e+02 7.000000000000000000e+00 0.000000000000000000e+00
2.527571978174867979e+02 7.422141783790231706e+00 8.737025663323838565e-01
2.514854714593081724e+02 7.859466200844700268e+00 1.760600279534559220e+00
2.501830997686922728e+02 8.310497292639135836e+00 2.663902324612541506e+00
2.488480229134449644e+02 8.773201043256548814e+00 3.587720470925735317e+00
2.474772733751227634e+02 9.244851332030618707e+00 4.537490180134045481e+00
2.460663504180042480e+02 9.721259249982072248e+00 5.521650567657839126e+00
2.446119095242617050e+02 1.020106820592686603e+01 6.544763274099596906e+00
2.431111493242908068e+02 1.068334924409647257e+01 7.610447383823587764e+00
2.415628515976211759e+02 1.116817435839389461e+01 8.719811386565675448e+00
2.399657839452074768e+02 1.165562766060968691e+01 9.873965585908125675e+00
2.383186812370903738e+02 1.214579545090089852e+01 1.107404982431292240e+01
2.366202449790462197e+02 1.263876626021290939e+01 1.232123405461874555e+01
2.348691429725872695e+02 1.313463087305184551e+01 1.361671864683818178e+01
2.330640086686635186e+02 1.363348237076961311e+01 1.496173497134046571e+01
2.312034406550852452e+02 1.413541616589671257e+01 1.635754586137303690e+01
2.292859998630766256e+02 1.464053018924285787e+01 1.780544813370313406e+01
2.273102094002664728e+02 1.514892490108302425e+01 1.930677273931750904e+01
2.252745542172673652e+02 1.566070331348864464e+01 2.086288506428226341e+01
2.231774798990030604e+02 1.617597107127761902e+01 2.247518602038599411e+01
2.210173929778593731e+02 1.669483643104146964e+01 2.414511176256661074e+01
2.187926570478421979e+02 1.721741052140852091e+01 2.587413719527505052e+01
2.165015923427818905e+02 1.774380737129439822e+01 2.766377635307921068e+01
2.141424757358883824e+02 1.827414390993197557e+01 2.951558240106598063e+01
2.117135399731548659e+02 1.880854001821123234e+01 3.143114832657789037e+01
2.092129713737039367e+02 1.934711868270110458e+01 3.341210901429421654e+01
2.066390342834602052e+02 1.988986838262165335e+01 3.546013133546860985e+01
2.039932432655706407e+02 2.043322292939426532e+01 3.757659129189817548e+01
2.012771243486628805e+02 2.097375833935868528e+01 3.976273828061986393e+01
1.984891354035649158e+02 2.151149782304515767e+01 4.202003174967331489e+01
1.956378871024894579e+02 2.204025860666570580e+01 4.434627592837236421e+01
1.927376138441587443e+02 2.254723006165306742e+01 4.673992069872990385e+01
1.898077175221986295e+02 2.301890603232345356e+01 4.919532031179176101e+01
1.868804943507454084e+02 2.344794660384303953e+01 5.168828545179613343e+01
1.839642784676475742e+02 2.383289621672818015e+01 5.421214506213102169e+01
1.810596915820193260e+02 2.417399270472285266e+01 5.676607054550862586e+01
1.781673925956798143e+02 2.447147402689413553e+01 5.934919736595714568e+01
1.752880322933440027e+02 2.472558743390260716e+01 6.196066011035004095e+01
1.724232241752237087e+02 2.493390654066130097e+01 6.460188244051197159e+01
1.695779288000177587e+02 2.508501329018669423e+01 6.728188229481305882e+01
1.667537515957132257e+02 2.517710532975643289e+01 7.000136270577675646e+01
1.639515370064904687e+02 2.521050642822061860e+01 7.275920817189036427e+01
1.611719649682665931e+02 2.518597620550601590e+01 7.555394083939671646e+01
1.584157721096070475e+02 2.510407857650426777e+01 7.838426605737389252e+01
1.556836676097428551e+02 2.496542656109724234e+01 8.124885939577794147e+01
1.529763450819698960e+02 2.477064629402999785e+01 8.414639835024182446e+01
1.502944825476342885e+02 2.452037676349281625e+01 8.707556263475011349e+01
1.476387423089611559e+02 2.421526931628596202e+01 9.003503481237113704e+01
1.450097709068404868e+02 2.385598739172460014e+01 9.302350060866054093e+01
1.424092918830354222e+02 2.344311936301514976e+01 9.603864883067912217e+01
1.399189589821926063e+02 2.297148353240248042e+01 9.900439653637752713e+01
1.375895042405513493e+02 2.244017826496497392e+01 1.018710988997563334e+02
1.354129931316753641e+02 2.185318589899720720e+01 1.046425910820693730e+02
1.333822740069722670e+02 2.121426532231621209e+01 1.073221562451517457e+02
1.314871119310767540e+02 2.052789797153474893e+01 1.099114152480118918e+02
1.297083321732060028e+02 1.980114714174567325e+01 1.124074703752348370e+02
1.280260288137147597e+02 1.906459062983913455e+01 1.148053946454820959e+02
1.264284326868564108e+02 1.833935038380260352e+01 1.171016962793408567e+02
1.249070899360415297e+02 1.762964250723042170e+01 1.193026335388431249e+02
1.234538196852783472e+02 1.693930492086553841e+01 1.214144301664415480e+02
1.220655232684920435e+02 1.626788057528553111e+01 1.234408361685608924e+02
1.207395018436319702e+02 1.561468973262575410e+01 1.253853229485680316e+02
1.194732796636231740e+02 1.497898143784674296e+01 1.272511678057868636e+02
1.182644020977351573e+02 1.436010706655976144e+01 1.290415501749807277e+02
1.171105271517968873e+02 1.375742946305104830e+01 1.307595169174937269e+02
1.160094056293441156e+02 1.317033648335683438e+01 1.324079943311598413e+02
1.149588795991961518e+02 1.259824058266728564e+01 1.339897901409348151e+02
1.139568833205388501e+02 1.204057906435471459e+01 1.355075922972354761e+02
1.130014314431308264e+02 1.149681090323609922e+01 1.369639843037758169e+02
1.120906162694498818e+02 1.096641600848303888e+01 1.383614487740199479e+02
1.112226080469618665e+02 1.044889530228796026e+01 1.397023670515383742e+02
1.103956534025260225e+02 9.943770298284455578e+00 1.409890212437718446e+02
1.096080685812800510e+02 9.450581281332882000e+00 1.422236030046469750e+02
1.088582531855072091e+02 8.968884649907481688e+00 1.434082006384195438e+02
1.081426840016880959e+02 8.498547546450696544e+00 1.445467549878111697e+02
1.074500483630445160e+02 8.040678716755987665e+00 1.456507241051817800e+02
1.067789113305008470e+02 7.595024578096494672e+00 1.467218660597849862e+02
1.061285981045561186e+02 7.161234045382983027e+00 1.477611868870633316e+02
1.054984775553576100e+02 6.738996374654258048e+00 1.487696142917517932e+02
1.048876189872640055e+02 6.328752548716384041e+00 1.497478292755787095e+02
1.042953054983946544e+02 5.930475073181127321e+00 1.506966366118515737e+02
1.037209810269279586e+02 5.543806053599094952e+00 1.516169175185821416e+02
1.031642023337795990e+02 5.168449329956411376e+00 1.525093812178237727e+02
1.026215238469390272e+02 4.802517710752598923e+00 1.533792815635381999e+02
1.020893451570892978e+02 4.444057128842098692e+00 1.542320972847134328e+02
1.015648163652867737e+02 4.091037401006405005e+00 1.550724677089512795e+02
1.010408682493217611e+02 3.738365381458847558e+00 1.559119367362329456e+02
1.005170207779823386e+02 3.385695764479309311e+00 1.567512879660205272e+02
9.999326180078593040e+01 3.033021043202853040e+00 1.575905405827542722e+02
9.946958840764472143e+01 2.680339442200586397e+00 1.584296991694861276e+02
9.894599829108825872e+01 2.327649559774460641e+00 1.592687673570600282e+02
9.842248948612548531e+01 1.974950206581200574e+00 1.601077482351886943e+02
9.789906037024462648e+01 1.622240405632305871e+00 1.609466443524536601e+02
9.737570966341326084e+01 1.269519392294051530e+00 1.617854577163052454e+02
9.685243642807829190e+01 9.167866142874849800e-01 1.626241897930624987e+02
9.632924006916603332e+01 5.640417316884265286e-01 1.634628415079133390e+02
9.580612033408206685e+01 2.112846169274746611e-01 1.643014132449144427e+02
9.528307731271135594e+01 -1.414846452100011476e-01 1.651399048469912145e+02
9.476011143741817477e+01 -4.942657575838559358e-01 1.659783156159380155e+02
9.423722348304615082e+01 -8.470582106991728644e-01 1.668166443124177363e+02
9.371441456690446614e+01 -1.199861282714679067e+00 1.676548891559835681e+02
9.319168490553393269e+01 -1.552674810013459528e+00 1.684930497892384267e+02
9.266903389534799373e+01 -1.905499137386462039e+00 1.693311271505374975e+02
9.214646165856392201e+01 -2.258334159821045350e+00 1.701691210315902651e+02
9.162396831732738178e+01 -2.611179772343252825e+00 1.710070312242134776e+02
9.110155399371251406e+01 -2.964035870017816432e+00 1.718448575203309474e+02
9.057921880972183715e+01 -3.316902347948152308e+00 1.726825997119738361e+02
9.005696288728626087e+01 -3.669779101276361644e+00 1.735202575912805116e+02
8.953478637040819876e+01 -4.022665974637796182e+00 1.743578308925669091e+02
8.901269612726240155e+01 -4.375547453393855868e+00 1.751953017521417451e+02
8.849069131224202067e+01 -4.728425605451635150e+00 1.760326724704122512e+02
8.796876350029138791e+01 -5.081319820697140166e+00 1.768699651899886760e+02
8.744690513604577120e+01 -5.434247534875390251e+00 1.777071997981629181e+02
8.692510953383154515e+01 -5.787224229590434810e+00 1.785443939269082989e+02
8.640337087766604895e+01 -6.140263432305333779e+00 1.793815629528797047e+02
8.588168422125765744e+01 -6.493376716342175392e+00 1.802187199974134728e+02
8.536004548800576686e+01 -6.846573700882060187e+00 1.810558759265275341e+02
8.483845147100076645e+01 -7.199862050965114335e+00 1.818930393509213843e+02
8.431689983302408109e+01 -7.553247477490480755e+00 1.827302166259758280e+02
8.379538910654815709e+01 -7.906733737216327107e+00 1.835674118517534339e+02
8.327391871299288084e+01 -8.260322586793030553e+00 1.844046268213301687e+02
8.275248926996358989e+01 -8.614013012840173289e+00 1.852418601730311423e+02
8.223110127173949024e+01 -8.967804273864580011e+00 1.860791108616471377e+02
8.170975499004129006e+01 -9.321696151200908886e+00 1.869163784337062282e+02
