2.540000000000000000e+02 7.000000000000000000e+00 0.000000000000000000e+00
2.527881160716049180e+02 7.450784810669349945e+00 8.184089097225791809e-01
2.515492760568305926e+02 7.916480056552722466e+00 1.647748095825616765e+00
2.502806604904506287e+02 8.397482754289763207e+00 2.490720665830157277e+00
2.489814917240551893e+02 8.894156363020922385e+00 3.347730953964835887e+00
2.476504414634773923e+02 9.405798313511917641e+00 4.220819095758031381e+00
2.462848517716907963e+02 9.929473195354209025e+00 5.115642803484301560e+00
2.448798443777896523e+02 1.046035419470084094e+01 6.041690543914970846e+00
2.434308307677139283e+02 1.099486723481424022e+01 7.006845293085232740e+00
2.419343916571159525e+02 1.153168612511896818e+01 8.015719911934956698e+00
2.403891593884936242e+02 1.207080634774740879e+01 9.069640059675554866e+00
2.387938614314177528e+02 1.261230579328766055e+01 1.016975748577643657e+01
2.371471913641293554e+02 1.315626438347372940e+01 1.131725466324404294e+01
2.354478081020421882e+02 1.370276411749988554e+01 1.251334548791746393e+01
2.336943356057676908e+02 1.425188908954791245e+01 1.375927554312028889e+01
2.318853621049823914e+02 1.480372553537657332e+01 1.505632280315815308e+01
2.300194397556647630e+02 1.535836185289842248e+01 1.640579794400739289e+01
2.280950816433066848e+02 1.591588878207887880e+01 1.780904705964658774e+01
2.261107615466732170e+02 1.647639941911780426e+01 1.926745187618852739e+01
2.240649136369623307e+02 1.703998923450854264e+01 2.078243002456648370e+01
2.219559311767126530e+02 1.760675615113931869e+01 2.235543621986960972e+01
2.197821668875288594e+02 1.817680052221947307e+01 2.398796192802832294e+01
2.175419289408249597e+02 1.875022537195395955e+01 2.568153899986875643e+01
2.152334804661957151e+02 1.932713642505548535e+01 2.743774011673332680e+01
2.128550395504506412e+02 1.990764210680237056e+01 2.925817879135525601e+01
2.104047784158249215e+02 2.049185359236710013e+01 3.114451011274716308e+01
2.078806726401019773e+02 2.108003261094624747e+01 3.309845283376708380e+01
2.052832147765553827e+02 2.166988241759428035e+01 3.512143240756767426e+01
2.026147268588740644e+02 2.225738934873849217e+01 3.721454095276771312e+01
1.998741070420932147e+02 2.284205065693403469e+01 3.937924231270269360e+01
1.970608004034316991e+02 2.342319261758713012e+01 4.161672198619387331e+01
1.941872942139664815e+02 2.399236213509787774e+01 4.392342072303897993e+01
1.912700098353062685e+02 2.453695754149895336e+01 4.629626181353275172e+01
1.883431339348837810e+02 2.504462985918487306e+01 4.871470768737895440e+01
1.854273040214762318e+02 2.550993141231377237e+01 5.116370905219969245e+01
1.825220794567872815e+02 2.593043936147446615e+01 5.364525390590116416e+01
1.796281001212778961e+02 2.630631090546750883e+01 5.615855224894139042e+01
1.767460270343109414e+02 2.663777195481166160e+01 5.870274504784622138e+01
1.738765132587128051e+02 2.692505798182819277e+01 6.127697186470971502e+01
1.710211075573734547e+02 2.716597240000271540e+01 6.388246449580515218e+01
1.681854677550439590e+02 2.734749033257632078e+01 6.652965223293335839e+01
1.653710243226438763e+02 2.746836807150387472e+01 6.921874708273574583e+01
1.625785386534332133e+02 2.752916612296663956e+01 7.194841892930953975e+01
1.598087535790966740e+02 2.753047078565908024e+01 7.471732736406033837e+01
1.570623963005602093e+02 2.747288208442649804e+01 7.752413318180796864e+01
1.543401783707271022e+02 2.735701372674056842e+01 8.036749844291306033e+01
1.516427956944780817e+02 2.718349310269926278e+01 8.324608647327727340e+01
1.489709285313148541e+02 2.695296128344138609e+01 8.615856186337727252e+01
1.463252416963934763e+02 2.666607273687720436e+01 8.910359056439813230e+01
1.437063842712090889e+02 2.632349450671133440e+01 9.207984102425861295e+01
1.411184559690202320e+02 2.592560900557404580e+01 9.508283060480187032e+01
1.386480066427920690e+02 2.546642254188730092e+01 9.803234532478199981e+01
1.363383802055597869e+02 2.494542618982728044e+01 1.008856265178968954e+02
1.341816124527233853e+02 2.436674699995010229e+01 1.036463468929374869e+02
1.321708131938633244e+02 2.373420832069068709e+01 1.063176178026961622e+02
1.302929371633276787e+02 2.305319761593970185e+01 1.088997231610507583e+02
1.285278940266432812e+02 2.233292868996848313e+01 1.113905967672859276e+02
1.268555948424567532e+02 2.160285979120959254e+01 1.137875679135222953e+02
1.252667532096638041e+02 2.088322901783872609e+01 1.160847263110080689e+02
1.237520668154990915e+02 2.018057348124250083e+01 1.182875055926901666e+02
1.223045951384854249e+02 1.949768548529063494e+01 1.204014952438116808e+02
1.209215025141458000e+02 1.883389152649833420e+01 1.224303238051586220e+02
1.196001625819721141e+02 1.818845911453506403e+01 1.243774325243602590e+02
1.183380612923619140e+02 1.756068685513136529e+01 1.262461156523605581e+02
1.171327830561565122e+02 1.694990061828940853e+01 1.280395385692515333e+02
1.159820065649021075e+02 1.635545238194491802e+01 1.297607432542138213e+02
1.148835042511673947e+02 1.577672008264663184e+01 1.314126489918004097e+02
1.138351424156086296e+02 1.521310765064063020e+01 1.329980522056953305e+02
1.128348756170991152e+02 1.466404345788827790e+01 1.345196338002375569e+02
1.118807369097111604e+02 1.412897761703381683e+01 1.359799719371303013e+02
1.109708373776970092e+02 1.360738185274979273e+01 1.373815426440064869e+02
1.101033666534644482e+02 1.309874964499739747e+01 1.387267191365924361e+02
1.092765886690644379e+02 1.260259505359003285e+01 1.400177773787018793e+02
1.084888363024806210e+02 1.211845123704897986e+01 1.412569030885466930e+02
1.077376990176775564e+02 1.164603938488020596e+01 1.424469444272792487e+02
1.070128647100218728e+02 1.118696057438706326e+01 1.435978859246955608e+02
1.063095040318155213e+02 1.074192719263518470e+01 1.447144345911385415e+02
1.056267650301594045e+02 1.031059438592848032e+01 1.457977887696755204e+02
1.049641507259026554e+02 9.892511423477502674e+00 1.468488424747152692e+02
1.043210369115800233e+02 9.487289853259634143e+00 1.478685798176049957e+02
1.036968414834237677e+02 9.094544862508909588e+00 1.488579361492253952e+02
1.030911078413292472e+02 8.713962704962009198e+00 1.498176526652324299e+02
1.025001184055234091e+02 8.343435242455694123e+00 1.507534824231235291e+02
1.019198295150295479e+02 7.980689676070358729e+00 1.516716702958790393e+02
1.013499926436917065e+02 7.625551589658142504e+00 1.525726219769991303e+02
1.007904006122201821e+02 7.277870126509232485e+00 1.534566791040871294e+02
1.002408503426033661e+02 6.937497416244613468e+00 1.543241765517622355e+02
9.970114278318422407e+01 6.604288520260373829e+00 1.551754425552109922e+02
9.917106698044943869e+01 6.278091306812470407e+00 1.560108241952597723e+02
9.864906627016902974e+01 5.957816155754227516e+00 1.568328659196960189e+02
9.812866455119801401e+01 5.638677945235984090e+00 1.576522896135993221e+02
9.760826009699624706e+01 5.319483020248426008e+00 1.584717525981745609e+02
9.708785712286812952e+01 5.000234517859503569e+00 1.592912478855552365e+02
9.656745574555162648e+01 4.680932521088620568e+00 1.601107752873719505e+02
9.604705608175386544e+01 4.361577112945644430e+00 1.609303346152976815e+02
9.552665824815140638e+01 4.042168376430904431e+00 1.617499256810469603e+02
9.500626236139035541e+01 3.722706394535188590e+00 1.625695482963758423e+02
9.448586853808626529e+01 3.403191250239745891e+00 1.633892022730817928e+02
9.396547689482407861e+01 3.083623026516286281e+00 1.642088874230039437e+02
9.344508754815839779e+01 2.764001806326979782e+00 1.650286035580228656e+02
9.292470061461314401e+01 2.444327672624456493e+00 1.658483504900607102e+02
9.240431621068107404e+01 2.124600708351751965e+00 1.666681280310812383e+02
9.188393445282612504e+01 1.804820996442345393e+00 1.674879359930897635e+02
9.136355545748011764e+01 1.484988619820154954e+00 1.683077741881331235e+02
9.084317934104463177e+01 1.165103661399422341e+00 1.691276424283001063e+02
9.032280621989067981e+01 8.451662040847017776e-01 1.699475405257210809e+02
8.980243621035843660e+01 5.251763307708611217e-01 1.707674682925683953e+02
8.928206942875748098e+01 2.051341243430824524e-01 1.715874255410561773e+02
8.876170599136668216e+01 -1.149603323231391250e-01 1.724074120834402777e+02
8.824134648325160413e+01 -4.351058635929618279e-01 1.732274264776515906e+02
8.772099487586579869e+01 -7.552933877462146839e-01 1.740474582126555276e+02
8.720063139801531804e+01 -1.075569177319587233e+00 1.748675603113581758e+02
8.668023824370840202e+01 -1.395975022749441408e+00 1.756877806031817215e+02
8.615980880312032752e+01 -1.716526726272183945e+00 1.765081370325178796e+02
8.563934407810459959e+01 -2.037222406424482823e+00 1.773286272162257546e+02
8.511884382174947916e+01 -2.358063057498824389e+00 1.781492520894259428e+02
8.459830829131207963e+01 -2.679048510092916224e+00 1.789700112458062620e+02
8.407773774615667151e+01 -3.000178589826619113e+00 1.797909042733733997e+02
8.355713244560239161e+01 -3.321453122293410054e+00 1.806119307601686330e+02
8.303649264883206627e+01 -3.642871933127582285e+00 1.814330902944179229e+02
8.251581861513537319e+01 -3.964434847823689267e+00 1.822543824641326751e+02
8.199511060380257277e+01 -4.286141691815506860e+00 1.830758068572847890e+02
8.147436887409402573e+01 -4.607992290498770238e+00 1.838973630618559127e+02
8.095359368524023580e+01 -4.929986469231170787e+00 1.847190506658376421e+02
