2.540000000000000000e+02 7.000000000000000000e+00 0.000000000000000000e+00
2.527285541232482728e+02 7.437645339727312788e+00 8.642847210955101334e-01
2.514272864694598866e+02 7.890509875357502700e+00 1.742018638089243510e+00
2.500939136103566511e+02 8.356446617442403024e+00 2.637733368853769633e+00
2.487250648943322915e+02 8.831577125249612692e+00 3.558541295792778225e+00
2.473174156737698297e+02 9.312793596382034522e+00 4.510694086422615712e+00
2.458671093575949271e+02 9.797832762919908234e+00 5.500294403245023389e+00
2.443706169901751366e+02 1.028524972068775512e+01 6.532192806752513903e+00
2.428265525632944559e+02 1.077500630878107835e+01 7.607764044688257954e+00
2.412336786909597208e+02 1.126718292573599989e+01 8.728120278254364095e+00
2.395907257343249057e+02 1.176186217545671298e+01 9.894402553387545041e+00
2.378963902337857519e+02 1.225912881255362841e+01 1.110778236772329919e+01
2.361493347408222974e+02 1.275906975305817603e+01 1.236946182197700850e+01
2.343481869536958300e+02 1.326177412949403944e+01 1.368067439802702978e+01
2.324915397182791992e+02 1.376733329082369650e+01 1.504268495816409867e+01
2.305779480237450514e+02 1.427584099388423411e+01 1.645679244968518518e+01
2.286059285960365060e+02 1.478739342929128497e+01 1.792433027086579855e+01
2.265739596816265475e+02 1.530208923521730924e+01 1.944666646562847845e+01
2.244804797300225516e+02 1.582002958133724313e+01 2.102520490960750976e+01
2.223238879009986988e+02 1.634131813650864729e+01 2.266138485351750020e+01
2.201025401799566055e+02 1.686606131629674721e+01 2.435668442025512803e+01
2.178147487685154431e+02 1.739436832180497916e+01 2.611262115351372159e+01
2.154587820841595374e+02 1.792635113969733851e+01 2.793075201810009389e+01
2.130328639845821499e+02 1.846212459161808184e+01 2.981267409821621683e+01
2.105351717089494912e+02 1.900180646536780671e+01 3.176002645081572595e+01
2.079637626768577263e+02 1.954559124240578782e+01 3.377449945993567582e+01
2.053183650789656838e+02 2.009191398033618015e+01 3.585763274338517448e+01
2.026019940183210224e+02 2.063594877449492770e+01 3.801050294669087037e+01
1.998135117526716726e+02 2.117723725646219535e+01 4.023456377824937391e+01
1.969537479184511710e+02 2.171431455672482258e+01 4.253049152130711263e+01
1.940368706178236664e+02 2.223799675543573429e+01 4.489407498615913994e+01
1.910835038185574888e+02 2.273535900500023033e+01 4.731882559358309948e+01
1.881347358011771291e+02 2.319393205777880951e+01 4.977807517278144189e+01
1.852004060452375427e+02 2.361221153296935071e+01 5.226389928810052510e+01
1.822808003527572396e+02 2.399042757365791090e+01 5.477577097715414567e+01
1.793750803757890822e+02 2.432578704987478702e+01 5.731634008330382102e+01
1.764832790125805673e+02 2.461726559748936793e+01 5.988620077858769974e+01
1.736060244902973864e+02 2.486510448719158362e+01 6.248450231556662260e+01
1.707445405007488546e+02 2.506804478001899739e+01 6.511169128572345244e+01
1.679047553843573723e+02 2.521284472427410606e+01 6.777850541007970264e+01
1.650884510851836353e+02 2.529741627536369108e+01 7.048590426483173133e+01
1.622963731144386657e+02 2.532235930866338691e+01 7.323252679152136579e+01
1.595292433044322422e+02 2.528830949766854275e+01 7.601699355780503709e+01
1.567877667145538112e+02 2.519591557722086961e+01 7.883792778600829365e+01
1.540726315773931390e+02 2.504583915883736012e+01 8.169395560103565401e+01
1.513845092987403120e+02 2.483875473071026008e+01 8.458370603037083413e+01
1.487240544586414046e+02 2.457534965722271281e+01 8.750581100355402953e+01
1.460919050102549761e+02 2.425632394995053431e+01 9.045890539902275407e+01
1.434886821112088739e+02 2.388238940976993163e+01 9.344162811569967175e+01
1.409189908013354113e+02 2.345395619388104436e+01 9.644897762901132410e+01
1.384718431609847755e+02 2.296553413819863110e+01 9.939830510206310521e+01
1.361885941625979797e+02 2.241715422397466995e+01 1.022484780351528855e+02
1.340608388937610300e+02 2.181295270221577454e+01 1.050034727235082670e+02
1.320811132382696371e+02 2.115682022020733655e+01 1.076665188913577254e+02
1.302332094001575626e+02 2.045483556841161388e+01 1.102367927927843994e+02
1.284987417915212120e+02 1.971796012583516244e+01 1.127120149053977229e+02
1.268551177362330549e+02 1.898576574834035924e+01 1.150841575334966933e+02
1.252937217339862315e+02 1.826856396667837146e+01 1.173544700893000936e+02
1.238042127058366333e+02 1.757165905364004033e+01 1.195303433536139437e+02
1.223816165954046085e+02 1.689595296305656902e+01 1.216165764390554074e+02
1.210233154947281236e+02 1.624045828641818900e+01 1.236167967160993015e+02
1.197266075114050210e+02 1.560439259564919290e+01 1.255345696502695461e+02
1.184889225831326627e+02 1.498698644439479466e+01 1.273733057110191140e+02
1.173077992305516801e+02 1.438750270627753203e+01 1.291362714144080428e+02
1.161808801456288478e+02 1.380523526257518085e+01 1.308265951712045592e+02
1.151059010935604476e+02 1.323950570091636436e+01 1.324472819986465879e+02
1.140806905746530333e+02 1.268966321470000125e+01 1.340012139686586465e+02
1.131031700221507350e+02 1.215508466189608683e+01 1.354911499456395916e+02
1.121713468187955698e+02 1.163517248769391443e+01 1.369197348438054291e+02
1.112833098720369804e+02 1.112935340826606456e+01 1.382895054927458034e+02
1.104371939880001889e+02 1.063711522477174398e+01 1.396029004681783476e+02
1.096304322895334167e+02 1.015883984006118723e+01 1.408624185238738562e+02
1.088608101410865316e+02 9.694626364160130905e+00 1.420703968202003580e+02
1.081245165065974305e+02 9.244285181121766115e+00 1.432311288448661628e+02
1.074111508097767000e+02 8.808606011937911262e+00 1.443552840630382263e+02
1.067187975373980464e+02 8.387307689004693145e+00 1.454451666760608930e+02
1.060468150277665416e+02 7.979948306681232673e+00 1.465018250283857242e+02
1.053945892849406505e+02 7.586098211182425999e+00 1.475262676806563888e+02
1.047615141369169720e+02 7.205342505760206073e+00 1.485194829611059504e+02
1.041470037179335861e+02 6.837278444792527665e+00 1.494824274796406485e+02
1.035504901984388937e+02 6.481515684438414304e+00 1.504160283945982997e+02
1.029714234053672897e+02 6.137676021536006665e+00 1.513211840328088158e+02
1.024091777856820471e+02 5.805339155312511323e+00 1.521989096004555506e+02
1.018598004303886455e+02 5.482154155856845179e+00 1.530554256622804417e+02
1.013200986419650889e+02 5.166225681388533886e+00 1.538957542253584734e+02
1.007899240980511877e+02 4.857440648044359044e+00 1.547201445223856808e+02
1.002660371040741865e+02 4.553357381774488566e+00 1.555340237410327120e+02
9.974241722534510757e+01 4.249435951560211144e+00 1.563474792323678173e+02
9.921877736619192945e+01 3.945460096066640165e+00 1.571609919027966100e+02
9.869511762310622771e+01 3.641429878802471709e+00 1.579745615994271759e+02
9.817143809256306497e+01 3.337345363272718135e+00 1.587881881693897412e+02
9.764773887102060712e+01 3.033206612978552652e+00 1.596018714598364170e+02
9.712402005492029389e+01 2.729013691417311982e+00 1.604156113179415684e+02
9.660028174068681039e+01 2.424766662082496804e+00 1.612294075909017295e+02
9.607652402472791664e+01 2.120465588463769979e+00 1.620432601259354897e+02
9.555274700343474592e+01 1.816110534046958547e+00 1.628571687702836641e+02
9.502895077318149220e+01 1.511701562314050840e+00 1.636711333712092369e+02
9.450513543032560904e+01 1.207238736743200480e+00 1.644851537759972189e+02
9.398130107120779542e+01 9.027221208087229387e-01 1.652992298319550173e+02
9.345744779215132780e+01 5.981517779808857016e-01 1.661133613864119809e+02
9.293357568946075276e+01 2.935277717239998529e-01 1.669275482867252549e+02
9.240968485942629229e+01 -1.114983449900487818e-02 1.677417903802681280e+02
9.188577539832242280e+01 -3.158809772284233985e-01 1.685560875144347222e+02
9.136184740240645397e+01 -6.206655930086065753e-01 1.693704395366420101e+02
9.083790096791871349e+01 -9.255036183879634670e-01 1.701848462943294464e+02
9.031393619108234816e+01 -1.230394989918958348e+00 1.709993076349590808e+02
8.978995316810355121e+01 -1.535339644158113748e+00 1.718138234060157004e+02
8.926595199517132073e+01 -1.840337517666008837e+00 1.726283934550067443e+02
8.874193276845765865e+01 -2.145388547007278213e+00 1.734430176294620480e+02
8.821789558411738597e+01 -2.450492668750615888e+00 1.742576957769342698e+02
8.769384053828838432e+01 -2.755649819468771078e+00 1.750724277449986062e+02
8.716976772709134025e+01 -3.060859935738549531e+00 1.758872133812529626e+02
8.664567724662994408e+01 -3.366122954140814638e+00 1.767020525333176977e+02
8.612156919299071944e+01 -3.671438811260486101e+00 1.775169450488359359e+02
8.559744366224319378e+01 -3.976807443686541266e+00 1.783318907754733402e+02
8.507330075043974205e+01 -4.282228788012016452e+00 1.791468895609182539e+02
8.454914055361572878e+01 -4.587702780833995853e+00 1.799619412528816156e+02
8.402496316778940866e+01 -4.893229358753634628e+00 1.807770456990969592e+02
8.350076868896192650e+01 -5.198808458376133146e+00 1.815922027473204992e+02
8.297655721311741672e+01 -5.504440016310752526e+00 1.824074122453310167e+02
8.245232883622284703e+01 -5.810123969170812863e+00 1.832226740409298600e+02
8.192808365422821737e+01 -6.115860253573688787e+00 1.840379879819411713e+02
8.140382176306633255e+01 -6.421648806140810350e+00 1.848533539162115176e+02
8.087954325865298699e+01 -6.727489563497666580e+00 1.856687716916102602e+02
