2.540000000000000000e+02 7.000000000000000000e+00 0.000000000000000000e+00
2.528940104518532337e+02 7.395872435363499697e+00 7.911784999496060955e-01
2.517636433989721354e+02 7.806199226143474057e+00 1.591217603761023502e+00
2.506084817468772883e+02 8.231288071173207044e+00 2.400187059139781809e+00
2.494254698117020155e+02 8.671500726271890613e+00 3.221149195379930941e+00
2.482129432061382772e+02 9.127214126421190343e+00 4.055529639042687151e+00
2.469699917923748842e+02 9.598452458263663445e+00 4.904222379480646765e+00
2.456941739854531193e+02 1.008246484193893089e+01 5.772609285834080950e+00
2.443827573621045133e+02 1.057695410491067278e+01 6.665795773879348296e+00
2.430310902185053124e+02 1.107709039076781643e+01 7.593208309436717762e+00
2.416375720022006988e+02 1.158239215496175412e+01 8.556895328722909255e+00
2.401981955843290848e+02 1.209116856907512627e+01 9.562530854860726848e+00
2.387110724580652459e+02 1.260311778382646963e+01 1.061228674657612814e+01
2.371749042528851419e+02 1.311834186417318904e+01 1.170734145013538452e+01
2.355883643263713054e+02 1.363694932882810917e+01 1.284889478939498275e+01
2.339500890589646929e+02 1.415905166770751045e+01 1.403818009237775577e+01
2.322586774229974935e+02 1.468476337661478759e+01 1.527646458169785326e+01
2.305126905392127981e+02 1.521420199292983533e+01 1.656504977632630826e+01
2.287106508746257987e+02 1.574748816015859276e+01 1.790527221827236559e+01
2.268510416242923498e+02 1.628474567768808967e+01 1.929850403266397052e+01
2.249323034179610374e+02 1.682610176582454287e+01 2.074615591129042258e+01
2.229528341376419860e+02 1.737168708047478916e+01 2.224967727787355543e+01
2.209109885768309596e+02 1.792163574057007125e+01 2.381055659678909819e+01
2.188050768922407769e+02 1.847608545265858382e+01 2.543032277569644606e+01
2.166333650846642627e+02 1.903517747220975664e+01 2.711054472991168751e+01
2.143940704345312440e+02 1.959905697093999422e+01 2.885283551748327469e+01
2.120853609238155002e+02 2.016787308333478990e+01 3.065885286290665590e+01
2.097053539852713868e+02 2.074178012439496399e+01 3.253029932978238037e+01
2.072521724194868113e+02 2.132087808276450147e+01 3.446891902576654587e+01
2.047279777274322328e+02 2.190134383109377936e+01 3.647588991267897285e+01
2.021335174801667733e+02 2.248085400941522138e+01 3.855247650478243315e+01
1.994673194051487428e+02 2.305926341288377657e+01 4.070023425241288351e+01
1.967291504402204794e+02 2.363569464877977566e+01 4.292027255090903282e+01
1.939328032075880230e+02 2.420069162808961494e+01 4.520871484852037270e+01
1.911055920320613097e+02 2.474036184190110532e+01 4.755295545234484678e+01
1.882881664217103435e+02 2.524064176504078816e+01 4.992735033954346591e+01
1.854827748370481402e+02 2.570136900136356317e+01 5.232983493717456724e+01
1.826899479906203965e+02 2.612272301054242618e+01 5.475969314120651177e+01
1.799102113517978125e+02 2.650489337838943982e+01 5.721620475676120066e+01
1.771440569263267264e+02 2.684801740144976279e+01 5.969871716404446005e+01
1.743909476734548321e+02 2.714991013090212491e+01 6.220922152375301550e+01
1.716504162508344393e+02 2.740938448427823459e+01 6.474866623162770907e+01
1.689253848605565622e+02 2.762073970916913268e+01 6.732129073588448875e+01
1.662208166695411080e+02 2.777336186381570471e+01 6.993542358643797741e+01
1.635381191435808432e+02 2.786603520716473170e+01 7.259126305362295284e+01
1.608780007079685959e+02 2.789933038823325973e+01 7.528748617165682333e+01
1.582411507528063623e+02 2.787384500927064934e+01 7.802275830062448847e+01
1.556282435262778279e+02 2.779019079602286979e+01 8.079574509000984506e+01
1.530399380412169421e+02 2.764899316172963140e+01 8.360511303772105407e+01
1.504768779961341636e+02 2.745089083881482850e+01 8.644952996237012144e+01
1.479396917251864636e+02 2.719653555745894025e+01 8.932766539630651437e+01
1.454289921276220809e+02 2.688659163713942490e+01 9.223819109213759759e+01
1.429454278806545631e+02 2.652173059134455002e+01 9.517973433784784731e+01
1.405467068243964377e+02 2.609743852226568350e+01 9.809802710162574613e+01
1.383059906152183771e+02 2.560956069118260103e+01 1.009225897455574028e+02
1.362165857441594312e+02 2.506223858202652011e+01 1.036558587868122601e+02
1.342710794265185825e+02 2.445953965344587644e+01 1.063008886574980636e+02
1.324497350336930879e+02 2.380925870273247824e+01 1.088552370667730145e+02
1.307380516624812117e+02 2.312028383175297463e+01 1.113200580892766851e+02
1.291170417790324336e+02 2.241832565527058208e+01 1.136943930485364547e+02
1.275765959930846662e+02 2.172609247163919477e+01 1.159708363776746438e+02
1.261062038111081023e+02 2.105305820404009154e+01 1.181539251829356658e+02
1.247008628481377031e+02 2.040037102565961646e+01 1.202483959656938168e+02
1.233578935946313493e+02 1.976723223683455544e+01 1.222578698611849433e+02
1.220747329343099636e+02 1.915287476036007419e+01 1.241858130590338902e+02
1.208489175328479917e+02 1.855656123368794397e+01 1.260355569190813867e+02
1.196780828557050569e+02 1.797758371660638232e+01 1.278102992984115645e+02
1.185599634042909827e+02 1.741526376150124378e+01 1.295131042322850590e+02
1.174923888798030731e+02 1.686895127158091867e+01 1.311469071172758447e+02
1.164732752703672958e+02 1.633802184815592184e+01 1.327145267536203619e+02
1.155005584590483494e+02 1.582195377587124163e+01 1.342186775733537445e+02
1.145713964715559428e+02 1.532128301769963308e+01 1.356620923784283832e+02
1.136832785073854808e+02 1.483627263014537689e+01 1.370473536482748216e+02
1.128346245628508768e+02 1.436618754658911890e+01 1.383768072830041547e+02
1.120238125674808884e+02 1.391044950504957001e+01 1.396527205162057612e+02
1.112494779612504914e+02 1.346846273204016597e+01 1.408770893712845407e+02
1.105083345127070942e+02 1.303995804043389661e+01 1.420537726377543777e+02
1.097908296294937713e+02 1.262572439906648292e+01 1.431927081354822064e+02
1.090936447774297591e+02 1.222571485151420134e+01 1.442976078128673407e+02
1.084161229840299114e+02 1.183950569013618548e+01 1.453695420613429405e+02
1.077576735302299511e+02 1.146667933174525444e+01 1.464095029601723752e+02
1.071177235618584973e+02 1.110683082536327149e+01 1.474184525836043633e+02
1.064957174925010719e+02 1.075956742998315541e+01 1.483973240037999801e+02
1.058911163969027029e+02 1.042450818564176807e+01 1.493470223096445864e+02
1.053033977147573665e+02 1.010128370396840936e+01 1.502684251042505252e+02
1.047319057168438263e+02 9.789445952719852073e+00 1.511626236264233683e+02
1.041720704402142417e+02 9.486193659599718941e+00 1.520370154160471259e+02
1.036214418761421001e+02 9.190016528088424508e+00 1.528955718355081217e+02
1.030797105085072758e+02 8.900697675065393000e+00 1.537388114104898307e+02
1.025467456591384234e+02 8.618128966977348426e+00 1.545669637213512999e+02
1.020223164001584593e+02 8.342139677051127578e+00 1.553804216728021572e+02
1.015057152780028247e+02 8.072246504511202403e+00 1.561803658777692192e+02
1.009964885158189958e+02 7.808134263865068370e+00 1.569675566424993747e+02
1.004945005686839323e+02 7.549697346473552173e+00 1.577422277882665753e+02
9.999961837569891543e+01 7.296832079224783385e+00 1.585046088511780624e+02
9.951025904826212809e+01 7.048297232309295168e+00 1.592574361196979851e+02
9.902156182175654919e+01 6.800279412919349120e+00 1.600091135417117414e+02
9.853279102452798099e+01 6.552201439685863882e+00 1.607609130668723765e+02
9.804387995291622815e+01 6.304010963051104532e+00 1.615129500356074459e+02
9.755488790257342657e+01 6.055754487834874134e+00 1.622651219402675338e+02
9.706580187627648115e+01 5.807421806264621011e+00 1.630174512607394774e+02
9.657662192372195875e+01 5.559012944741863471e+00 1.637699379206898982e+02
9.608734809461054738e+01 5.310527929672904435e+00 1.645225818437789087e+02
9.559798043864876149e+01 5.061966787468927365e+00 1.652753829536544572e+02
9.510851900555023519e+01 4.813329544547780614e+00 1.660283411739538337e+02
9.461896384503440061e+01 4.564616227332612297e+00 1.667814564283039829e+02
9.412931500682610420e+01 4.315826862251830320e+00 1.675347286403222427e+02
9.363957254065566360e+01 4.066961475739101495e+00 1.682881577336164582e+02
9.314973649625885344e+01 3.818020094233351092e+00 1.690417436317847830e+02
9.265980692337689106e+01 3.569002744178762843e+00 1.697954862584159343e+02
9.216978387175646503e+01 3.319909452024777163e+00 1.705493855370891367e+02
9.167966739114966401e+01 3.070740244226097371e+00 1.713034413913739229e+02
9.118945753131410470e+01 2.821495147242681245e+00 1.720576537448303043e+02
9.069915434201283233e+01 2.572174187539747248e+00 1.728120225210088279e+02
9.020875787301427806e+01 2.322777391587771856e+00 1.735665476434504058e+02
8.971826817409244370e+01 2.073304785862490895e+00 1.743212290356864571e+02
8.922768529502668855e+01 1.823756396844896877e+00 1.750760666212387946e+02
8.873700928560188572e+01 1.574132251021243656e+00 1.758310603236197096e+02
8.824624019560828003e+01 1.324432374883039998e+00 1.765862100663319723e+02
8.775537807484170116e+01 1.074656794927057124e+00 1.773415157728688030e+02
8.726442297310332208e+01 8.248055376553234952e-01 1.780969773667137588e+02
8.677337494019978692e+01 5.748786295751227016e-01 1.788525947713409323e+02
8.628223402594321101e+01 3.248760971990040658e-01 1.796083679102149233e+02
8.579100028015119506e+01 7.479796704476851521e-02 1.803642967067906966e+02
