2.540000000000000000e+02 7.000000000000000000e+00 0.000000000000000000e+00
2.529256249315162108e+02 7.381163663038331713e+00 7.733427583418963636e-01
2.518301177995945750e+02 7.771282013411093814e+00 1.558705868321991206e+00
2.507112949225454486e+02 8.173766914680989260e+00 2.354353439361966505e+00
2.495673033363549962e+02 8.591237097105020482e+00 3.159147584603156478e+00
2.483952925929213222e+02 9.024047018210577420e+00 3.975891833264477704e+00
2.471935570382214848e+02 9.472582712859281884e+00 4.806034843186775873e+00
2.459606159382821886e+02 9.935883458479846553e+00 5.652074768966884655e+00
2.446941784217963516e+02 1.041156630651360082e+01 6.518819362039907084e+00
2.433906984245454339e+02 1.089648784497615175e+01 7.412952715419587335e+00
2.420464388786075460e+02 1.138697790795334619e+01 8.341761776824187180e+00
2.406593266041330139e+02 1.188250948562687626e+01 9.307812540250255395e+00
2.392257611086271822e+02 1.238166852948570629e+01 1.031606903214085236e+01
2.377440524517836309e+02 1.288430692936861810e+01 1.136834190171331116e+01
2.362128823098176156e+02 1.339054347247377663e+01 1.246580752693349048e+01
2.346308926786336713e+02 1.390049746909018147e+01 1.360968078089939404e+01
2.329966882743336498e+02 1.441429144914466320e+01 1.480120995108480564e+01
2.313088343280692811e+02 1.493205135295169050e+01 1.604167871548556334e+01
2.295658565593902836e+02 1.545390653351870647e+01 1.733240616650318344e+01
2.277662400090221411e+02 1.597998985750913192e+01 1.867474785696128237e+01
2.259084292886931280e+02 1.651043768362864839e+01 2.007009557622262719e+01
2.239908257802835294e+02 1.704539010490180928e+01 2.151987986018276189e+01
2.220117855505520481e+02 1.758499112904795325e+01 2.302557185999716083e+01
2.199696193511359468e+02 1.812938867848120239e+01 2.458868334208122519e+01
2.178625916137086733e+02 1.867873467722617420e+01 2.621076758860851896e+01
2.156889197976035746e+02 1.923318510734244313e+01 2.789341998214575113e+01
2.134467729983065283e+02 1.979290012929164533e+01 2.963827925265895402e+01
2.111342679871537484e+02 2.035804442449741103e+01 3.144703102656233540e+01
2.087494691270368321e+02 2.092878720263663439e+01 3.332140790225960103e+01
2.062906615172226736e+02 2.150504079826556492e+01 3.526314895921264991e+01
2.037601727580855879e+02 2.208286993780920682e+01 3.727337475525685306e+01
2.011585663400093722e+02 2.266015066379729603e+01 3.935335885742124873e+01
1.984841462601302453e+02 2.323692468572835068e+01 4.150470617781276417e+01
1.957358013566814918e+02 2.381282985493918147e+01 4.372885236510531826e+01
1.929246925162346713e+02 2.437986390739009224e+01 4.602297947683335622e+01
1.900855806246287898e+02 2.492282069337281314e+01 4.836842390439181116e+01
1.872576083292065903e+02 2.542589953494702826e+01 5.074284699395732900e+01
1.844418455329911239e+02 2.588892223912120016e+01 5.314537358422624180e+01
1.816388376666322131e+02 2.631207563871247856e+01 5.557526883716548127e+01
1.788491232392383097e+02 2.669555404585423375e+01 5.803179732020294068e+01
1.760736293888010380e+02 2.703917287834131500e+01 6.051445920978874682e+01
1.733118485746012425e+02 2.734399445816757179e+01 6.302205210082910014e+01
1.705626664449044938e+02 2.760907043745430300e+01 6.555554300737237838e+01
1.678292659672957825e+02 2.782526658272494657e+01 6.812234143162039857e+01
1.651169369954468493e+02 2.798070847695617047e+01 7.073172305676797578e+01
1.624269492684728391e+02 2.807459321317291057e+01 7.338348525056517246e+01
1.597600335005339787e+02 2.810754539319064094e+01 7.607623068953627410e+01
1.571169063781578643e+02 2.808019950777101670e+01 7.880856683175302635e+01
1.544982684162604585e+02 2.799320502163114810e+01 8.157910166287945231e+01
1.519048038523420985e+02 2.784722584181663052e+01 8.438644436368420543e+01
1.493371805448111331e+02 2.764293988552769221e+01 8.722920586848799474e+01
1.467960499338549027e+02 2.738103875751169625e+01 9.010599924492426283e+01
1.442820469670385535e+02 2.706222728629526486e+01 9.301544025818344608e+01
1.417950938786343329e+02 2.668729046796360294e+01 9.595678684299224415e+01
1.393936450516413572e+02 2.625146933586597697e+01 9.887544645169660384e+01
1.371513793940268329e+02 2.575038016633227755e+01 1.017008961600087105e+02
1.350629134394266089e+02 2.518820076663754648e+01 1.044342152295679256e+02
1.331176729145052491e+02 2.457008320588341022e+01 1.070772332385473078e+02
1.312947174580519629e+02 2.390444862169994167e+01 1.096271031028991985e+02
1.295832527852398925e+02 2.319934832677017766e+01 1.120868112810399282e+02
1.279647831960545261e+02 2.248011965512664645e+01 1.144552596604384718e+02
1.264277121407966433e+02 2.177238716379907757e+01 1.167242015760231197e+02
1.249608872221638904e+02 2.108544293716536089e+01 1.188989820248644662e+02
1.235599741839070447e+02 2.041971535072437405e+01 1.209841039470854440e+02
1.222222033634301255e+02 1.977437060130041502e+01 1.229832918528228305e+02
1.209449390424324946e+02 1.914859535544282210e+01 1.249001053088082358e+02
1.197256497861092441e+02 1.854160830521723824e+01 1.267379631592339990e+02
1.185619239172153385e+02 1.795264059323786654e+01 1.285001420156756069e+02
1.174514585696779392e+02 1.738094903322468454e+01 1.301897778479441286e+02
1.163912677615521716e+02 1.682678352861372417e+01 1.318099705401385506e+02
1.153785225613264771e+02 1.629034414175497858e+01 1.333636858390140674e+02
1.144108805058411775e+02 1.577137330087549572e+01 1.348537161167575960e+02
1.134864776123424122e+02 1.526915879137838061e+01 1.362826870477652506e+02
1.126035208797594152e+02 1.478302321886951454e+01 1.376531181889430400e+02
1.117602899712800166e+02 1.431231746797897841e+01 1.389674263254571258e+02
1.109551366567656601e+02 1.385641957080408027e+01 1.402279269874167653e+02
1.101865612286131011e+02 1.341471815976347592e+01 1.414367638644230567e+02
1.094455492747576670e+02 1.298781370491007969e+01 1.426033607686295284e+02
1.087259323614295852e+02 1.257601943543036604e+01 1.437342439540901466e+02
1.080267377524533003e+02 1.217891838437581953e+01 1.448308183509392109e+02
1.073473398333535442e+02 1.179605875209304777e+01 1.458941355223203686e+02
1.066871336072575929e+02 1.142700202489072758e+01 1.469252136671535993e+02
1.060455339895472804e+02 1.107132412550190992e+01 1.479250374704150204e+02
1.054219734874817789e+02 1.072861373079345704e+01 1.488945620085255825e+02
1.048159012143177335e+02 1.039847155699542824e+01 1.498347144086705214e+02
1.042267828893094332e+02 1.008051035970109055e+01 1.507463938487992721e+02
1.036533875591544955e+02 9.773911123062337225e+00 1.516316249810395220e+02
1.030908931350871853e+02 9.475627854163565900e+00 1.524982347681558110e+02
1.025373844230937124e+02 9.184435899511106172e+00 1.533493413625971868e+02
1.019928422639627001e+02 8.900293499125808694e+00 1.541849948559525387e+02
1.014570736120893173e+02 8.623051587422516207e+00 1.550055258847251878e+02
1.009297785866865382e+02 8.352489488081422664e+00 1.558114417386030652e+02
1.004103001058357449e+02 8.088149973361845824e+00 1.566038381148265159e+02
9.989820090212060677e+01 7.829723441137006468e+00 1.573834473698018428e+02
9.939332822060688954e+01 7.577090266488275105e+00 1.581505322443253476e+02
9.889554631296462617e+01 7.330142473600808728e+00 1.589053272317428025e+02
9.840264023019227579e+01 7.087106721537557164e+00 1.596516670381309950e+02
9.790981457415409750e+01 6.844142371551231285e+00 1.603978548357139857e+02
9.741690957387513095e+01 6.601121442408438789e+00 1.611441672810755676e+02
9.692391275937418982e+01 6.358033936640818062e+00 1.618906259734316109e+02
9.643082416964449521e+01 6.114879874993481401e+00 1.626372308530368684e+02
9.593764384368297726e+01 5.871659278214666600e+00 1.633839818601402669e+02
9.544437182049010460e+01 5.628372167055712971e+00 1.641308789349848496e+02
9.495100813907001225e+01 5.385018562271071119e+00 1.648779220178077765e+02
9.445755283843035954e+01 5.141598484618297604e+00 1.656251110488402958e+02
9.396400595758247221e+01 4.898111954858052286e+00 1.663724459683077157e+02
9.347036753554127131e+01 4.654558993754104534e+00 1.671199267164294895e+02
9.297663761132525906e+01 4.410939622073335009e+00 1.678675532334192724e+02
9.248281622395656143e+01 4.167253860585723224e+00 1.686153254594846658e+02
9.198890341246089974e+01 3.923501730064359094e+00 1.693632433348274162e+02
9.149489921586760488e+01 3.679683251285440271e+00 1.701113067996434154e+02
9.100080367320916253e+01 3.435798445028185988e+00 1.708595157941232401e+02
9.050661682352237847e+01 3.191847332074853494e+00 1.716078702584507027e+02
9.001233870584729857e+01 2.947829933211046249e+00 1.723563701328041589e+02
8.951796935922770615e+01 2.703746269225429266e+00 1.731050153573556827e+02
8.902350882271102250e+01 2.459596360909744206e+00 1.738538058722716357e+02
8.852895713534813638e+01 2.215380229058809824e+00 1.746027416177126099e+02
8.803431433619354607e+01 1.971097894470522416e+00 1.753518225338332854e+02
8.753958046430523154e+01 1.726749377945855146e+00 1.761010485607826297e+02
8.704475555874482495e+01 1.482334700288859386e+00 1.768504196387037268e+02
8.654983965857741168e+01 1.237853882306663156e+00 1.775999357077338914e+02
8.605483280287168668e+01 9.933069448094723475e-01 1.783495967080044977e+02
8.555973503069985497e+01 7.486939086105693919e-01 1.790994025796413496e+02
8.506454638113773115e+01 5.040147945263142581e-01 1.798493532627641400e+02
