2.540000000000000000e+02 7.000000000000000000e+00 0.000000000000000000e+00
2.527041599488555619e+02 7.501853448727342943e+00 8.814283785482956990e-01
2.513751201575627761e+02 8.019705431518900696e+00 1.778970387774664985e+00
2.500097976702944038e+02 8.550599847588955527e+00 2.698768136094900072e+00
2.486055695300622119e+02 9.092461098202702985e+00 3.645394775196020731e+00
2.471549994580350926e+02 9.638308066415445907e+00 4.632936751601822500e+00
2.456547836729507139e+02 1.018679660246903929e+01 5.665913033097174534e+00
2.441036075667568070e+02 1.073799557590482756e+01 6.745519718079314053e+00
2.425001330953259640e+02 1.129199563904431436e+01 7.872953785360940593e+00
2.408429876528164471e+02 1.184888973072028229e+01 9.049443194502517329e+00
2.391307617166726800e+02 1.240877323242083285e+01 1.027624899639482159e+01
2.373620085800587844e+02 1.297174398602995815e+01 1.155466557305501318e+01
2.355352434326440232e+02 1.353790235477101156e+01 1.288602146144236826e+01
2.336489435742073510e+02 1.410735120904247175e+01 1.427167916202519748e+01
2.317015456242949369e+02 1.468019611142318936e+01 1.571303763952577803e+01
2.296914442520849207e+02 1.525654540088416056e+01 1.721153346123425010e+01
2.276169921199721955e+02 1.583651019652884173e+01 1.876864084756950035e+01
2.254764984252716431e+02 1.642020449427505113e+01 2.038587297903146478e+01
2.232682295827919461e+02 1.700774512159912177e+01 2.206478138447016590e+01
2.209904054022728417e+02 1.759925199097366644e+01 2.380695936692696790e+01
2.186411978084589123e+02 1.819484818472646737e+01 2.561404315072610061e+01
2.162187308410998696e+02 1.879465995504042652e+01 2.748771188147467015e+01
2.137210820938126687e+02 1.939881502742871078e+01 2.942968775864792264e+01
2.111487848627446056e+02 2.000532307724695968e+01 3.144122815502240442e+01
2.085042846240959591e+02 2.061065556955717781e+01 3.352312770550660304e+01
2.057864941457040118e+02 2.121435769804766736e+01 3.567682377892663936e+01
2.029936838876907927e+02 2.181649491322412260e+01 3.790390504531762161e+01
2.001241045188084229e+02 2.241709330228893293e+01 4.020600851439847645e+01
1.971830966336258939e+02 2.301181686166533780e+01 4.258227817207534116e+01
1.941888982404502713e+02 2.359015882082128357e+01 4.502554920726403509e+01
1.911934352443241778e+02 2.413203376747943807e+01 4.750563012519455697e+01
1.882126840738149838e+02 2.463058341067643653e+01 5.001393354951714798e+01
1.852469037858460297e+02 2.508627384881635436e+01 5.254972994034945089e+01
1.822967396127074267e+02 2.549931571373993933e+01 5.511217434930838266e+01
1.793627721568410891e+02 2.586996531689053569e+01 5.770043863509667403e+01
1.764455732285704812e+02 2.619848694442244152e+01 6.031369549011835574e+01
1.735457016350231356e+02 2.648514529990264421e+01 6.295112788183173080e+01
1.706622103085851450e+02 2.672662416739064284e+01 6.561587097552974512e+01
1.677979654487910182e+02 2.691442838356288902e+01 6.831461300255236324e+01
1.649587895541691864e+02 2.703569998720838896e+01 7.105706212582641967e+01
1.621455571090424996e+02 2.709101870123162570e+01 7.384177655056861056e+01
1.593590585054398048e+02 2.708115617590929247e+01 7.666717161938048264e+01
1.566000640297038444e+02 2.700689941832870744e+01 7.953166685016918791e+01
1.538693237581861695e+02 2.686905031256878829e+01 8.243368653566787430e+01
1.511675675572474518e+02 2.666842561970005931e+01 8.537165974343574248e+01
1.484955050892176871e+02 2.640585697673352072e+01 8.834402031100364638e+01
1.458538260743943056e+02 2.608219057401498731e+01 9.134920691797820780e+01
1.432428231958236609e+02 2.569832104981229648e+01 9.438600736172813299e+01
1.406804134468895597e+02 2.525350617801860054e+01 9.743717321668700038e+01
1.382697347925576139e+02 2.474032881436646747e+01 1.004066297546454507e+02
1.360267984807939001e+02 2.416122650196887278e+01 1.032757503634254022e+02
1.339425289117895090e+02 2.352112902729309241e+01 1.060477441875413120e+02
1.319947289443998102e+02 2.282899183032820289e+01 1.087201195929691835e+02
1.301724603992935840e+02 2.208989970452095974e+01 1.112945440702275164e+02
1.284627515074260202e+02 2.131790333442618035e+01 1.137734805115136538e+02
1.268431484125450197e+02 2.055179591401304862e+01 1.161491493016044814e+02
1.253030252641398050e+02 1.980612137873850997e+01 1.184220620255533873e+02
1.238336819176973762e+02 1.908476491151546028e+01 1.205988164311656021e+02
1.224322380458019097e+02 1.838658476990624635e+01 1.226834421547763725e+02
1.210957478227185646e+02 1.771065300159553857e+01 1.246798786417809737e+02
1.198214221907409893e+02 1.705605460655131722e+01 1.265918833138562007e+02
1.186066675691912309e+02 1.642181933926802984e+01 1.284230442005564328e+02
1.174481710055522541e+02 1.580802234302456810e+01 1.301769098579943318e+02
1.163420930833080575e+02 1.521555249063846205e+01 1.318569611598471454e+02
1.152862501187185131e+02 1.464346521628736753e+01 1.334663186768139553e+02
1.142784890115381558e+02 1.409092980660508410e+01 1.350079801415277245e+02
1.133167613212891069e+02 1.355713213375164905e+01 1.364848162782155043e+02
1.123991098855834991e+02 1.304129428240609379e+01 1.378995699381878808e+02
1.115236580768414711e+02 1.254267028817499963e+01 1.392548711498734519e+02
1.106886064261277056e+02 1.206054479835339777e+01 1.405532418484136485e+02
1.098890193853283961e+02 1.159470635621137724e+01 1.418001990827400789e+02
1.091145729797931239e+02 1.114586565261097206e+01 1.430063601321076305e+02
1.083622343729978752e+02 1.071379718449603757e+01 1.441751895295304564e+02
1.076316915608730227e+02 1.029791909387612847e+01 1.453074884596205436e+02
1.069222003661239881e+02 9.897725832280075409e+00 1.464044655097190173e+02
1.062330983886780871e+02 9.512720150296564370e+00 1.474672340697479171e+02
1.055637448387739283e+02 9.142421024425974707e+00 1.484968712043289543e+02
1.049135195299051588e+02 8.786362900938064158e+00 1.494944193455726804e+02
1.042818209305782489e+02 8.444094233041653297e+00 1.504608895679302805e+02
1.036680661430419264e+02 8.115177464913900351e+00 1.513972616239476849e+02
1.030717566736657744e+02 7.799231721971806586e+00 1.523043776278909434e+02
1.024889024057238345e+02 7.493607622887299868e+00 1.531887252112338444e+02
1.019158530049365794e+02 7.195891110089674747e+00 1.540562333492241294e+02
1.013522109658071457e+02 6.905791554018011702e+00 1.549075652003797927e+02
1.007989112139127599e+02 6.624063684862048440e+00 1.557411152866260977e+02
1.002546835907671152e+02 6.349693861995200805e+00 1.565590571938004416e+02
9.971635767873878820e+01 6.080135345358186783e+00 1.573668268276157960e+02
9.918143390406952165e+01 5.813374766789808135e+00 1.581687132653812853e+02
9.864808394654086499e+01 5.547932459721850229e+00 1.589678580532031731e+02
9.811515073947430210e+01 5.282862459179062498e+00 1.597662552059848053e+02
9.758214846973112344e+01 5.017752501779185081e+00 1.605647512074266388e+02
9.704908109693479901e+01 4.752593233321284139e+00 1.613633469669699423e+02
9.651592326367830310e+01 4.487371583657248308e+00 1.621620814799749439e+02
9.598267474843346747e+01 4.222087399985689160e+00 1.629609551121300797e+02
9.544933559170341653e+01 3.956740704744726500e+00 1.637599678014990161e+02
9.491590583399261050e+01 3.691331520373914987e+00 1.645591194861437430e+02
9.438238551580676017e+01 3.425859869314245021e+00 1.653584101041240046e+02
9.384877467765291215e+01 3.160325774008142741e+00 1.661578395934976413e+02
9.331507336003916464e+01 2.894729256899253755e+00 1.669574078923215268e+02
9.278128160347434061e+01 2.629070340432625219e+00 1.677571149386496927e+02
9.224739944846966466e+01 2.363349047055139707e+00 1.685569606705339254e+02
9.171342693553741299e+01 2.097565399215076454e+00 1.693569450260237943e+02
9.117936410519115498e+01 1.831719419362122681e+00 1.701570679431671635e+02
9.064521099794562531e+01 1.565811129947369373e+00 1.709573293600098509e+02
9.011096765431683764e+01 1.299840553423313505e+00 1.717577292145958552e+02
8.957663411482194249e+01 1.033807712243857146e+00 1.725582674449672425e+02
8.904221041997941199e+01 7.677126288643080221e-01 1.733589439891641746e+02
8.850769661030885516e+01 5.015553257413791766e-01 1.741597587852249092e+02
8.797309272633120258e+01 2.353358253331893912e-01 1.749607117711858280e+02
8.743839880856855018e+01 -3.094584990073840497e-02 1.757618028850813801e+02
8.690361489754417335e+01 -2.972896774994747693e-01 1.765630320649441671e+02
8.636874103378271172e+01 -5.636956350006847583e-01 1.773643992488048582e+02
8.583377725780985656e+01 -8.301636999406293294e-01 1.781659043746922180e+02
8.529872361015266335e+01 -1.096693849854163183e+00 1.789675473806331922e+02
8.476358013133932445e+01 -1.363286062274734922e+00 1.797693282046525951e+02
8.422834686189932540e+01 -1.629940314734388940e+00 1.805712467847736491e+02
8.369302384236331704e+01 -1.896656584763763087e+00 1.813733030590174735e+02
8.315761111326321497e+01 -2.163434849892092338e+00 1.821754969654033403e+02
8.262210871513211430e+01 -2.430275087647203680e+00 1.829778284419486738e+02
8.208651668850437488e+01 -2.697177275555520115e+00 1.837802974266689660e+02
8.155083507391557873e+01 -2.964141391142057103e+00 1.845829038575776622e+02
8.101506391190254419e+01 -3.231167411930428557e+00 1.853856476726865878e+02
8.047920324300326911e+01 -3.498255315442840185e+00 1.861885288100055220e+02
7.994325310775698767e+01 -3.765405079200091265e+00 1.869915472075421974e+02
