2.540000000000000000e+02 7.000000000000000000e+00 0.000000000000000000e+00
2.527774880167619926e+02 7.492217875431961716e+00 8.270471562871571924e-01
2.515296526156967047e+02 7.994475695324410935e+00 1.668662237781020963e+00
2.502527913195735039e+02 8.507199494407574392e+00 2.528238896513161915e+00
2.489438559777719036e+02 9.027673091900842550e+00 3.411582945840505143e+00
2.476007336664196998e+02 9.554155063836891060e+00 4.322490610655285614e+00
2.462173894192742125e+02 1.008213952828472415e+01 5.270975280406244856e+00
2.447895777574311182e+02 1.060891647718399611e+01 6.263690832728532776e+00
2.433134026465828299e+02 1.113567532988596298e+01 7.302884221577139456e+00
2.417860140957819794e+02 1.166534075726047881e+01 8.388022582269238470e+00
2.402059935050550621e+02 1.219810698889863509e+01 9.520244929726942473e+00
2.385719421392161053e+02 1.273407200769398528e+01 1.070077839346269499e+01
2.368824208793162711e+02 1.327334043953621112e+01 1.193088129248283380e+01
2.351359534969325011e+02 1.381601954810511224e+01 1.321184446079696073e+01
2.333310236516915381e+02 1.436221944877144274e+01 1.454499387757650553e+01
2.314660739593442429e+02 1.491205317498918781e+01 1.593169148351781672e+01
2.295395057698948733e+02 1.546563669410122621e+01 1.737333537520188287e+01
2.275496779202359221e+02 1.602308899619639959e+01 1.887136089778794457e+01
2.254949069679814500e+02 1.658453207745146329e+01 2.042724044017844065e+01
2.233734632322038181e+02 1.715009122218870985e+01 2.204248690332602223e+01
2.211835702251151474e+02 1.771989504336249865e+01 2.371865419808039732e+01
2.189234046300900900e+02 1.829407548412485340e+01 2.545733726444161960e+01
2.165910951340867996e+02 1.887276790099410917e+01 2.726017309436502956e+01
2.141847202522548343e+02 1.945611121882832251e+01 2.912884263740798829e+01
2.117033702431401423e+02 2.004344523927277422e+01 3.106481255125572716e+01
2.091498974149539833e+02 2.063130101460948040e+01 3.306860096540346206e+01
2.065242930433180959e+02 2.121845372519353390e+01 3.514134417552833867e+01
2.038246869697348416e+02 2.180508368250331230e+01 3.728463230825570207e+01
2.010494301602080043e+02 2.239116863832735405e+01 3.950003449760903607e+01
1.981967693170976474e+02 2.297673346217112922e+01 4.178917358305471197e+01
1.952714354310434430e+02 2.355773418745473791e+01 4.415148956236851774e+01
1.923051687719841709e+02 2.412043565568868431e+01 4.657007319461870765e+01
1.893462319224215946e+02 2.464461073218376086e+01 4.901871710940635296e+01
1.864013282397882563e+02 2.512613782846502986e+01 5.149511729745513833e+01
1.834710533315884220e+02 2.556525414817316388e+01 5.399845750631629215e+01
1.805559890757079415e+02 2.596220914739493679e+01 5.652792279185552360e+01
1.776567087875405946e+02 2.631726024535259256e+01 5.908269886850253272e+01
1.747737771511452252e+02 2.663067268390405928e+01 6.166197231378962584e+01
1.719077501352094544e+02 2.690271936413724418e+01 6.426493081013819619e+01
1.690589040907371441e+02 2.713298956555708230e+01 6.689151236938737100e+01
1.662274427268393993e+02 2.731464459954840862e+01 6.954773040932427364e+01
1.634198462022421268e+02 2.743132753425179260e+01 7.224624628244488633e+01
1.606377254747108054e+02 2.748161508025474120e+01 7.498726258892590124e+01
1.578818776137099178e+02 2.746629109221467502e+01 7.776919285485070077e+01
1.551530778442664484e+02 2.738616182421106515e+01 8.059044853448099843e+01
1.524520809943875861e+02 2.724204826862712281e+01 8.344944622499718889e+01
1.497796214866650075e+02 2.703478611571494028e+01 8.634460771602385876e+01
1.471364133382747923e+02 2.676522575359546963e+01 8.927435998962995711e+01
1.445231502305651645e+02 2.643423223890983209e+01 9.223713518144093371e+01
1.419405057528354348e+02 2.604268449734626856e+01 9.523137115466346359e+01
1.394154311247450551e+02 2.558907833621835692e+01 9.823174465755259632e+01
1.370525867136753391e+02 2.506624799746954579e+01 1.011412486134483117e+02
1.348549992447317436e+02 2.447799932367312792e+01 1.039529819365077685e+02
1.328103176328808956e+02 2.383037996014687110e+01 1.066687572681455265e+02
1.308976458770029012e+02 2.313210479686389576e+01 1.092865275864370318e+02
1.291083457159002990e+02 2.238771275658713478e+01 1.118088112368702696e+02
1.274278148892066298e+02 2.161397262900111116e+01 1.142379075772456787e+02
1.258358547357525197e+02 2.084242025211342408e+01 1.165693727397821817e+02
1.243204464300718115e+02 2.009297646610219701e+01 1.188009683862653532e+02
1.228751381397522948e+02 1.936841838384900782e+01 1.209376120732353286e+02
1.214968884747080295e+02 1.866773035834319572e+01 1.229833762733613298e+02
1.201827991410608831e+02 1.798991921597811938e+01 1.249421609228546401e+02
1.189300129642366244e+02 1.733413677333322056e+01 1.268177082734025305e+02
1.177347631873441287e+02 1.670087111811585956e+01 1.286136958195563409e+02
1.165935835598850758e+02 1.609042432088449459e+01 1.303336221871711871e+02
1.155042196329342943e+02 1.550175597906908109e+01 1.319807294957906265e+02
1.144644465412663124e+02 1.493395439758592502e+01 1.335581274457217660e+02
1.134721375168137882e+02 1.438614144827772812e+01 1.350687937945546366e+02
1.125252571616790789e+02 1.385747664211808150e+01 1.365155784334160671e+02
1.116218570123052558e+02 1.334715533520759578e+01 1.379012095686148598e+02
1.107600717153748349e+02 1.285440715218112651e+01 1.392282990742342292e+02
1.099373242304550473e+02 1.237860834432342294e+01 1.405001051456085008e+02
1.091420286156014186e+02 1.192053332515888009e+01 1.417284308854769677e+02
1.083693773988346294e+02 1.148016507481867166e+01 1.429184409871618584e+02
1.076189005483556116e+02 1.105690476100147279e+01 1.440711130760834351e+02
1.068898841140051559e+02 1.065020806296660716e+01 1.451876429905204304e+02
1.061816494429665454e+02 1.025954746148335595e+01 1.462691754487553908e+02
1.054935391636490323e+02 9.884411981934727365e+00 1.473168192718094929e+02
1.048249159228944762e+02 9.524306212583530495e+00 1.483316495135286743e+02
1.041751623859774298e+02 9.178750304572359298e+00 1.493147074605838327e+02
1.035436813485431742e+02 8.847280058948152615e+00 1.502670004436517388e+02
1.029298948807139880e+02 8.529446261262600970e+00 1.511895032811461022e+02
1.023332430505414408e+02 8.224813689147675078e+00 1.520831604324975217e+02
1.017520993047213409e+02 7.932222764276519733e+00 1.529506501033251880e+02
1.011808744442260064e+02 7.647825612715782206e+00 1.538010898363913554e+02
1.006187724226544731e+02 7.371050101123516107e+00 1.546357931821880243e+02
1.000655876900807755e+02 7.101727142530990911e+00 1.554551125960260833e+02
9.952106278737335288e+01 6.839651004554335501e+00 1.562594857919082472e+02
9.898439530233459038e+01 6.584228902983467080e+00 1.570502469744653240e+02
9.845468125716638497e+01 6.334728230870607213e+00 1.578289398677628412e+02
9.792656448084009924e+01 6.086614477481699481e+00 1.586048334716105046e+02
9.739843673715940042e+01 5.838525971639833223e+00 1.593807109911326449e+02
9.687016371310750174e+01 5.590348992540849160e+00 1.601568048666777031e+02
9.634177219673571813e+01 5.342106488110535345e+00 1.609330686032730000e+02
9.581327653888757823e+01 5.093810287718127938e+00 1.617094775304621521e+02
9.528466803370922378e+01 4.845448922161733840e+00 1.624860488246887940e+02
9.475594457481240340e+01 4.597017562109536826e+00 1.632627877007085431e+02
9.422710521956101104e+01 4.348514003484700297e+00 1.640396965156278668e+02
9.369814994367978045e+01 4.099938123226474218e+00 1.648167753662085318e+02
9.316907879609352960e+01 3.851289964691979595e+00 1.655940241687366381e+02
9.263989181564578246e+01 3.602569548156977053e+00 1.663714428644460668e+02
9.211058904118479518e+01 3.353776893900469513e+00 1.671490313945638491e+02
9.158117051156372668e+01 3.104912022204701305e+00 1.679267897003100529e+02
9.105163626564049650e+01 2.855974953355155943e+00 1.687047177228976977e+02
9.052198634227792695e+01 2.606965707640559238e+00 1.694828154035329533e+02
8.999222078034357253e+01 2.357884305352877075e+00 1.702610826834148838e+02
8.946233961870962048e+01 2.108730766787316302e+00 1.710395195037350220e+02
8.893234289625357292e+01 1.859505112242232583e+00 1.718181258056799550e+02
8.840223065185733731e+01 1.610207362019355104e+00 1.725969015304273171e+02
8.787200292440783755e+01 1.360837536423628258e+00 1.733758466191483194e+02
8.734165975279674399e+01 1.111395655763218526e+00 1.741549610130073518e+02
8.681120117592055863e+01 8.618817403495135920e-01 1.749342446531617554e+02
8.628062723268052991e+01 6.122958104971214510e-01 1.757136974807620504e+02
8.574993796198268114e+01 3.626378865238720217e-01 1.764933194369518219e+02
8.521913340273786730e+01 1.129079887508149943e-01 1.772731104628677485e+02
8.468821359386170400e+01 -1.368938624977768803e-01 1.780530704996395741e+02
8.415717857427455328e+01 -3.867676468944125645e-01 1.788331994883901928e+02
8.362602838290162310e+01 -6.367133441083766554e-01 1.796134973702355637e+02
8.309476305867286783e+01 -8.867309338057357548e-01 1.803939640862847398e+02
8.256338264052303089e+01 -1.136820395649333237e+00 1.811745995776397820e+02
8.203188716739167319e+01 -1.386981709298793497e+00 1.819554037853959301e+02
8.150027667822310207e+01 -1.637214854410516951e+00 1.827363766506415743e+02
8.096855121196638549e+01 -1.887519810637686035e+00 1.835175181144580279e+02
8.043671080757590630e+01 -2.137896557630270422e+00 1.842988281179198395e+02
