2.540000000000000000e+02 7.000000000000000000e+00 0.000000000000000000e+00
2.527697543907084423e+02 7.505283430722374582e+00 8.248969791987033062e-01
2.515135995909846827e+02 8.020922521114325576e+00 1.664644078594375465e+00
2.502278520131087589e+02 8.547340482138443107e+00 2.522618755070447527e+00
2.489091969089273277e+02 9.081771590393842075e+00 3.404982539333136327e+00
2.475542198365359070e+02 9.621271719111989640e+00 4.317942395569096092e+00
2.461571636319475829e+02 1.016143457026851671e+01 5.271210568547773256e+00
2.447143667757249261e+02 1.070035702356045348e+01 6.270161368194024476e+00
2.432234089802990695e+02 1.123708083018534332e+01 7.318060588240166808e+00
2.416831360748007853e+02 1.177154766624202153e+01 8.416079058089783516e+00
2.400920377734170756e+02 1.230431218286813611e+01 9.565046143046549432e+00
2.384462240984463790e+02 1.284002475086004935e+01 1.076350416488079098e+01
2.367437658167828261e+02 1.337958686200680702e+01 1.201229896889571158e+01
2.349831179265653134e+02 1.392313172395627952e+01 1.331276524938536632e+01
2.331626983724965783e+02 1.447078783594269247e+01 1.466627853597462305e+01
2.312808808701061878e+02 1.502268722206125418e+01 1.607425289020969217e+01
2.293359947800212240e+02 1.557896544130684369e+01 1.753814101506889500e+01
2.273263239783275935e+02 1.613976167776301907e+01 1.905943523889250812e+01
2.252501069531577684e+02 1.670521873288602421e+01 2.063966743126375647e+01
2.231055339887843161e+02 1.727548325033276200e+01 2.228041145568489867e+01
2.208907447154816452e+02 1.785070591158244468e+01 2.398328530367885136e+01
2.186038281081796981e+02 1.843104143604407241e+01 2.574995109596115483e+01
2.162428220703706074e+02 1.901664861427375897e+01 2.758211544486633571e+01
2.138060800272768915e+02 1.960741892610560555e+01 2.948143762842320115e+01
2.112957073451185011e+02 2.020049535752484005e+01 3.144860895599025241e+01
2.087128272941861837e+02 2.079381930375705068e+01 3.348449755468166700e+01
2.060557209301497892e+02 2.138744211622809388e+01 3.559067694189863573e+01
2.033226323952115138e+02 2.198140562074557280e+01 3.776876457171227486e+01
2.005117894744982152e+02 2.257573535186716640e+01 4.002040851775547026e+01
1.976215890339532564e+02 2.317032522292888075e+01 4.234722487763823295e+01
1.946659302153846909e+02 2.375640294803895713e+01 4.474454857228720073e+01
1.916931091851193685e+02 2.431714424040326961e+01 4.718253194538773698e+01
1.887323360587527361e+02 2.483614420598207673e+01 4.964953192236977486e+01
1.857859537623675692e+02 2.531223133855849383e+01 5.214446826692594072e+01
1.828545578001306922e+02 2.574564759115826362e+01 5.466651570013507211e+01
1.799387297444517344e+02 2.613664732515244182e+01 5.721485026155023235e+01
1.770390424736218904e+02 2.648549290396235278e+01 5.978864871601605557e+01
1.741560601123285323e+02 2.679245456415752358e+01 6.238708873898073648e+01
1.712903379428258575e+02 2.705781023749683101e+01 6.500934917895538945e+01
1.684427674207629195e+02 2.728105179662176738e+01 6.765523669161493103e+01
1.656185372157041229e+02 2.744565929230629564e+01 7.033811316219491516e+01
1.628199390844207812e+02 2.754205464229817935e+01 7.306566308880556448e+01
1.600476996095005973e+02 2.757105937396555362e+01 7.583626664077139878e+01
1.573026099441183021e+02 2.753349961498080134e+01 7.864828800401642184e+01
1.545854406261444751e+02 2.743021876814542281e+01 8.150009410895619055e+01
1.518969411655702118e+02 2.726207502963768192e+01 8.439005759150222730e+01
1.492378400345321836e+02 2.702994133331378990e+01 8.731655686022816099e+01
1.466088446673129795e+02 2.673470535070781295e+01 9.027797609636989762e+01
1.440106415365844157e+02 2.637726945870581474e+01 9.327270521123304547e+01
1.414439297224357119e+02 2.595854660664624802e+01 9.629911049292715575e+01
1.389792681459713890e+02 2.547312980373609648e+01 9.929212241601975109e+01
1.366858160052276787e+02 2.491788698296157634e+01 1.021858351186271534e+02
1.345537821038126935e+02 2.429846435208746769e+01 1.049819525287841060e+02
1.325619791658806150e+02 2.362391956039643759e+01 1.076787488251506915e+02
1.306986482148160462e+02 2.289999142647162245e+01 1.102776678693218031e+02
1.289565194185574626e+02 2.213194753408046012e+01 1.127823060468495129e+02
1.273156484609431232e+02 2.134557639506798665e+01 1.151925392895349631e+02
1.257588405213642773e+02 2.057230643694425254e+01 1.175012314831707840e+02
1.242752154928929968e+02 1.982427590532269335e+01 1.197109766104606763e+02
1.228605358857483907e+02 1.910130350794750242e+01 1.218265268532972101e+02
1.215119287507996972e+02 1.840219668073494574e+01 1.238519265097124702e+02
1.202257105433073292e+02 1.772700811668007859e+01 1.257911124167800239e+02
1.189982755701183237e+02 1.707589299464166643e+01 1.276478561169476933e+02
1.178265280354603988e+02 1.644855009186445827e+01 1.294257383054179229e+02
1.167079877360068281e+02 1.584408063360210761e+01 1.311281462794346737e+02
1.156403794919240937e+02 1.526150048927713243e+01 1.327583133022520769e+02
1.146215099145534424e+02 1.469988260472962693e+01 1.343193392775123698e+02
1.136492797483704180e+02 1.415833966264197130e+01 1.358141911063331406e+02
1.127216822287632141e+02 1.363602338936199843e+01 1.372457050075879295e+02
1.118367955330435564e+02 1.313212136850750511e+01 1.386165971838113649e+02
1.109922648592343108e+02 1.264593004818186728e+01 1.399299613593112213e+02
1.101765285454179661e+02 1.217818581119406041e+01 1.411976210417837763e+02
1.093837772528518286e+02 1.172898585816169437e+01 1.424257344157459215e+02
1.086135734337617436e+02 1.129769685604843410e+01 1.436152777020067219e+02
1.078651833302786827e+02 1.088374840753541406e+01 1.447674947490095860e+02
1.071379151387302784e+02 1.048658704078220261e+01 1.458835708324408813e+02
1.064310987527543659e+02 1.010567664458714177e+01 1.469646540531080916e+02
1.057440845500603359e+02 9.740497497638649804e+00 1.480118574156309705e+02
1.050762433924290775e+02 9.390546268515210571e+00 1.490262588284417689e+02
1.044269667417972300e+02 9.055336108568283748e+00 1.500089009048921866e+02
1.037956656849584363e+02 8.734395871554793800e+00 1.509607926342762596e+02
1.031817697177305462e+02 8.427269140815646153e+00 1.518829114649616088e+02
1.025847263795742919e+02 8.133513959247581582e+00 1.527762039169857076e+02
1.020010585972482602e+02 7.850692074971992618e+00 1.536464170433436891e+02
1.014272159341651047e+02 7.576131908444930119e+00 1.544995163446172057e+02
1.008624494411599528e+02 7.309053901298684153e+00 1.553368789233433063e+02
1.003060494962875282e+02 7.048795375457912016e+00 1.561597682715996598e+02
9.975734580482210845e+01 6.794810533139631126e+00 1.569693342710049535e+02
9.921583783495060516e+01 6.546735673966239233e+00 1.577664121638475763e+02
9.867945810815729146e+01 6.302881800172164262e+00 1.585545782022135484e+02
9.814315231920244287e+01 6.059131796076298926e+00 1.593425692316730533e+02
9.760669964592095482e+01 5.815305775790005072e+00 1.601307669705375076e+02
9.707009188053683602e+01 5.571397050381113658e+00 1.609191856071235520e+02
9.653332903738660775e+01 5.327405628204562760e+00 1.617078251171947727e+02
9.599641113081071353e+01 5.083331517617523332e+00 1.624966854765085884e+02
9.545933817515374642e+01 4.839174726979387664e+00 1.632857666608165914e+02
9.492211018476446327e+01 4.594935264651766715e+00 1.640750686458644338e+02
9.438472717399581313e+01 4.350613138998489227e+00 1.648645914073918277e+02
9.384718915720488042e+01 4.106208358385601720e+00 1.656543349211325733e+02
9.330949614875289910e+01 3.861720931181370275e+00 1.664442991628146729e+02
9.277164816300530958e+01 3.617150865756278755e+00 1.672344841081599327e+02
9.223364521433174446e+01 3.372498170483030133e+00 1.680248897328845601e+02
9.169548731710628431e+01 3.127762853736544280e+00 1.688155160126987653e+02
9.115717448570616455e+01 2.882944923893941525e+00 1.696063629233065626e+02
9.061870673451379332e+01 2.638044389334587514e+00 1.703974304404063673e+02
9.008008407791541572e+01 2.393061258440061678e+00 1.711887185396905977e+02
8.954130653030146902e+01 2.147995539594159897e+00 1.719802271968456182e+02
8.900237410606651167e+01 1.902847241182891613e+00 1.727719563875521374e+02
8.846328681960930851e+01 1.657616371594481608e+00 1.735639060874847246e+02
8.792404468533273132e+01 1.412302939219369335e+00 1.743560762723121513e+02
8.738464771764387251e+01 1.166906952450209811e+00 1.751484669176972488e+02
8.684509593095390301e+01 9.214284196818703920e-01 1.759410779992969367e+02
8.630538933967821436e+01 6.758673493114372155e-01 1.767339094927623080e+02
8.576552795823637609e+01 4.302237497382075393e-01 1.775269613737384304e+02
8.522551180105203628e+01 1.844976293636960696e-01 1.783202336178645169e+02
8.468534088255307779e+01 -6.131100340836980606e-02 1.791137262007739253e+02
8.414501521717147625e+01 -3.072021401720463896e-01 1.799074390980939882e+02
8.360453481934345632e+01 -5.531757725191750463e-01 1.807013722854462969e+02
8.306389970350930696e+01 -7.992318920393832737e-01 1.814955257384462755e+02
8.252310988411353776e+01 -1.045370490320084000e+00 1.822898994327038054e+02
8.198216543666413259e+01 -1.291591381691538754e+00 1.830844931472678638e+02
8.144107278382311677e+01 -1.537875937231331314e+00 1.838792862164608266e+02
8.089983463651537932e+01 -1.784216250387019143e+00 1.846742698843241044e+02
8.035844878374952316e+01 -2.030618704043827716e+00 1.854694512397221615e+02
