2.540000000000000000e+02 7.000000000000000000e+00 0.000000000000000000e+00
2.512406835120613096e+02 8.079563003587759695e+00 1.809919734380616596e+00
2.485009248533495168e+02 9.132844456847861281e+00 3.630865883714640585e+00
2.457808091174270828e+02 1.016018702488114656e+01 5.462786582721065543e+00
2.430802769822217613e+02 1.116175213498196861e+01 7.305520945650854969e+00
2.403989636176497129e+02 1.213771967906024507e+01 9.158085624935951685e+00
2.377347873209635338e+02 1.308694737846305323e+01 1.101853019668408606e+01
2.350845290221379571e+02 1.400323272234869343e+01 1.289500137486754738e+01
2.324478422022134225e+02 1.488586876097171974e+01 1.478846515137281337e+01
2.298248352764470042e+02 1.573508287587889143e+01 1.669861125660878542e+01
2.272156132581752388e+02 1.655110068133146584e+01 1.862513433751252379e+01
2.246202790045484221e+02 1.733414856002603699e+01 2.056773045958876978e+01
2.220389332267989175e+02 1.808445309432359238e+01 2.252609727451030608e+01
2.194716796005288018e+02 1.880210175187395905e+01 2.449996891057351789e+01
2.169186310272346248e+02 1.948693713861880283e+01 2.648913887721963434e+01
2.143798952514115399e+02 2.013894155845778045e+01 2.849336413864396889e+01
2.118555723700440865e+02 2.075829334980253194e+01 3.051235163494171232e+01
2.093457674196599498e+02 2.134529246177735118e+01 3.254579313167866417e+01
2.068505992409200189e+02 2.190012611552825206e+01 3.459343197346431253e+01
2.043720950393002056e+02 2.241944670435197295e+01 3.665847473011465496e+01
2.019108223341309269e+02 2.290263200363557061e+01 3.874146860750578725e+01
1.994668402385797492e+02 2.335000183003158725e+01 4.084204205949237121e+01
1.970402054476998615e+02 2.376187639682930453e+01 4.295982558511249749e+01
1.946309722916271312e+02 2.413857622935274705e+01 4.509445175763871561e+01
1.922391929600922253e+02 2.448042173838662094e+01 4.724555541502667921e+01
1.898649175024205533e+02 2.478773322017627478e+01 4.941277365991516746e+01
1.875081938275323523e+02 2.506083085642775998e+01 5.159574585962608495e+01
1.851690677039426021e+02 2.530003471430776329e+01 5.379411364616447599e+01
1.828475827597611385e+02 2.550566474644363879e+01 5.600752091621846773e+01
1.805437804826924832e+02 2.567804079092343628e+01 5.823561383115937673e+01
1.782577002200359289e+02 2.581748257129584445e+01 6.047804081704160950e+01
1.759893791816193698e+02 2.592430970622135789e+01 6.273445255223418116e+01
1.737388524939335355e+02 2.599884170855805365e+01 6.500450191386067900e+01
1.715061532551029302e+02 2.604139776638980663e+01 6.728784413619322891e+01
1.692913125407991402e+02 2.605229676357125967e+01 6.958413678465396401e+01
1.670943594066003470e+02 2.603185728990149883e+01 7.189303974351585680e+01
1.649153208985782726e+02 2.598039762771576378e+01 7.421421521833440238e+01
1.627542220799845154e+02 2.589823571059566021e+01 7.654732774940266893e+01
1.606110860556851776e+02 2.578568908668662374e+01 7.889204422296739949e+01
1.584859339789979060e+02 2.564307491002758610e+01 8.124803387281521339e+01
1.563787850731933986e+02 2.547070990973665872e+01 8.361496828871364073e+01
1.542909945161790688e+02 2.526938323736628078e+01 8.599055471675218598e+01
1.522273479256748203e+02 2.504114561193781086e+01 8.836740608018149601e+01
1.501887851445533499e+02 2.478675534864078855e+01 9.074371857284221221e+01
1.481749927316947435e+02 2.450654935992167438e+01 9.311950672419193609e+01
1.461880647974436727e+02 2.420119549001056569e+01 9.549183266766836198e+01
1.442451240269801929e+02 2.387339645149894807e+01 9.783938277455749244e+01
1.423505917399242264e+02 2.352443809624876891e+01 1.001560648060922745e+02
1.405035533780862522e+02 2.315494096490208875e+01 1.024422522439212884e+02
1.387030700611468035e+02 2.276550879986885434e+01 1.046983617082422313e+02
1.369482204367233464e+02 2.235673227446399025e+01 1.069248037345352600e+02
1.352381004650762577e+02 2.192918916293767495e+01 1.091219828393499824e+02
1.335718216530700886e+02 2.148344575543269031e+01 1.112902980409196232e+02
1.319485110415743065e+02 2.102005686808310969e+01 1.134301428628716337e+02
1.303673112054629257e+02 2.053956584301433708e+01 1.155419053342275220e+02
1.288273802536148196e+02 2.004250454834307149e+01 1.176259679894029659e+02
1.273278919029120289e+02 1.952939331506563292e+01 1.196827078499938750e+02
1.258680350690602410e+02 1.900074121388747983e+01 1.217124965971659094e+02
1.244470099366131706e+02 1.845705324783664736e+01 1.237156975589141723e+02
1.230628216842690961e+02 1.790134890013476721e+01 1.256914193051465816e+02
1.217133506243227004e+02 1.733704702393119845e+01 1.276385344172237524e+02
1.203974426546294154e+02 1.676488736938991053e+01 1.295574015980760976e+02
1.191124131376556079e+02 1.618704567223647217e+01 1.314480950524242076e+02
1.178567621844292290e+02 1.560459638177903940e+01 1.333108799289864237e+02
1.166298657507736607e+02 1.501779934897817625e+01 1.351461650695313779e+02
1.154311956197464752e+02 1.442682938384500524e+01 1.369543684365185356e+02
1.142602187132222156e+02 1.383187247801989450e+01 1.387359089945201447e+02
1.131153767608926870e+02 1.323419669182288771e+01 1.404916653421718138e+02
1.119955306469656335e+02 1.263463953420880337e+01 1.422223265761913069e+02
1.109001891328988307e+02 1.203336480786371254e+01 1.439282881044749161e+02
1.098288836441880676e+02 1.143051758096625470e+01 1.456099328589237132e+02
1.087811682703671750e+02 1.082622418718766610e+01 1.472676312954438060e+02
1.077566197650079118e+02 1.022059222569174075e+01 1.489017413939461960e+02
1.067548375457200081e+02 9.613710561134869437e+00 1.505126086583469487e+02
1.057754436941512779e+02 9.005649323666013117e+00 1.521005661165669380e+02
1.048182302539101016e+02 8.396433181725932116e+00 1.536658072372012782e+02
1.038768357499470198e+02 7.787585058471194088e+00 1.552136496056392332e+02
1.029460386943235761e+02 7.180342675537527697e+00 1.567484664346040120e+02
1.020255916118827315e+02 6.574749259456408979e+00 1.582704815586722020e+02
1.011147761544988413e+02 5.970662700848916593e+00 1.597806109173020275e+02
1.002057121711496990e+02 5.366390720785825685e+00 1.612890239264731065e+02
9.929722216533915002e+01 4.761680574914615605e+00 1.627972400690529184e+02
9.838929367578769813e+01 4.156530778813044336e+00 1.643052743698157201e+02
9.748192740468023487e+01 3.550942638226270986e+00 1.658131248994167777e+02
9.657512405265364919e+01 2.944917458149270750e+00 1.673207897308112990e+02
9.566888431880013854e+01 2.338456542822192397e+00 1.688282669392569062e+02
9.476320890066706681e+01 1.731561195730273894e+00 1.703355546023131808e+02
9.385809849425700691e+01 1.124232719603838415e+00 1.718426507998419765e+02
9.295358990343522976e+01 5.164605495687462078e-01 1.733495265025648280e+02
9.204964748360603721e+01 -9.174197305477556352e-02 1.748562069878470027e+02
9.114604660848162609e+01 -7.002995378782970182e-01 1.763628595483795891e+02
9.024260910155729221e+01 -1.309152473650090576e+00 1.778696169434877277e+02
8.933921226644422120e+01 -1.918259720875912011e+00 1.793765706235349455e+02
8.843579445019831553e+01 -2.527600622139279718e+00 1.808837665181892191e+02
8.753235843779866343e+01 -3.137175735945537003e+00 1.823912022121489827e+02
8.662890596673990729e+01 -3.746985272170370251e+00 1.838988760725640930e+02
8.572543736625672750e+01 -4.357028982255165772e+00 1.854067875279161797e+02
8.482195296554117192e+01 -4.967306617592870843e+00 1.869149360066848544e+02
8.391845374318097583e+01 -5.577814219007689367e+00 1.884233118218578511e+02
8.301494261339985314e+01 -6.188536869382617489e+00 1.899318783683895902e+02
8.211141906355749143e+01 -6.799479335921217782e+00 1.914406474009117289e+02
8.120788218767287958e+01 -7.410648576183498371e+00 1.929496360541332649e+02
8.030433114027265162e+01 -8.022051135781053333e+00 1.944588604496960329e+02
7.940076513639101563e+01 -8.633693148377053816e+00 1.959683356961749894e+02
7.849718345156968269e+01 -9.245580335686241824e+00 1.974780758890779850e+02
7.759358542185805163e+01 -9.857718007474950639e+00 1.989880941108459638e+02
7.668997044381303851e+01 -1.047011106156107729e+01 2.004984024308526500e+02
7.578633797449917608e+01 -1.108276398381410921e+01 2.020090119054049467e+02
7.488268753148857115e+01 -1.169568084815510645e+01 2.035199325777426509e+02
7.397901869286087617e+01 -1.230886531655670701e+01 2.050311734780386246e+02
7.307533109720333186e+01 -1.292232063904312866e+01 2.065427426233985670e+02
7.217162444361082407e+01 -1.353604965369017243e+01 2.080546470178612708e+02
7.126789849168575586e+01 -1.415005478662520666e+01 2.095668926523984794e+02
7.036415306153810434e+01 -1.476433805202719185e+01 2.110794845049150013e+02
6.946038803378547755e+01 -1.537890105212665048e+01 2.125924265402484536e+02
6.855660334955307178e+01 -1.599374497720569721e+01 2.141057217101695755e+02
6.765279901047355793e+01 -1.660887060559802109e+01 2.156193719533820854e+02
6.674897507868733726e+01 -1.722427830368888024e+01 2.171333781955225675e+02
6.584513167684227142e+01 -1.783996802591513386e+01 2.186477403491606992e+02
6.494126898809386716e+01 -1.845593931476519600e+01 2.201624573137991661e+02
6.403738725610519111e+01 -1.907219130077906755e+01 2.216775269758735476e+02
6.313348678504687683e+01 -1.968872270254833623e+01 2.231929462087524598e+02
6.222956780671675858e+01 -2.030553290503798181e+01 2.247087135270849672e+02
6.132563027598644823e+01 -2.092262350152965666e+01 2.262248328810329951e+02
