2.540000000000000000e+02 7.000000000000000000e+00 0.000000000000000000e+00
2.528934735735819856e+02 7.442970465928919310e+00 7.607090630626643923e-01
2.517636126734749382e+02 7.895682220810216201e+00 1.534615358469621826e+00
2.506099674107003636e+02 8.358323013596685058e+00 2.321973060970821123e+00
2.494312800733991935e+02 8.831185697748287211e+00 3.123793960881405596e+00
2.482241143076420258e+02 9.314710322410562071e+00 3.943269872578990753e+00
2.469860119792374462e+02 9.806240766954140042e+00 4.785680202327069921e+00
2.457139552104088125e+02 1.030318002234522012e+01 5.656623292032407768e+00
2.444026829080185621e+02 1.080150951002777227e+01 6.565154003754217982e+00
2.430510615126531206e+02 1.130104740863182755e+01 7.512566465675182492e+00
2.416577096591256861e+02 1.180151109611527893e+01 8.500507030094539118e+00
2.402193655575020443e+02 1.230137174544636558e+01 9.533720420595969358e+00
2.387338973519759406e+02 1.279996385060500508e+01 1.061497619618468136e+01
2.372000950119229117e+02 1.329723561855776204e+01 1.174552127604678731e+01
2.356167657755362654e+02 1.379316055864220836e+01 1.292656020748446721e+01
2.339826881201929609e+02 1.428771199482505061e+01 1.415932613382780048e+01
2.322951552256435548e+02 1.478338364981322073e+01 1.544362889520224158e+01
2.305505128534026653e+02 1.528407682016531588e+01 1.677860018905839112e+01
2.287470409992141640e+02 1.579014935506837602e+01 1.816552477357863182e+01
2.268830297351088063e+02 1.630185946164573707e+01 1.960579161867769216e+01
2.249567615096785858e+02 1.681939685602929657e+01 2.110087566507888823e+01
2.229664992633810527e+02 1.734290488008823772e+01 2.265232419677757036e+01
2.209104312826673038e+02 1.787258026521488219e+01 2.426169688829005366e+01
2.187866967082530039e+02 1.840861969611736626e+01 2.593060189306846652e+01
2.165933830821056176e+02 1.895122318633442760e+01 2.766069439145529074e+01
2.143285239490634808e+02 1.950059632967790080e+01 2.945367637440603303e+01
2.119918051406851021e+02 2.005560986119975553e+01 3.131090017404944703e+01
2.095856020986932435e+02 2.061307894015755693e+01 3.323303801148799863e+01
2.071088623642805544e+02 2.117256510493797705e+01 3.522150709441881844e+01
2.045601060004722171e+02 2.173394467229110205e+01 3.727784323300492986e+01
2.019375653915839735e+02 2.229729751184725117e+01 3.940366968806817027e+01
1.992393515350142650e+02 2.286276749603919356e+01 4.160066698523278461e+01
1.964638128038237426e+02 2.343020015266562339e+01 4.387058201596088480e+01
1.936348586567182792e+02 2.398843282633504614e+01 4.620133250993653462e+01
1.907965287492057769e+02 2.452188438803078085e+01 4.856558107356869414e+01
1.879701485583279634e+02 2.501554836810534255e+01 5.095789941129568490e+01
1.851574868751881127e+02 2.546864681956358112e+01 5.337734965973309897e+01
1.823591025179430289e+02 2.588138940724077841e+01 5.582315990188107691e+01
1.795755280702016137e+02 2.625400841729334545e+01 5.829456093563991459e+01
1.768072883161722189e+02 2.658674345267965577e+01 6.079078401405011078e+01
1.740549001975181227e+02 2.687984133755215765e+01 6.331106098504507429e+01
1.713188727243228584e+02 2.713355594210268862e+01 6.585462455752082178e+01
1.686005189315254427e+02 2.734591065338669580e+01 6.842255542537486690e+01
1.659064543132361393e+02 2.750264972868230728e+01 7.102571422873222673e+01
1.632387964216821388e+02 2.759862227737735196e+01 7.366778399290012658e+01
1.605967755169851046e+02 2.763054533493370357e+01 7.635166883191769216e+01
1.579809475290488479e+02 2.759867869974270249e+01 7.907637401350692130e+01
1.553920154387584489e+02 2.750381455394676067e+01 8.184035095281424788e+01
1.528306630874813266e+02 2.734675986227095024e+01 8.464205484524370604e+01
1.502975551522665683e+02 2.712833583890166622e+01 8.747994525449237813e+01
1.477933371115836394e+02 2.684937742183321063e+01 9.035248670228330070e+01
1.453186352371973840e+02 2.651073279859947007e+01 9.325814917736384757e+01
1.428738150964979070e+02 2.611328800092220348e+01 9.619562838996455412e+01
1.405021507158581358e+02 2.565365139881043177e+01 9.912438807885254732e+01
1.382932714270061751e+02 2.512547157560418754e+01 1.019600394754376964e+02
1.362369978000801325e+02 2.453519779533049316e+01 1.046999353742231591e+02
1.343113651307173200e+02 2.389215199550402957e+01 1.073416707706618354e+02
1.325102887845704345e+02 2.320013776337611588e+01 1.098886454161113448e+02
1.308262952934281600e+02 2.246468783565292426e+01 1.123443356459484335e+02
1.292410406064572612e+02 2.170828563131216526e+01 1.147096065996018694e+02
1.277378303156492194e+02 2.096330289672087943e+01 1.169754128847313837e+02
1.263050496507405143e+02 2.024242727546828391e+01 1.191446105470833743e+02
1.249385362786261169e+02 1.954562045401034709e+01 1.212218246156934356e+02
1.236353952794740962e+02 1.887192183836985748e+01 1.232110020203747780e+02
1.223916460840754183e+02 1.822202114949512719e+01 1.251159458821293811e+02
1.212039255125439183e+02 1.759599045931250672e+01 1.269402814151961678e+02
1.200697021129174971e+02 1.699299081230577357e+01 1.286874583030742656e+02
1.189866883693885882e+02 1.641204885179385542e+01 1.303607676026159083e+02
1.179526887755811657e+02 1.585223297107454243e+01 1.319633658895120618e+02
1.169655991329751856e+02 1.531265026523298367e+01 1.334982784933388018e+02
1.160234069989722627e+02 1.479244672104068847e+01 1.349683988535185222e+02
1.151241884868617120e+02 1.429080586069478898e+01 1.363764931189815002e+02
1.142661994891764863e+02 1.380693001125043651e+01 1.377251162960118052e+02
1.134471963354190365e+02 1.334013810246850973e+01 1.390172710849024895e+02
1.126574766211988106e+02 1.289097959287211204e+01 1.402630636594004443e+02
1.118905249922960792e+02 1.245968391430530531e+01 1.414693940643755639e+02
1.111449653123343353e+02 1.204578357865497651e+01 1.426381427533240185e+02
1.104201500775266567e+02 1.164872296221657777e+01 1.437704698454613208e+02
1.097154255822527062e+02 1.126796812605824272e+01 1.448675244162853346e+02
1.090301593311632473e+02 1.090300245704840165e+01 1.459304182577629945e+02
1.083637385279842107e+02 1.055332543342097296e+01 1.469602285347184534e+02
1.077155693563379373e+02 1.021845203730698337e+01 1.479579990490097430e+02
1.070851124222616448e+02 9.898002679936938719e+00 1.489246441487540835e+02
1.064715905060227215e+02 9.590969404918601171e+00 1.498617367846447621e+02
1.058742560373562753e+02 9.296369851808107043e+00 1.507707970664577317e+02
1.052926044725739274e+02 9.013782522390066276e+00 1.516527171633933051e+02
1.047261647461859440e+02 8.742846395978254748e+00 1.525083120309309095e+02
1.041744773021100343e+02 8.483204430574151189e+00 1.533383793963445783e+02
1.036347889264554567e+02 8.232926179014731005e+00 1.541475623595337368e+02
1.031025973492370298e+02 7.988870548409587435e+00 1.549434387165973419e+02
1.025771925961528552e+02 7.750523326375451383e+00 1.557272147239594347e+02
1.020585029677764339e+02 7.517817792729137416e+00 1.564990222492062344e+02
1.015463943847913555e+02 7.290644296332096985e+00 1.572590977561002887e+02
1.010407435048685016e+02 7.068900978636164290e+00 1.580076594422233995e+02
1.005410222595350263e+02 6.852149001843861775e+00 1.587456436168828873e+02
1.000428778936582717e+02 6.636764932118222937e+00 1.594807728834458658e+02
9.954458040533278051e+01 6.421308498126998110e+00 1.602161166946923743e+02
9.904613460930391966e+01 6.205783712801547836e+00 1.609516665018342394e+02
9.854754050032180146e+01 5.990190576258714650e+00 1.616874223079925343e+02
9.804879807313582774e+01 5.774529088615025785e+00 1.624233841162894976e+02
9.754990732249464713e+01 5.558799249986701163e+00 1.631595519298481349e+02
9.705086824314619776e+01 5.343001060489644516e+00 1.638959257517925607e+02
9.655168082983760769e+01 5.127134520239450488e+00 1.646325055852477988e+02
9.605234507731536553e+01 4.911199629351395757e+00 1.653692914333399528e+02
9.555286098032510722e+01 4.695196387940451466e+00 1.661062832991959795e+02
9.505322853361180080e+01 4.479124796121270791e+00 1.668434811859439435e+02
9.455344773191968955e+01 4.262984854008197821e+00 1.675808850967127910e+02
9.405351856999217830e+01 4.046776561715265785e+00 1.683184950346324911e+02
9.355344104257204663e+01 3.830499919356190830e+00 1.690563110028339793e+02
9.305321514440126407e+01 3.614154927044378685e+00 1.697943330044492711e+02
9.255284087022106121e+01 3.397741584892923772e+00 1.705325610426111780e+02
9.205231821477212861e+01 3.181259893014634965e+00 1.712709951204541028e+02
9.155164717279387787e+01 2.964709851521931228e+00 1.720096352411120790e+02
9.105082773902550741e+01 2.748091460526992602e+00 1.727484814077213855e+02
9.054985990820529196e+01 2.531404720141663844e+00 1.734875336234188126e+02
9.004874367507075306e+01 2.314649630477476183e+00 1.742267918913422022e+02
8.954747903435870171e+01 2.097826191645649097e+00 1.749662562146303912e+02
8.904606598080516733e+01 1.880934403757090312e+00 1.757059265964230690e+02
8.854450450914548298e+01 1.663974266922394030e+00 1.764458030398610902e+02
8.804279461411420016e+01 1.446945781251842478e+00 1.771858855480861905e+02
8.754093629044515978e+01 1.229848946855405911e+00 1.779261741242411006e+02
8.703892953287143541e+01 1.012683763842741724e+00 1.786666687714694319e+02
8.653677433612537584e+01 7.954502323231942285e-01 1.794073694929160467e+02
8.603447069493857668e+01 5.781483524057972057e-01 1.801482762917264893e+02
