2.540000000000000000e+02 7.000000000000000000e+00 0.000000000000000000e+00
2.527684667714794671e+02 7.494502028227094215e+00 8.054717202760059980e-01
2.515112581475931677e+02 7.999242263440892842e+00 1.625372914800474300e+00
2.502269130023406660e+02 8.514524923911372056e+00 2.460883624997961316e+00
2.489112022114938725e+02 9.039967497758144788e+00 3.316774390621788360e+00
2.475609068109211819e+02 9.571775819640551575e+00 4.200155471382448269e+00
2.461700856689387535e+02 1.010509295689209885e+01 5.121487888432346480e+00
2.447360033102677903e+02 1.063870152552669168e+01 6.084596655044318680e+00
2.432548488187789815e+02 1.117068840168460042e+01 7.095070087196162056e+00
2.417249547729499284e+02 1.170065139393221898e+01 8.154920398624090794e+00
2.401450938592356579e+02 1.222850910633608379e+01 9.265414996985020579e+00
2.385140556778571295e+02 1.275420850726050226e+01 1.042777661673682665e+01
2.368306301300340522e+02 1.327771409636482147e+01 1.164321019476883201e+01
2.350919057906339447e+02 1.380173941623159273e+01 1.291139529770723726e+01
2.332941058872093834e+02 1.433021386041073697e+01 1.423144742731835066e+01
2.314355744446392862e+02 1.486331596400143518e+01 1.560475349009534796e+01
2.295146256372610196e+02 1.540119935963480380e+01 1.703275770781751319e+01
2.275295289267161252e+02 1.594401811980073269e+01 1.851694678543700334e+01
2.254785069423060122e+02 1.649192872146235800e+01 2.005884969092666026e+01
2.233597327903724477e+02 1.704509415579201104e+01 2.166003551881902567e+01
2.211713292088202252e+02 1.760368132877750824e+01 2.332211729087885388e+01
2.189113652219868982e+02 1.816786183600130045e+01 2.504675428164803463e+01
2.165778561124166686e+02 1.873781197937373832e+01 2.683565202635113067e+01
2.141706178001687704e+02 1.931235106626192888e+01 2.869008893168727781e+01
2.116924627072206135e+02 1.988815729701800805e+01 3.061052111711103763e+01
2.091420602575036867e+02 2.046500996981998810e+01 3.259840543233921295e+01
2.065177729250900427e+02 2.104288847748759395e+01 3.465530060246058497e+01
2.038178618862114604e+02 2.162181936181940145e+01 3.678281657547992722e+01
2.010404906623686259e+02 2.220187339464637688e+01 3.898261382462662539e+01
1.981837998981944793e+02 2.278310581826657000e+01 4.125638887273559163e+01
1.952477219217861091e+02 2.336431998931864840e+01 4.360540762374531454e+01
1.922713662175319200e+02 2.393032395235702836e+01 4.600765332432362698e+01
1.892957734281762043e+02 2.446424983823868260e+01 4.844107476971317539e+01
1.863356324455629647e+02 2.495546703384022535e+01 5.090261116424192522e+01
1.833915113589448254e+02 2.540423836147495606e+01 5.339143784227830025e+01
1.804639809193870121e+02 2.581082546004281397e+01 5.590672921712457821e+01
1.775536028083675149e+02 2.617549764882234697e+01 5.844766082371993576e+01
1.746609295829994721e+02 2.649853182109922756e+01 6.101340948023145216e+01
1.717865046797081732e+02 2.678021244126298228e+01 6.360315328738585094e+01
1.689308624131676311e+02 2.702083142522551640e+01 6.621607175070650442e+01
1.660975615467230284e+02 2.721382562916328141e+01 6.885684682529206668e+01
1.632925570348634778e+02 2.734353728401206496e+01 7.153791961527836918e+01
1.605160963426192779e+02 2.740642239477368847e+01 7.426204493083392322e+01
1.577685332434635086e+02 2.740181696475976381e+01 7.702915882871586462e+01
1.550505123052106455e+02 2.733056572607795331e+01 7.983765055867088734e+01
1.523627757405618581e+02 2.719352571648133576e+01 8.268588056702337497e+01
1.497060346804955486e+02 2.699161046260998731e+01 8.557217712117314079e+01
1.470809781844999407e+02 2.672574803054119030e+01 8.849487492588218629e+01
1.444882732976938087e+02 2.639688060382918167e+01 9.145231551384783586e+01
1.419285650321233163e+02 2.600596367054039604e+01 9.444284812561713238e+01
1.394047246158409337e+02 2.555375053717342837e+01 9.746281538782416476e+01
1.370045179042454038e+02 2.503379427932823731e+01 1.004315030955972787e+02
1.347778855540297229e+02 2.444524830744218491e+01 1.033004443650878414e+02
1.327063516634529208e+02 2.379638733650480376e+01 1.060692498640783015e+02
1.307704995470515996e+02 2.309556284471019083e+01 1.087369058649535276e+02
1.289634332505781629e+02 2.234685085281514461e+01 1.113068669989923336e+02
1.272738972075022872e+02 2.155992055841227995e+01 1.137830906470347685e+02
1.256811036380620692e+02 2.077019466577676354e+01 1.161577677004962510e+02
1.241692664684921255e+02 2.000254578205955269e+01 1.184271711788041159e+02
1.227287781448229396e+02 1.926136939464117148e+01 1.205982742784139532e+02
1.213555487724299553e+02 1.854676387037846652e+01 1.226754051614420717e+02
1.200455827948021295e+02 1.785895732191669083e+01 1.246626832244388083e+02
1.187955399853294836e+02 1.719753482735939443e+01 1.265640430351895702e+02
1.176026692345061377e+02 1.656152140831789410e+01 1.283832384990553237e+02
1.164644713637386104e+02 1.594981998296565529e+01 1.301238512277146810e+02
1.153785546981637395e+02 1.536138002015101911e+01 1.317893092628504519e+02
1.143426283854442715e+02 1.479519520147596978e+01 1.333828961912506941e+02
1.133545027270102707e+02 1.425030360299726695e+01 1.349077506407696490e+02
1.124120860348444637e+02 1.372578631581156472e+01 1.363668707846738357e+02
1.115133765484413289e+02 1.322076389879048364e+01 1.377631259249097013e+02
1.106558304340383501e+02 1.273448488176489590e+01 1.390998596398129905e+02
1.098286693137044381e+02 1.226748147018433777e+01 1.403881655822561640e+02
1.090252085973680778e+02 1.181989162799615478e+01 1.416350811024517782e+02
1.082441797180465386e+02 1.139115967157301590e+01 1.428424207970005000e+02
1.074851099001804471e+02 1.098064160997819450e+01 1.440112207492385323e+02
1.067472422209402794e+02 1.058775349551496348e+01 1.451427715796960740e+02
1.060298927784257472e+02 1.021192387875309748e+01 1.462382754937634957e+02
1.053324002055955049e+02 9.852600140234399007e+00 1.472988950840378095e+02
1.046541252127533568e+02 9.509248108180280212e+00 1.483257541345501522e+02
1.039944482141324187e+02 9.181350075280628076e+00 1.493199417928690025e+02
1.033527692364565240e+02 8.868404722288653730e+00 1.502825127308339290e+02
1.027285079770854139e+02 8.569927166606671420e+00 1.512144870423452687e+02
1.021211034362652867e+02 8.285448654997061624e+00 1.521168508898112179e+02
1.015299065188764871e+02 8.014432587652164486e+00 1.529907413762838075e+02
1.009503797647250849e+02 7.753243702288242112e+00 1.538440213560610914e+02
1.003793575876195945e+02 7.499233571219968475e+00 1.546822401886035152e+02
9.981651207451417918e+01 7.252119363835377364e+00 1.555059788748793324e+02
9.926179300508050574e+01 7.011854429736193772e+00 1.563153303605618589e+02
9.871439455077910452e+01 6.777832823415923080e+00 1.571116646867021132e+02
9.817400146379233661e+01 6.549826917216810429e+00 1.578955108349805698e+02
9.763768968987746177e+01 6.325360852222179808e+00 1.586720471338853713e+02
9.710161129928901858e+01 6.101176590244528519e+00 1.594480880224616328e+02
9.656534264332380246e+01 5.876915419246187433e+00 1.602243837591257432e+02
9.602888534335627924e+01 5.652578732197870437e+00 1.610009314523236981e+02
9.549223936512396449e+01 5.428166518566864163e+00 1.617777311438622121e+02
9.495540467435507992e+01 5.203678767816903417e+00 1.625547828755595674e+02
9.441838123676832595e+01 4.979115469408067263e+00 1.633320866892468359e+02
9.388116901807269699e+01 4.754476612796748825e+00 1.641096426267677089e+02
9.334376798396760933e+01 4.529762187435658838e+00 1.648874507299786103e+02
9.280617810014273061e+01 4.304972182773820322e+00 1.656655110407485552e+02
9.226839933227819301e+01 4.080106588256572131e+00 1.664438236009592060e+02
9.173043164604440847e+01 3.855165393325569401e+00 1.672223884525050153e+02
9.119227500710215395e+01 3.630148587418779105e+00 1.680012056372929123e+02
9.065392938110255727e+01 3.405056159970486274e+00 1.687802751972427018e+02
9.011539473368711128e+01 3.179888100411288665e+00 1.695595971742866652e+02
8.957667103048764545e+01 2.954644398168100317e+00 1.703391716103699594e+02
8.903775823712634008e+01 2.729325042664148437e+00 1.711189985474501896e+02
8.849865631921572628e+01 2.503930023318977849e+00 1.718990780274977510e+02
8.795936524235870024e+01 2.278459329548446988e+00 1.726794100924957434e+02
8.741988497214849474e+01 2.052912950764727906e+00 1.734599947844397718e+02
8.688021547416869339e+01 1.827290876376309159e+00 1.742408321453382882e+02
8.634035671399323064e+01 1.601593095787994470e+00 1.750219222172123068e+02
8.580030865718640598e+01 1.375819598400900956e+00 1.758032650420955463e+02
8.526007126930286972e+01 1.149970373612462238e+00 1.765848606620343446e+02
8.471964451588758038e+01 9.240454108164257718e-01 1.773667091190878295e+02
8.417902836247593257e+01 6.980446994028556285e-01 1.781488104553276344e+02
8.363822277459357224e+01 4.719682287581263846e-01 1.789311647128381253e+02
8.309722771775663830e+01 2.458159882649413042e-01 1.797137719337158330e+02
8.255604315747132205e+01 1.958796730227112259e-02 1.804966321600715844e+02
8.201466905923435036e+01 -2.067158447545679456e-01 1.812797454340272907e+02
8.147310538853280093e+01 -4.330954585339644725e-01 1.820631117977181077e+02
8.093135211084398861e+01 -6.595508846680027126e-01 1.828467312932918958e+02
8.038940919163555066e+01 -8.860821337924627006e-01 1.836306039629092197e+02
7.984727659636547514e+01 -1.112689216546819404e+00 1.844147298487433204e+02
