2.540000000000000000e+02 7.000000000000000000e+00 0.000000000000000000e+00
2.528198093359065979e+02 7.485556640488736591e+00 7.729042024439449765e-01
2.516145582607241522e+02 7.981091020572547379e+00 1.559786981240141035e+00
2.503837594417008745e+02 8.486793369977005952e+00 2.360924156054494460e+00
2.491242118338120974e+02 9.002686237024885685e+00 3.179549563164910886e+00
2.478315634106744483e+02 9.525434913426597205e+00 4.023481643695483889e+00
2.465015241052830959e+02 1.005061514085874386e+01 4.901196136164945649e+00
2.451302723086317883e+02 1.057640020414665827e+01 5.818116837063808333e+00
2.437160580995781061e+02 1.110236072165582044e+01 6.776347387351132845e+00
2.422551922356650209e+02 1.162660344393311895e+01 7.781312478674791144e+00
2.407461295462607325e+02 1.214879136726963793e+01 8.834830109514198782e+00
2.391876585081019755e+02 1.266883979326808074e+01 9.938146757011210752e+00
2.375785888048385743e+02 1.318669388790609531e+01 1.109245859145634761e+01
2.359177376854090653e+02 1.370232000333503208e+01 1.229893326644488205e+01
2.342038672435213300e+02 1.421566619259676223e+01 1.355880968362053274e+01
2.324357124378044546e+02 1.472668085866455456e+01 1.487335240431344019e+01
2.306120443270110059e+02 1.523520210839277667e+01 1.624391706890279963e+01
2.287294620523354638e+02 1.574468162506563829e+01 1.766982122134334432e+01
2.267838862791628571e+02 1.625942086933950748e+01 1.915006420686307465e+01
2.247735236641620702e+02 1.677965969509640942e+01 2.068608481502420915e+01
2.226965733614967746e+02 1.730557166980776884e+01 2.227940441540946992e+01
2.205511842469913120e+02 1.783733513362316714e+01 2.393158693771378509e+01
2.183354537042844470e+02 1.837513331479113177e+01 2.564423989901415268e+01
2.160479339181009379e+02 1.891881319478945045e+01 2.741887418527328535e+01
2.136909956864671472e+02 1.946566603498653336e+01 2.925592539398213887e+01
2.112652437645349153e+02 2.001423652813875620e+01 3.115625399417047703e+01
2.087687794718779628e+02 2.056475533796210797e+01 3.312141399960114541e+01
2.061999324998847385e+02 2.111726782954868042e+01 3.515292713878428543e+01
2.035569570567198809e+02 2.167184521148435650e+01 3.725236056478630076e+01
2.008380652020360344e+02 2.222856033043945700e+01 3.942131935996601300e+01
1.980414257454323206e+02 2.278748771423735420e+01 4.166144752693038811e+01
1.951649975779145905e+02 2.334872303942104210e+01 4.397456838822162695e+01
1.922436306564955544e+02 2.389901439714469333e+01 4.634079991344962224e+01
1.893168677381711689e+02 2.442328626978052597e+01 4.873767739303580271e+01
1.864034351186604113e+02 2.490714461970875604e+01 5.116218341562505145e+01
1.835058969010308658e+02 2.534922518890211052e+01 5.361327150787753482e+01
1.806248024894424873e+02 2.574979323519945851e+01 5.609013528221944256e+01
1.777606924543939897e+02 2.610912145075099389e+01 5.859196950937963777e+01
1.749140984836465975e+02 2.642748982531833235e+01 6.111797030447024071e+01
1.720855433276571205e+02 2.670518549868991798e+01 6.366733532943428742e+01
1.692755407688112257e+02 2.694250265275148948e+01 6.623926393214114228e+01
1.664863756406839457e+02 2.713551002783849597e+01 6.883634719456995299e+01
1.637243404589496834e+02 2.726914253533442434e+01 7.147025877392641746e+01
1.609912008863017547e+02 2.733720921865866060e+01 7.414573857463254569e+01
1.582868860672821540e+02 2.733796926537865701e+01 7.686390240050332068e+01
1.556119193966578109e+02 2.727211704871718112e+01 7.962334390003134388e+01
1.529670493492998844e+02 2.714057944334536288e+01 8.242237110096010611e+01
1.503529630233741727e+02 2.694429423292714887e+01 8.525931532862517770e+01
1.477703255422277380e+02 2.668421317071634036e+01 8.813251487869472101e+01
1.452197800725316199e+02 2.636130120357540818e+01 9.104031581821334385e+01
1.427019478534092798e+02 2.597653600377145722e+01 9.398107245096400675e+01
1.402172301408500061e+02 2.553092521757856304e+01 9.695332619224295456e+01
1.378103735947560438e+02 2.502166825209198464e+01 9.991551034528914954e+01
1.355734958029046879e+02 2.444362234385890886e+01 1.027817848153187441e+02
1.334915609120614874e+02 2.380493128737764152e+01 1.055484599680516311e+02
1.315449088131164785e+02 2.311416981368478574e+01 1.082145159217415511e+02
1.297272433287264164e+02 2.237519381916415995e+01 1.107836010187315310e+02
1.280300748960025885e+02 2.159444217360869089e+01 1.132593973918235548e+02
1.264353776078869629e+02 2.079479934254963780e+01 1.156417056888668640e+02
1.249243470561822704e+02 2.001214305136090132e+01 1.179202949659626682e+02
1.234854172181985206e+02 1.925658176553291412e+01 1.200995409736676578e+02
1.221138425516121799e+02 1.852824567022393865e+01 1.221844600072399345e+02
1.208049012968814679e+02 1.782837055692542805e+01 1.241791140576612662e+02
1.195556500755601377e+02 1.715599267126812322e+01 1.260874426492538447e+02
1.183634660893668524e+02 1.650992224368061656e+01 1.279132248199879740e+02
1.172258449550798645e+02 1.588901448917559556e+01 1.296600760723439123e+02
1.161403946467776080e+02 1.529217684050591863e+01 1.313314490039969087e+02
1.151048301485183458e+02 1.471836692029760307e+01 1.329306406890959806e+02
1.141169622470164029e+02 1.416658561111027659e+01 1.344608103242873369e+02
1.131746962782539470e+02 1.363587691190319084e+01 1.359249806898950510e+02
1.122760320622347336e+02 1.312532790828028162e+01 1.373260382440601290e+02
1.114181016302284917e+02 1.263419938558310562e+01 1.386676499592484788e+02
1.105873464413566865e+02 1.216341367765781811e+01 1.399634932496184945e+02
1.097798017438019258e+02 1.171273439503533353e+01 1.412179845891646721e+02
1.089946874451220395e+02 1.128151414258768170e+01 1.424324885485349625e+02
1.082312796959474213e+02 1.086912307276358369e+01 1.436082953318629336e+02
1.074888790203547160e+02 1.047495254571505541e+01 1.447466517005676678e+02
1.067668075292011309e+02 1.009841270457938656e+01 1.458487659402465511e+02
1.060644087492859171e+02 9.738932326830060049e+00 1.469158081651743544e+02
1.053810474769242376e+02 9.395958696868714100e+00 1.479489105792914359e+02
1.047161097735109649e+02 9.068957602167035503e+00 1.489491674841047484e+02
1.040690020676316152e+02 8.757412551997930450e+00 1.499176368790741947e+02
1.034391490715372157e+02 8.460822964531621082e+00 1.508553441752375761e+02
1.028259936765316667e+02 8.178704075810317775e+00 1.517632823816714165e+02
1.022289970119430365e+02 7.910586991060552187e+00 1.526424120003796645e+02
1.016476381168138516e+02 7.656018399024277166e+00 1.534936616114722199e+02
1.010808251413774173e+02 7.414109819994785688e+00 1.543189392997932146e+02
1.005236945629518885e+02 7.180986973382311511e+00 1.551266877907021922e+02
9.997416994467198492e+01 6.954791396770049872e+00 1.559206277778694698e+02
9.943144326383810494e+01 6.734713643830335883e+00 1.567022543852363867e+02
9.889523900872859485e+01 6.520472035283341405e+00 1.574720803812346333e+02
9.836465564153380114e+01 6.311279762700017670e+00 1.582317196184710042e+02
9.783504713729534785e+01 6.103059854074401436e+00 1.589895017022333263e+02
9.730517821298654724e+01 5.894728248027503170e+00 1.597476413633464745e+02
9.677510535176334372e+01 5.686334546858510031e+00 1.605060373006944303e+02
9.624482050759728224e+01 5.477871731274526645e+00 1.612647039009000309e+02
9.571432361166617397e+01 5.269339780736612688e+00 1.620236412498011873e+02
9.518361459512270528e+01 5.060738674697986106e+00 1.627828494332678986e+02
9.465269338909581620e+01 4.852068392604080849e+00 1.635423285372003477e+02
9.412155992468912302e+01 4.643328913892300847e+00 1.643020786475307773e+02
9.359021413298103198e+01 4.434520217992007574e+00 1.650620998502235466e+02
9.305865594502488136e+01 4.225642284324519160e+00 1.658223922312747902e+02
9.252688529184878519e+01 4.016695092303108616e+00 1.665829558767126173e+02
9.199490210445571847e+01 3.807678621333008717e+00 1.673437908725971965e+02
9.146270631382343197e+01 3.598592850811409782e+00 1.681048973050206428e+02
9.093029785090456585e+01 3.389437760127459232e+00 1.688662752601069315e+02
9.039767664662659286e+01 3.180213328662260253e+00 1.696279248240120978e+02
8.986484263189177568e+01 2.970919535788872690e+00 1.703898460829240378e+02
8.933179573757729486e+01 2.761556360872316596e+00 1.711520391230627069e+02
8.879853589453507823e+01 2.552123783269567792e+00 1.719145040306800070e+02
8.826506303359188621e+01 2.342621782329557867e+00 1.726772408920597002e+02
8.773137708554936864e+01 2.133050337393176843e+00 1.734402497935176939e+02
8.719747798118397952e+01 1.923409427793272730e+00 1.742035308214016709e+02
8.666336565124701963e+01 1.713699032854649529e+00 1.749670840620912600e+02
8.612904002646460810e+01 1.503919131894068117e+00 1.757309096019982633e+02
8.559450103753768246e+01 1.294069704220247585e+00 1.764950075275662869e+02
8.505974861514208385e+01 1.084150729133864788e+00 1.772593779252708259e+02
8.452478268992840071e+01 8.741621859275513495e-01 1.780240208816195491e+02
8.398960319252165618e+01 6.641040538859049880e-01 1.787889364831515593e+02
8.345421005352277177e+01 4.539763122854112432e-01 1.795541248164391561e+02
8.291860320350635050e+01 2.437789403945281319e-01 1.803195859680857041e+02
8.238278257302206953e+01 3.351191747364343221e-02 1.810853200247268830e+02
8.184674809259436756e+01 -1.768247772249399163e-01 1.818513270730305464e+02
8.131049969272231692e+01 -3.872311644570031186e-01 1.826176071996966073e+02
