2.540000000000000000e+02 7.000000000000000000e+00 0.000000000000000000e+00
2.527356124301700504e+02 7.485552084211310131e+00 8.463537147994775189e-01
2.514389377705471418e+02 7.973887554644817577e+00 1.720663536703483487e+00
2.501052212041548160e+02 8.463567713062237985e+00 2.629060323119382758e+00
2.487319890917011946e+02 8.954150582445281614e+00 3.574319408776498452e+00
2.473146101009147912e+02 9.443843574155069476e+00 4.562589072394779066e+00
2.458503047531277730e+02 9.931347265130797908e+00 5.597792977656913749e+00
2.443379399771601186e+02 1.041659498549488561e+01 6.681071042565679186e+00
2.427763832421976247e+02 1.089954013749355610e+01 7.813542851487924601e+00
2.411644748574082371e+02 1.138013498519361022e+01 8.996354859513173707e+00
2.395010277873915072e+02 1.185833064675449222e+01 1.023068057502975670e+01
2.377848270550070140e+02 1.233407706942197990e+01 1.151772115050971834e+01
2.360146299389181479e+02 1.280732303779983994e+01 1.285870518707691268e+01
2.341891642755236660e+02 1.327801610274441479e+01 1.425489041441210958e+01
2.323071273334719535e+02 1.374610253423555761e+01 1.570756480419888490e+01
2.303671858136612798e+02 1.421152732137662866e+01 1.721804657012361517e+01
2.283674502739072238e+02 1.467511053051499381e+01 1.878718599274345635e+01
2.263025650201543613e+02 1.514323810780183166e+01 2.041279089982820949e+01
2.241700073781362903e+02 1.561726171081660119e+01 2.209570739839389830e+01
2.219678915108099204e+02 1.609737317322041150e+01 2.383749637272920197e+01
2.196940983373224014e+02 1.658387817141883502e+01 2.563982234828437257e+01
2.173488899965000769e+02 1.707554194363439848e+01 2.750368241002094649e+01
2.149343475835713946e+02 1.757001335156220279e+01 2.942950197865624062e+01
2.124498953155118386e+02 1.806667656343555350e+01 3.141843321453377058e+01
2.098938232341297123e+02 1.856562386401200015e+01 3.347197164733703545e+01
2.072644038144215131e+02 1.906693441860939231e+01 3.559164228471566105e+01
2.045598679281996795e+02 1.957068920843743953e+01 3.777900696485617971e+01
2.017784034377170315e+02 2.007697109240898570e+01 4.003566560099999805e+01
1.989181544564409023e+02 2.058586483962772107e+01 4.236325683560523458e+01
1.959770940326394282e+02 2.109750613343137715e+01 4.476352858687573644e+01
1.929922768661314194e+02 2.159841164413946757e+01 4.721507809842726999e+01
1.900036537719739158e+02 2.207327690533388420e+01 4.969568305972771327e+01
1.870301526691367542e+02 2.250779888067300405e+01 5.220223754387926363e+01
1.840750038482993034e+02 2.290014664938690458e+01 5.473357606636604089e+01
1.811386684879551296e+02 2.325069782715546651e+01 5.728886611130886308e+01
1.782216798337775856e+02 2.355977212576599555e+01 5.986726737944339050e+01
1.753245611982882792e+02 2.382769614002161873e+01 6.246794226035662234e+01
1.724478259271408547e+02 2.405480319133248202e+01 6.509005602314110206e+01
1.695919773827487234e+02 2.424143320705935167e+01 6.773277695412035371e+01
1.667601943738177681e+02 2.438189552142497263e+01 7.040003923688259135e+01
1.639594598997161086e+02 2.445911086590248118e+01 7.310510588514448216e+01
1.611900946186246699e+02 2.446963543349709980e+01 7.585058246838472940e+01
1.584523184307277006e+02 2.441238443637477928e+01 7.863686013934319874e+01
1.557466504528417488e+02 2.428781971578096588e+01 8.146275647570557510e+01
1.530737959092507481e+02 2.409699045997624012e+01 8.432648591804007765e+01
1.504344234388463519e+02 2.384094632532404745e+01 8.722628795976858385e+01
1.478291774899178392e+02 2.352074913769035902e+01 9.016041289517720259e+01
1.452586784067696613e+02 2.313747267739437063e+01 9.312712196161147915e+01
1.427235225419070730e+02 2.269220178138682087e+01 9.612468817687063449e+01
1.402247055962948821e+02 2.218599953172692452e+01 9.915101444127647312e+01
1.378341617469573634e+02 2.161514970853777484e+01 1.021392320017116475e+02
1.356201170852308735e+02 2.097852279126058406e+01 1.050232155137212686e+02
1.335579688825822018e+02 2.028647103915406547e+01 1.078011486489567261e+02
1.316337714016835889e+02 1.954545719766204925e+01 1.104746465517099807e+02
1.298407691959159820e+02 1.875934774038492847e+01 1.130476348559772219e+02
1.281695391762439158e+02 1.793524067415706824e+01 1.155241061695201665e+02
1.265981544642288412e+02 1.710989428447657090e+01 1.178957614012924751e+02
1.251086916095341337e+02 1.630818091050027974e+01 1.201608095762477859e+02
1.236912341383066689e+02 1.553549700018285584e+01 1.223255802790516640e+02
1.223412955064199963e+02 1.479220856016464758e+01 1.243945750819242448e+02
1.210542114729004055e+02 1.407916794408024153e+01 1.263720642410067825e+02
1.198270533323691041e+02 1.339517511388707938e+01 1.282621417296070092e+02
1.186571494836454548e+02 1.273891808242291823e+01 1.300687191183777145e+02
1.175419304210191598e+02 1.210916393232887067e+01 1.317955349268081022e+02
1.164789442891920856e+02 1.150473510225275042e+01 1.334461573880484480e+02
1.154658499237479248e+02 1.092450715942510087e+01 1.350239936694609924e+02
1.145004073517754790e+02 1.036740424041621722e+01 1.365323036949722280e+02
1.135804777831474439e+02 9.832399046949195309e+00 1.379742001577659494e+02
1.127027855269523116e+02 9.318676872959187563e+00 1.393538205166878754e+02
1.118538300731987505e+02 8.826945700260147021e+00 1.406848409192854490e+02
1.110291651109926363e+02 8.356919439796319793e+00 1.419721944898400068e+02
1.102276603086200311e+02 7.907918987591278537e+00 1.432176368031673519e+02
1.094486211256205053e+02 7.479240008688149643e+00 1.444224839483946710e+02
1.086913356066660299e+02 7.070204959786694943e+00 1.455880482825962758e+02
1.079550707813718731e+02 6.680164532793749110e+00 1.467156410112426386e+02
1.072391307975716046e+02 6.308488878250397391e+00 1.478065180371520455e+02
1.065428426858247803e+02 5.954568857815585758e+00 1.488618939648036132e+02
1.058655562979062807e+02 5.617815988592393062e+00 1.498829422113517751e+02
1.052066434016329737e+02 5.297661623858453517e+00 1.508707966402654677e+02
1.045654957875912032e+02 4.993555239468909335e+00 1.518265549782730943e+02
1.039415251858736156e+02 4.704964358494742704e+00 1.527512789656352936e+02
1.033341632817890883e+02 4.431374565443140234e+00 1.536459943277888556e+02
1.027428605984386394e+02 4.172288494878201526e+00 1.545116927920571470e+02
1.021659555817654450e+02 3.926149144013988401e+00 1.553514082647866417e+02
1.015967743135025358e+02 3.686556726362502090e+00 1.561774188669069190e+02
1.010340297475339213e+02 3.452125810616494928e+00 1.569921815261708389e+02
1.004776169289982306e+02 3.222765535227009703e+00 1.577958824064831731e+02
9.992619067000850919e+01 2.997424258056064161e+00 1.585908415683000214e+02
9.937511215287007360e+01 2.772462318018880101e+00 1.593850921743189701e+02
9.882380649601833511e+01 2.547428440285517848e+00 1.601796303630626142e+02
9.827227361351094714e+01 2.322322598171801644e+00 1.609744562427941901e+02
9.772051341937215341e+01 2.097144764983020160e+00 1.617695699218190839e+02
9.716852582759278789e+01 1.871894914013913835e+00 1.625649715084850016e+02
9.661631075213027486e+01 1.646573018548679546e+00 1.633606611111819689e+02
9.606386810690860045e+01 1.421179051860968157e+00 1.641566388383421611e+02
9.551119780581791474e+01 1.195712987213751965e+00 1.649529047984409829e+02
9.495829976271016903e+01 9.701747978579625675e-01 1.657494591000013031e+02
9.440517389140906346e+01 7.445644570355881564e-01 1.665463018515825127e+02
9.385182010570656530e+01 5.188819379786085983e-01 1.673434331617838211e+02
9.329823831936093370e+01 2.931272139083662687e-01 1.681408531392470707e+02
9.274442844609677650e+01 6.730025803556528852e-02 1.689385618926569066e+02
9.219039039960487969e+01 -1.585989564397267404e-01 1.697365595307404647e+02
9.163612409354243482e+01 -3.845704563280801236e-01 1.705348461622675700e+02
9.108162944153288265e+01 -6.106142684507024354e-01 1.713334218960505666e+02
9.052690635716589895e+01 -8.367304196394385052e-01 1.721322868409446585e+02
8.997195475399756504e+01 -1.062918936736772180e+00 1.729314411058475400e+02
8.941677454555014037e+01 -1.289179846595822188e+00 1.737308847996996235e+02
8.886136564531221893e+01 -1.515513176080347302e+00 1.745306180314838684e+02
8.830572796673871494e+01 -1.741918952064740678e+00 1.753306409102259806e+02
8.774986142325079186e+01 -1.968397201434036736e+00 1.761309535449942416e+02
8.719376592823587657e+01 -2.194947951083904503e+00 1.769315560448995370e+02
8.663744139504777309e+01 -2.421571227920651381e+00 1.777324485190954704e+02
8.608088773700650620e+01 -2.648267058861222711e+00 1.785336310767783345e+02
8.552410486739842099e+01 -2.875035470833199991e+00 1.793351038271869129e+02
8.496709269947612597e+01 -3.101876490774803319e+00 1.801368668796026498e+02
8.440985114645854992e+01 -3.328790145634891839e+00 1.809389203433498210e+02
8.385238012153091347e+01 -3.555776462372956193e+00 1.817412643277950508e+02
8.329467953784467227e+01 -3.782835467959131837e+00 1.825438989423479086e+02
8.273674930851763065e+01 -4.009967189374186169e+00 1.833468242964603689e+02
8.217858934663389903e+01 -4.237171653609529187e+00 1.841500404996270674e+02
8.162019956524379438e+01 -4.464448887667203714e+00 1.849535476613854996e+02
8.106157987736398240e+01 -4.691798918559891618e+00 1.857573458913155378e+02
8.050273019597744906e+01 -4.919221773310912482e+00 1.865614352990398572e+02
7.994365043403335847e+01 -5.146717478954222713e+00 1.873658159942236807e+02
