2.540000000000000000e+02 7.000000000000000000e+00 0.000000000000000000e+00
2.528265857003413544e+02 7.498550633913287022e+00 7.669385452140269344e-01
2.516270149364637803e+02 8.007715238867897156e+00 1.548493593597035423e+00
2.504007684630541064e+02 8.527704317029394687e+00 2.344954803876782012e+00
2.491472070139359118e+02 9.058743570276995172e+00 3.156719518041992689e+00
2.478626048631754202e+02 9.601146998658233400e+00 3.987281303595323845e+00
2.465432525954066989e+02 1.015205779974552946e+01 4.843411220315631205e+00
2.451847208653399832e+02 1.070753244582658326e+01 5.733406706942060893e+00
2.437822160735925650e+02 1.126424680597151529e+01 6.665192723462831204e+00
2.423345608095610828e+02 1.182213786835842129e+01 7.639976731666392240e+00
2.408388824066239238e+02 1.237990947167663869e+01 8.661861641971411174e+00
2.392920984761264833e+02 1.293628452085055791e+01 9.735144227204783007e+00
2.376926975197336560e+02 1.349108463430572868e+01 1.086147658807908911e+01
2.360393679896488379e+02 1.404427341506286098e+01 1.204217079570467597e+01
2.343307643257352026e+02 1.459581262201829865e+01 1.327857386877969503e+01
2.325655075079690732e+02 1.514566304549734710e+01 1.457206633848535127e+01
2.307421843361366882e+02 1.569378448640932255e+01 1.592406296990469450e+01
2.288593211222131458e+02 1.624017791520673626e+01 1.733598998638078115e+01
2.269127087362958264e+02 1.678925273614247260e+01 1.880687747696212142e+01
2.248981865226784578e+02 1.734500583917250083e+01 2.033618219476169031e+01
2.228136789129355009e+02 1.790780356390746775e+01 2.192549745708967635e+01
2.206571573010705265e+02 1.847784614044200069e+01 2.357656128769249193e+01
2.184271490674646827e+02 1.905496600045566069e+01 2.529095295122101916e+01
2.161262206067340230e+02 1.963643617676556374e+01 2.706900724444215456e+01
2.137540282258237312e+02 2.022143816619919932e+01 2.891188794727696632e+01
2.113091230438370474e+02 2.080984461579017974e+01 3.082110833839391617e+01
2.087896730503576066e+02 2.140175325899915038e+01 3.279831761523811906e+01
2.061936582453921005e+02 2.199735552616915157e+01 3.484524880971667926e+01
2.035191566068374982e+02 2.259674767725580224e+01 3.696363865021286443e+01
2.007641639383886343e+02 2.320005086808203032e+01 3.915527688885691759e+01
1.979266239931629343e+02 2.380738931358897403e+01 4.142199986134864531e+01
1.950063501180237324e+02 2.441827850602944849e+01 4.376445267440784193e+01
1.920524509605488390e+02 2.501538679834557399e+01 4.615274847741800102e+01
1.890939043127173420e+02 2.558498299930358755e+01 4.857296977623975920e+01
1.861490750798413387e+02 2.611278798787137134e+01 5.102222259202447674e+01
1.832203860080330173e+02 2.659756648930537892e+01 5.349943942422947885e+01
1.803083583328375710e+02 2.703962112990521049e+01 5.600378946752115894e+01
1.774135583782828292e+02 2.743921936831652175e+01 5.853443537765733140e+01
1.745365432267721246e+02 2.779663658268713888e+01 6.109054090585012631e+01
1.716778606580326425e+02 2.811215592202468727e+01 6.367127111162385944e+01
1.688380480278108280e+02 2.838607082292230643e+01 6.627579041023732032e+01
1.660196621514763251e+02 2.861382044237192090e+01 6.890713558587914633e+01
1.632310243423956138e+02 2.877741149057851899e+01 7.157889163726279946e+01
1.604736018344419222e+02 2.887604853673579086e+01 7.429073576927669365e+01
1.577473867380776937e+02 2.890768493667432537e+01 7.704406567388299720e+01
1.550523174309900583e+02 2.886985556200649228e+01 7.984066409296558220e+01
1.523889930014356651e+02 2.876293025827892080e+01 8.267936970869222080e+01
1.497581289517104892e+02 2.858790673235411361e+01 8.555839589253625377e+01
1.471604168148999179e+02 2.834579501884921982e+01 8.847596613012737521e+01
1.445965242743516512e+02 2.803762008126417271e+01 9.143031187986423447e+01
1.420670952266524125e+02 2.766442114459304236e+01 9.441967322441406907e+01
1.395741343619235124e+02 2.722712127282482086e+01 9.744103947146579969e+01
1.371990283834777529e+02 2.671992545669522201e+01 1.004183797878059750e+02
1.349970278986959613e+02 2.614258534121888289e+01 1.032932228337576674e+02
1.329412830926161462e+02 2.550669322605913791e+01 1.060630309445143240e+02
1.310230104142301570e+02 2.481720027973226905e+01 1.087309528706515067e+02
1.292354804604227070e+02 2.407820907909117381e+01 1.113006975031305359e+02
1.275674387377913490e+02 2.329913502435282524e+01 1.137763568736935582e+02
1.260001340673697570e+02 2.251116935387123874e+01 1.161513452018747898e+02
1.245158541264781888e+02 2.174429702329000946e+01 1.184188952260225562e+02
1.231026819751088937e+02 2.100546629205604177e+01 1.205863077501988272e+02
1.217548059091356265e+02 2.029673309648828905e+01 1.226581957586534060e+02
1.204691267967880606e+02 1.961702635075358359e+01 1.246387984550421208e+02
1.192428728835049014e+02 1.896505183332307709e+01 1.265321850848056187e+02
1.180733897186040480e+02 1.833957984312765532e+01 1.283422446230333946e+02
1.169581461677505700e+02 1.773943777904752750e+01 1.300726853977923554e+02
1.158947196712082501e+02 1.716350331415517871e+01 1.317270566852647278e+02
1.148807937434978896e+02 1.661070323800157311e+01 1.333087523724913126e+02
1.139141581481603538e+02 1.608001353753308393e+01 1.348210107013601657e+02
1.129927046495891148e+02 1.557045546779587042e+01 1.362669221485883213e+02
1.121130545178532429e+02 1.508129378584691338e+01 1.376507360610323474e+02
1.112597591523816192e+02 1.461376202733133134e+01 1.389880009068949676e+02
1.104301174151073042e+02 1.416742014126301541e+01 1.402819866082505484e+02
1.096233217477277293e+02 1.374157674096026938e+01 1.415341417458777471e+02
1.088386234460806179e+02 1.333556021128761415e+01 1.427458350692552358e+02
1.080752993071471906e+02 1.294872181093018426e+01 1.439183887092656846e+02
1.073326487014493154e+02 1.258043304641556048e+01 1.450530835301412083e+02
1.066099934465295007e+02 1.223008555862888969e+01 1.461511593607543205e+02
1.059066783028619483e+02 1.189709247963534189e+01 1.472138135293743630e+02
1.052220697070399922e+02 1.158088537232553250e+01 1.482422043575748489e+02
1.045555507557893691e+02 1.128090261552808293e+01 1.492374646919492704e+02
1.039064859323190433e+02 1.099648167013929445e+01 1.502008130318940857e+02
1.032740210496799023e+02 1.072623115615139966e+01 1.511341941955549544e+02
1.026575666758837286e+02 1.046951871694685110e+01 1.520387494462608231e+02
1.020534768572647550e+02 1.022348080720115604e+01 1.529208890684319044e+02
1.014576069306881578e+02 9.984877289846881609e+00 1.537878903568554563e+02
1.008697587185550901e+02 9.753536179786440385e+00 1.546401121855002430e+02
1.002897542442864278e+02 9.529301573569950889e+00 1.554778777731857815e+02
9.971741387914283905e+01 9.312016800253111626e+00 1.563015128114718664e+02
9.915240989913469605e+01 9.101414285461773446e+00 1.571115973403898920e+02
9.859403182630843787e+01 8.896939622432144645e+00 1.579093689202782400e+02
9.804202365355682502e+01 8.698382011729092866e+00 1.586952820276703733e+02
9.749626307561561589e+01 8.505631739396839919e+00 1.594695607640008461e+02
9.695662347293597350e+01 8.318576185828279179e+00 1.602324363880333351e+02
9.642295546370321802e+01 8.137082213850021617e+00 1.609841819584018765e+02
9.589166317070345258e+01 7.957913395358273689e+00 1.617313968163832385e+02
9.536020557960090116e+01 7.778782228823199141e+00 1.624787447679229615e+02
9.482852311287712155e+01 7.599635186876500192e+00 1.632263350662929611e+02
9.429657396536059366e+01 7.420434738169816136e+00 1.639742443477991571e+02
9.376433410422686165e+01 7.241159347374720667e+00 1.647225166317815024e+02
9.323179726899854813e+01 7.061803475182735212e+00 1.654711633206138970e+02
9.269897497154526889e+01 6.882377578305312937e+00 1.662201631997040181e+02
9.216588202787509942e+01 6.702895089673490681e+00 1.669694889885594762e+02
9.163250998761087374e+01 6.523348504845816187e+00 1.677191561037079168e+02
9.109885840223925868e+01 6.343737518864223546e+00 1.684691652782906885e+02
9.056492712087047892e+01 6.164062094635143652e+00 1.692195166992368911e+02
9.003071599253696888e+01 5.984322195046647863e+00 1.699702105535710075e+02
8.949622486619350070e+01 5.804517782968438233e+00 1.707212470284131882e+02
8.896145359071714154e+01 5.624648821251849284e+00 1.714726263109790239e+02
8.842640201490705465e+01 5.444715272729789390e+00 1.722243485885797725e+02
8.789106998748434307e+01 5.264717100216769197e+00 1.729764140486229849e+02
8.735545735709315807e+01 5.084654266509067710e+00 1.737288228786105435e+02
8.681956397229973277e+01 4.904526734384535125e+00 1.744815752661403394e+02
8.628338968159204114e+01 4.724334466602554627e+00 1.752346713989063574e+02
8.574693433337998272e+01 4.544077425904046841e+00 1.759881114646985054e+02
8.521019777599541101e+01 4.363755575011460941e+00 1.767418956514028991e+02
8.467317985769196298e+01 4.183368876628782651e+00 1.774960241470015490e+02
8.413588042664522959e+01 4.002917293441534241e+00 1.782504971395726727e+02
8.359829933095262788e+01 3.822400788116762982e+00 1.790053148172903832e+02
8.306043641863352889e+01 3.641819323303061129e+00 1.797604773684249153e+02
8.252229153762914393e+01 3.461172861630547271e+00 1.805159849813425694e+02
8.198386453580273781e+01 3.280461365710805488e+00 1.812718378445053986e+02
8.144515526093843505e+01 3.099684798137025687e+00 1.820280361464729424e+02
8.090616356074305315e+01 2.918843121483813974e+00 1.827845800758996688e+02
