2.540000000000000000e+02 7.000000000000000000e+00 0.000000000000000000e+00
2.528022810678969279e+02 7.492337261451151420e+00 7.806596500053647469e-01
2.515778743204173793e+02 7.995230297073712578e+00 1.576086239011853074e+00
2.503262505595361631e+02 8.508888244255766509e+00 2.386572046482885678e+00
2.490446782182113452e+02 9.032576229542261359e+00 3.215619666007597299e+00
2.477268500237548778e+02 9.561701422280245666e+00 4.074219315337753500e+00
2.463684576227328762e+02 1.009239279342560280e+01 4.970337256993768271e+00
2.449662687747561733e+02 1.062404131307365063e+01 5.907645750691464137e+00
2.435179943572981927e+02 1.115576964993929643e+01 6.889219976773434340e+00
2.420200144879089237e+02 1.168581865387093899e+01 7.920307146258092068e+00
2.404710104567469671e+02 1.221409073897894437e+01 9.002267453937385255e+00
2.388697186776828971e+02 1.274054335823155348e+01 1.013635215897085295e+01
2.372148493325094023e+02 1.326513584757165987e+01 1.132383567528469115e+01
2.355050801392439439e+02 1.378782650032931656e+01 1.256602451165116463e+01
2.337390562316442697e+02 1.430857256335419869e+01 1.386425739080065256e+01
2.319153898967178122e+02 1.482733022858950100e+01 1.521990550892388327e+01
2.300326592944410606e+02 1.534405459197475352e+01 1.663437380136349830e+01
2.280894075163109278e+02 1.585869962322535542e+01 1.810910187334776111e+01
2.260837611677340817e+02 1.637183720745934323e+01 1.964522102194044706e+01
2.240100366843804238e+02 1.689004773397860149e+01 2.124063708382708171e+01
2.218650545693787990e+02 1.741547138938240735e+01 2.289593811136734303e+01
2.196469637631332148e+02 1.794817627318581543e+01 2.461280215589012599e+01
2.173593640341776165e+02 1.848505924769793651e+01 2.639109510781629453e+01
2.150017585295744595e+02 1.902549488642551978e+01 2.823194124315124398e+01
2.125723377209490366e+02 1.956961149301736569e+01 3.013691064738235070e+01
2.100692672071338905e+02 2.011752823608323126e+01 3.210760642264398967e+01
2.074906680380770183e+02 2.066936708875747186e+01 3.414567070731848020e+01
2.048346116238880654e+02 2.122525315059397855e+01 3.625278913531960967e+01
2.020991188996242158e+02 2.178531470037674467e+01 3.843069156767517569e+01
1.992821603252903344e+02 2.234968319611987653e+01 4.068115209252705711e+01
1.963816109051518595e+02 2.291850463042642971e+01 4.300602043484737891e+01
1.934142806807837474e+02 2.348613816990839354e+01 4.539498012051377884e+01
1.904339570111484363e+02 2.403317341727569101e+01 4.781657485057758095e+01
1.874588644901788541e+02 2.454628477167309342e+01 5.026731199862361166e+01
1.845010740866948424e+02 2.501648266075263649e+01 5.274506246350980376e+01
1.815609912379774471e+02 2.544418156933869213e+01 5.524899749937316784e+01
1.786392128016635468e+02 2.582963935834410663e+01 5.777826983347473799e+01
1.757362837559305717e+02 2.617315572857580008e+01 6.033203836746695004e+01
1.728527393153330820e+02 2.647503769342309710e+01 6.290946408013898861e+01
1.699891049117342163e+02 2.673559949325526475e+01 6.550971013379796659e+01
1.671459222508278231e+02 2.695509861021752229e+01 6.813199352440641121e+01
1.643300627924496951e+02 2.711894660049782146e+01 7.078726276773519999e+01
1.615465521962653099e+02 2.721750410030064415e+01 7.348231958862261592e+01
1.587956295582461621e+02 2.724952776598057369e+01 7.621771050872256126e+01
1.560769975819735009e+02 2.721116856110429794e+01 7.899659221728714442e+01
1.533913691300843709e+02 2.710340935694582143e+01 8.181719139809629837e+01
1.507394377533408374e+02 2.692729477362788515e+01 8.467769991557081255e+01
1.481218760168521555e+02 2.668389954765552474e+01 8.757630220328336179e+01
1.455393315594856745e+02 2.637431190736601749e+01 9.051119287565619231e+01
1.429924271718720661e+02 2.599963295956849407e+01 9.348057730776854157e+01
1.404817609009432147e+02 2.556097593441753446e+01 9.648267234076566012e+01
1.380236153752873918e+02 2.505823947234085125e+01 9.950137922609542329e+01
1.357233003699626295e+02 2.448557724111792666e+01 1.024382483686343477e+02
1.335843277643320448e+02 2.385082921971466163e+01 1.052689329476159514e+02
1.315883054216222945e+02 2.316224872427730119e+01 1.079942128462872404e+02
1.297282159172748948e+02 2.242397383389996435e+01 1.106180298165774332e+02
1.279967781505987716e+02 2.164056798465939480e+01 1.131442318280474097e+02
1.263799811497133305e+02 2.082644731071663102e+01 1.155753043675410225e+02
1.248571398684922684e+02 2.002189943915889003e+01 1.178983726692881078e+02
1.234108681088989812e+02 1.924459006695212793e+01 1.201170100109431189e+02
1.220324605674464635e+02 1.849887785806385310e+01 1.222369857449803021e+02
1.207182080341994492e+02 1.778425896318421096e+01 1.242626803689656469e+02
1.194652216848981539e+02 1.709934216406846019e+01 1.261983325164675023e+02
1.182707381823420576e+02 1.644279664991898926e+01 1.280479967192227662e+02
1.171321165500448700e+02 1.581335051245700818e+01 1.298155479937587415e+02
1.160468373912623150e+02 1.520979036998402201e+01 1.315046829871490388e+02
1.150124985234204757e+02 1.463095926592640872e+01 1.331189263816899029e+02
1.140268015477179944e+02 1.407575020384503084e+01 1.346616505984698904e+02
1.130878926841953529e+02 1.354305604132981777e+01 1.361357570002246007e+02
1.121909778535220710e+02 1.303224768567531910e+01 1.375468584577446336e+02
1.113228293190247342e+02 1.254407004635542577e+01 1.389083417899061601e+02
1.104788893048472573e+02 1.207825843642289598e+01 1.402252586139541393e+02
1.096582533701861593e+02 1.163408644313399876e+01 1.414991794685821844e+02
1.088601497210214575e+02 1.121083852621400112e+01 1.427315251901098065e+02
1.080838322463999503e+02 1.080782295458746489e+01 1.439236693351255099e+02
1.073285805392683727e+02 1.042437182569168463e+01 1.450769381421325761e+02
1.065936970072760062e+02 1.005983838707820865e+01 1.461926158502500073e+02
1.058785066538672481e+02 9.713596833477184944e+00 1.472719451021972645e+02
1.051823568956534558e+02 9.385042137494497894e+00 1.483161272804912016e+02
1.045046176194368144e+02 9.073590102473158225e+00 1.493263224024764781e+02
1.038446798295039315e+02 8.778676108484445351e+00 1.503036516105052556e+02
1.032019537840641448e+02 8.499753384732226635e+00 1.512492006025560443e+02
1.025758689445662100e+02 8.236292962567835829e+00 1.521640197255356100e+02
1.019658740624390560e+02 7.987783755901513238e+00 1.530491238155998985e+02
1.013714358296033566e+02 7.753729951531674658e+00 1.539054955287187170e+02
1.007913220490257658e+02 7.532820995322516033e+00 1.547355079852696917e+02
1.002199948358072987e+02 7.320000062088568349e+00 1.555493074517832781e+02
9.965592638325531993e+01 7.114003927217305900e+00 1.563496082669033171e+02
9.909831788542527420e+01 6.914195184735946853e+00 1.571378035025557836e+02
9.854699466918687278e+01 6.720419942976014305e+00 1.579142091537798365e+02
9.800172616776552559e+01 6.532466044994871268e+00 1.586792494711034465e+02
9.745823224633804216e+01 6.346364832746089313e+00 1.594408256047360055e+02
9.691445485082282119e+01 6.160207681441744576e+00 1.602027370149549483e+02
9.637038584840661315e+01 5.973987165131907418e+00 1.609649986106931010e+02
9.582602506888579796e+01 5.787703242013041205e+00 1.617276106010104968e+02
9.528137234196590555e+01 5.601355870260961822e+00 1.624905731950770473e+02
9.473642749726114687e+01 5.414945008030729312e+00 1.632538866021732815e+02
9.419119036429447078e+01 5.228470613456644323e+00 1.640175510316901466e+02
9.364566077249750720e+01 5.041932644652248108e+00 1.647815666931292640e+02
9.309983855121058127e+01 4.855331059710327857e+00 1.655459337961026449e+02
9.255372352968277028e+01 4.668665816702910476e+00 1.663106525503328612e+02
9.200731553707176147e+01 4.481936873681267031e+00 1.670757231656531019e+02
9.146061440244403684e+01 4.295144188675908303e+00 1.678411458520069459e+02
9.091361995477474522e+01 4.108287719696590123e+00 1.686069208194486748e+02
9.036633202294731859e+01 3.921367424732251639e+00 1.693730482781433011e+02
8.981875043575256257e+01 3.734383261750648941e+00 1.701395284383682736e+02
8.927087502189199597e+01 3.547335188699346276e+00 1.709063615105091287e+02
8.872270560997576183e+01 3.360223163505118738e+00 1.716735477050618215e+02
8.817424202852198789e+01 3.173047144073808834e+00 1.724410872326338051e+02
8.762548410595684345e+01 2.985807088290323374e+00 1.732089803039439460e+02
8.707643167061434042e+01 2.798502954018637467e+00 1.739772271298225235e+02
8.652708455073658911e+01 2.611134699101790524e+00 1.747458279212113155e+02
8.597744257447352823e+01 2.423702281361888478e+00 1.755147828891633992e+02
8.542750556988320909e+01 2.236205658600103341e+00 1.762840922448434355e+02
8.487727336493152563e+01 2.048644788596672317e+00 1.770537561995273563e+02
8.432674578749239913e+01 1.861019629110901352e+00 1.778237749646026487e+02
8.377592266534770715e+01 1.673330137881158253e+00 1.785941487515680990e+02
8.322480382618729777e+01 1.485576272624880900e+00 1.793648777720340490e+02
8.267338909760897536e+01 1.297757991038570369e+00 1.801359622377221399e+02
8.212167830711852901e+01 1.109875250797794699e+00 1.809074023604656247e+02
8.156967128212981777e+01 9.219280095571736888e-01 1.816791983522088287e+02
8.101736784996374752e+01 7.339162249502935165e-01 1.824513504250087692e+02
8.046476783784930831e+01 5.458398545897140686e-01 1.832238587910336776e+02
7.991187107292272174e+01 3.576988560669308592e-01 1.839967236625641647e+02
