2.540000000000000000e+02 7.000000000000000000e+00 0.000000000000000000e+00
2.529005722973429329e+02 7.475957179342739067e+00 7.113709247389011781e-01
2.517758940366045977e+02 7.962038486502824419e+00 1.436562059185813922e+00
2.506254599419114584e+02 8.458446188864828130e+00 2.175849372569576001e+00
2.494487546493152479e+02 8.965386592074645833e+00 2.929514343767698925e+00
2.482447282608918044e+02 9.483106655872205693e+00 3.698327485423234862e+00
2.470089836995867358e+02 1.001098009307830239e+01 4.487299002089090827e+00
2.457382982217300196e+02 1.054566350707519717e+01 5.303069266554824246e+00
2.444273223888240523e+02 1.108276365946064423e+01 6.155065864359250405e+00
2.430733281453901782e+02 1.162098648838049009e+01 7.047151688826795102e+00
2.416750688790564254e+02 1.216017928061059727e+01 7.980666198407343259e+00
2.402292160572611692e+02 1.269867505798727514e+01 8.960456291200504353e+00
2.387334554711096644e+02 1.323566856359743937e+01 9.989540212520561013e+00
2.371865287158220497e+02 1.377111244187187467e+01 1.106916309448271285e+01
2.355871720375148186e+02 1.430497181925439953e+01 1.220056210875898728e+01
2.339340915956946390e+02 1.483721097320494486e+01 1.338500389847129668e+01
2.322259609582754933e+02 1.536779326155375536e+01 1.462378703188599616e+01
2.304614207396443533e+02 1.589668111229412162e+01 1.591824235693768586e+01
2.286390785425199681e+02 1.642383602194265535e+01 1.726973305817998039e+01
2.267575080283965292e+02 1.694921852932306194e+01 1.867965556731054022e+01
2.248152476304024106e+02 1.747278817926640215e+01 2.014944082395805225e+01
2.228103817558444462e+02 1.799519752130282058e+01 2.168016993056122388e+01
2.207367734828478945e+02 1.852375428753868647e+01 2.326943467371509655e+01
2.185957437121777787e+02 1.905808991473103120e+01 2.491636204407185318e+01
2.163883251209652769e+02 1.959688807507619401e+01 2.662143114122110887e+01
2.141127431265133225e+02 2.014031951828582834e+01 2.838613244389105006e+01
2.117672353380536947e+02 2.068852842022878846e+01 3.021197430169396725e+01
2.093499949253908881e+02 2.124166250088607200e+01 3.210050320378012145e+01
2.068591664733534685e+02 2.179987335613882138e+01 3.405330733529124387e+01
2.042928458401152056e+02 2.236331646910761606e+01 3.607201669890595497e+01
2.016490801489335638e+02 2.293215121081350105e+01 3.815830312192888840e+01
1.989258666328368577e+02 2.350654093261508848e+01 4.031388124745894430e+01
1.961211501504078569e+02 2.408665316502169063e+01 4.254051066560867866e+01
1.932595355038448304e+02 2.466534668599384972e+01 4.482189970807566937e+01
1.903848123504182013e+02 2.522495314645826170e+01 4.713429098687043250e+01
1.875123927763613665e+02 2.575369560627515853e+01 4.947518663832735086e+01
1.846555681928238641e+02 2.624129296141548195e+01 5.184257796754770453e+01
1.818153738084418194e+02 2.668760175470666596e+01 5.423561874131384997e+01
1.789923345513274455e+02 2.709289798885736289e+01 5.665351417349503294e+01
1.761869663341226726e+02 2.745746477154247245e+01 5.909547109502447881e+01
1.733997760255464300e+02 2.778159220964702669e+01 6.156069808921283482e+01
1.706312614162326611e+02 2.806557727189685281e+01 6.404840566477645325e+01
1.678819111731964142e+02 2.830972362091935324e+01 6.655780647106178094e+01
1.651537513565602353e+02 2.851071673116175020e+01 6.909093040393507579e+01
1.624551538805433211e+02 2.865067956767740043e+01 7.166099726050045149e+01
1.597881187880598475e+02 2.872698581617988367e+01 7.426922974494506491e+01
1.571525853951441434e+02 2.873716771987575314e+01 7.691742225191782723e+01
1.545486282864217173e+02 2.867889962207004473e+01 7.960715525731650644e+01
1.519768675160821942e+02 2.855296092976213629e+01 8.233692417415622344e+01
1.494379593847199317e+02 2.836048993226980031e+01 8.510489211948326727e+01
1.469325184130950106e+02 2.810253913907838452e+01 8.790933042910971551e+01
1.444611381604007363e+02 2.778018732551177905e+01 9.074850666840234226e+01
1.420243886158567079e+02 2.739452500080584230e+01 9.362069923537116267e+01
1.396230659341755995e+02 2.694663088375023463e+01 9.652397420881102619e+01
1.373398996383872657e+02 2.643162154779167849e+01 9.938131739980185841e+01
1.352182735275659411e+02 2.585253633378429328e+01 1.021385872735615408e+02
1.332372605468897007e+02 2.521886840469561974e+01 1.047950997887774776e+02
1.313889383605070691e+02 2.453510694165983352e+01 1.073542775595989269e+02
1.296668839305355903e+02 2.380508462794737312e+01 1.098197983310944608e+02
1.280603785146195435e+02 2.303765247049920717e+01 1.121954649544559004e+02
1.265536247073410436e+02 2.225183753897346506e+01 1.144815053312874085e+02
1.251270216912198805e+02 2.148421799633343099e+01 1.166670693768553946e+02
1.237673084787801372e+02 2.074760582617492588e+01 1.187558613209620546e+02
1.224703273825095806e+02 2.004204571559777648e+01 1.207522728648413590e+02
1.212332540141046877e+02 1.936615721946308710e+01 1.226604493333020969e+02
1.200534033163461629e+02 1.871861712449532789e+01 1.244843403560548865e+02
1.189282089359206793e+02 1.809816069645886927e+01 1.262277209677906882e+02
1.178552159426524781e+02 1.750357809339171311e+01 1.278942023169991558e+02
1.168320812564645905e+02 1.693371457594071217e+01 1.294872310379790292e+02
1.158565686640257582e+02 1.638746805238292126e+01 1.310100965805397948e+02
1.149265408649319085e+02 1.586378516028940844e+01 1.324659429087692217e+02
1.140396249360476730e+02 1.536170692503739055e+01 1.338580828026721008e+02
1.131834304655297672e+02 1.488184000038598320e+01 1.351990724172912337e+02
1.123501952736886409e+02 1.442438760893357674e+01 1.364969251922632338e+02
1.115395511876380823e+02 1.398856470334031776e+01 1.377526899435273151e+02
1.107507242921017792e+02 1.357366800465239365e+01 1.389677745019254189e+02
1.099829996574370483e+02 1.317901439090571003e+01 1.401435075384665367e+02
1.092356854330660951e+02 1.280394279060206308e+01 1.412811748337608151e+02
1.085081115274354033e+02 1.244781292149969509e+01 1.423820217311998704e+02
1.077996296063434727e+02 1.211000528901565154e+01 1.434472531400646176e+02
1.071096127535396647e+02 1.178992086195067657e+01 1.444780341662721810e+02
1.064374558178642900e+02 1.148698140415847035e+01 1.454754894672469163e+02
1.057825730563333764e+02 1.120062722267263489e+01 1.464407076320410113e+02
1.051443971240137643e+02 1.093031620260080139e+01 1.473747430585633538e+02
1.045223790740501784e+02 1.067552380715057758e+01 1.482786159535287425e+02
1.039159884721791940e+02 1.043574318703951853e+01 1.491533121196456761e+02
1.033247114591444955e+02 1.021048090547248854e+01 1.499997880919194415e+02
1.027479165924437012e+02 9.998787322102316466e+00 1.508194367974147099e+02
1.021850054914428512e+02 9.799641459292008250e+00 1.516136548737599128e+02
1.016319405126916422e+02 9.609645584748651714e+00 1.523896583633218142e+02
1.010850488557215812e+02 9.425738359681275824e+00 1.531539803087882774e+02
1.005440562480231250e+02 9.247681072275069525e+00 1.539071144259311836e+02
1.000088397694915017e+02 9.075358577291853024e+00 1.546492878765276657e+02
9.947927897734064118e+01 8.908658055280172405e+00 1.553807232395978133e+02
9.895525581099258261e+01 8.747468923290297127e+00 1.561016386873418185e+02
9.843665457378638450e+01 8.591682817704219488e+00 1.568122480189727526e+02
9.792336189288104720e+01 8.441193556592070379e+00 1.575127607348960623e+02
9.741526665325538659e+01 8.295897077757359739e+00 1.582033821587882585e+02
9.691158433238487646e+01 8.155047622750778658e+00 1.588855713156736158e+02
9.640813121864204049e+01 8.014659837073779158e+00 1.595671159974326940e+02
9.590440250680327949e+01 7.874252902976738966e+00 1.602489558243530325e+02
9.540038684358064813e+01 7.733816161947038026e+00 1.609311117905272113e+02
9.489608403007703430e+01 7.593349580852049030e+00 1.616135841267595765e+02
9.439149386727835633e+01 7.452853126544323636e+00 1.622963730639859534e+02
9.388661615605319355e+01 7.312326765861540068e+00 1.629794788332740438e+02
9.338145069715265834e+01 7.171770465626501334e+00 1.636629016658231706e+02
9.287599729121060932e+01 7.031184192647126352e+00 1.643466417929646752e+02
9.237025573874352347e+01 6.890567913716468595e+00 1.650306994461615773e+02
9.186422584015046766e+01 6.749921595612697445e+00 1.657150748570088297e+02
9.135790739571322661e+01 6.609245205099108844e+00 1.663997682572329495e+02
9.085130020559617492e+01 6.468538708924122638e+00 1.670847798786925580e+02
9.034440406984639083e+01 6.327802073821281681e+00 1.677701099533778688e+02
8.983721878839227770e+01 6.187035266509084863e+00 1.684557587134123651e+02
8.932974416104413251e+01 6.046238253690965792e+00 1.691417263910524298e+02
8.882197998749759904e+01 5.905411002055967806e+00 1.698280132186829121e+02
8.831392606733029993e+01 5.764553478278128473e+00 1.705146194288213906e+02
8.780558220000139613e+01 5.623665649016444057e+00 1.712015452541183720e+02
8.729694818485164376e+01 5.482747480914864191e+00 1.718887909273575474e+02
8.678802382110326619e+01 5.341798940602299872e+00 1.725763566814556214e+02
8.627880890786013879e+01 5.200819994692616355e+00 1.732642427494622837e+02
8.576930324410767525e+01 5.059810609784639368e+00 1.739524493645604366e+02
8.525950662871278496e+01 4.918770752462146234e+00 1.746409767600658256e+02
8.474941886042400085e+01 4.777700389293878303e+00 1.753298251694274370e+02
8.423903973787138000e+01 4.636599486833527628e+00 1.760189948262272708e+02
