2.540000000000000000e+02 7.000000000000000000e+00 0.000000000000000000e+00
2.528044880137478572e+02 7.492088539538723779e+00 7.798682663815161842e-01
2.515818231478621954e+02 7.994934524947164611e+00 1.574633695681300516e+00
2.503313460140397524e+02 8.508534223473684932e+00 2.384938226084568846e+00
2.490494339974655702e+02 9.029316556527186677e+00 3.218033989472508516e+00
2.477289624668559611e+02 9.552446349530212544e+00 4.085726921560589808e+00
2.463676458992356118e+02 1.007729820894107142e+01 4.990817377784152242e+00
2.449620566529760310e+02 1.060331842489475562e+01 5.937088328799009496e+00
2.435102125689949162e+02 1.112986367138653954e+01 6.927072109211739104e+00
2.420085873748744518e+02 1.165519078709358958e+01 7.965892422955782592e+00
2.404554350969928294e+02 1.217893606165996090e+01 9.055581996058895911e+00
2.388494763923035009e+02 1.270106201564637516e+01 1.019739481069749409e+01
2.371894058015705582e+02 1.322153356520255407e+01 1.139260717842474513e+01
2.354738863898694774e+02 1.374031476124148021e+01 1.264252620294163876e+01
2.337015474522087572e+02 1.425736872641639508e+01 1.394849202457802129e+01
2.318709843449522339e+02 1.477265765049030044e+01 1.531187798520383581e+01
2.299807583144235252e+02 1.528614278562774764e+01 1.673409079589588089e+01
2.280293952284116301e+02 1.579778441155091606e+01 1.821657177784899773e+01
2.260153844843659101e+02 1.630754180554926691e+01 1.976079793043022192e+01
2.239371549595842339e+02 1.681532077660114410e+01 2.136836460631869272e+01
2.217934540270721016e+02 1.732212399656180679e+01 2.303931500842482905e+01
2.195832722330392244e+02 1.783244027887013772e+01 2.476949918375314041e+01
2.173045083003650859e+02 1.834757266732579595e+01 2.655943371566237943e+01
2.149553872389321896e+02 1.886766260329482492e+01 2.841064056372430002e+01
2.125340707728612699e+02 1.939286420226393304e+01 3.032468750545287861e+01
2.100386739622395851e+02 1.992333539629846229e+01 3.230318222678087636e+01
2.074672606365033687e+02 2.045923830890204442e+01 3.434777622593757229e+01
2.048178431748974901e+02 2.100073927303814969e+01 3.646016500112744296e+01
2.020883824989686559e+02 2.154800883174593906e+01 3.864208805694823923e+01
1.992767868816997634e+02 2.210122183586360478e+01 4.089532992246640219e+01
1.963808354288541409e+02 2.266056351136264624e+01 4.322178731910061344e+01
1.934189738919290278e+02 2.322098545918142776e+01 4.560897908130490919e+01
1.904422139208251394e+02 2.376331206390514339e+01 4.802796438302240745e+01
1.874662709702805330e+02 2.427604269842498397e+01 5.047574273949309287e+01
1.845078009414144447e+02 2.474631245021719295e+01 5.294987237148034609e+01
1.815678903879247628e+02 2.517399337817131411e+01 5.544944438056217706e+01
1.786470864200331334e+02 2.555939509374042018e+01 5.797360726054095181e+01
1.757459260235142722e+02 2.590283450472346161e+01 6.052151193418184505e+01
1.728649360410990710e+02 2.620463571327137231e+01 6.309231187574429356e+01
1.700046331359569365e+02 2.646512982992850027e+01 6.568516333695582432e+01
1.671654408971379269e+02 2.668484681154388483e+01 6.829907691126371105e+01
1.643545399913160736e+02 2.684870079216135963e+01 7.094513753583386517e+01
1.615773995069707212e+02 2.694620278565578175e+01 7.363062545651250446e+01
1.588342769098377687e+02 2.697613179584947929e+01 7.635603887878436069e+01
1.561251524096405205e+02 2.693513579925420132e+01 7.912392193468056689e+01
1.534505544161674493e+02 2.682327529993686710e+01 8.193343512638010395e+01
1.508111901827251415e+02 2.664186844555177558e+01 8.478251260210271312e+01
1.482077115635971722e+02 2.639207788846760039e+01 8.766927012318078027e+01
1.456410415009345911e+02 2.607514047290896642e+01 9.059154776485452487e+01
1.431145529176149580e+02 2.569284641596221519e+01 9.354477487746326858e+01
1.406294683834071577e+02 2.524661861038595134e+01 9.652639562439588872e+01
1.381882562923422881e+02 2.473753412562768261e+01 9.953290089636358573e+01
1.358781215044704140e+02 2.416169951350715905e+01 1.024786024090524279e+02
1.337247445897690170e+02 2.352640876973861950e+01 1.053142616221539924e+02
1.317170706532663758e+02 2.283736978207971902e+01 1.080430841355646265e+02
1.298477312347221186e+02 2.209879553869305724e+01 1.106691896025959210e+02
1.281097876966148874e+02 2.131459640670961875e+01 1.131965488703293232e+02
1.264918015333597481e+02 2.049470244268385954e+01 1.156286652665677792e+02
1.249754100808192305e+02 1.967154335056162395e+01 1.179569046581269731e+02
1.235392598773262733e+02 1.887315278299475096e+01 1.201792598321040657e+02
1.221698392271860598e+02 1.810781091880562244e+01 1.223032728742369102e+02
1.208636397741750699e+02 1.737458171807188023e+01 1.243334498614620145e+02
1.196178360418469282e+02 1.667203738762835030e+01 1.262739789724195703e+02
1.184300993097085382e+02 1.599894413774261892e+01 1.281283780791379172e+02
1.172986150143221806e+02 1.535426744300809077e+01 1.298994730551582677e+02
1.162210954628283730e+02 1.473681722263282445e+01 1.315906945156675079e+02
1.151949999820761832e+02 1.414532979642878274e+01 1.332057852940091891e+02
1.142179684112479663e+02 1.357862195952057149e+01 1.347482330576929712e+02
1.132880663727469823e+02 1.303551834508944651e+01 1.362210711905162839e+02
1.123956850865185970e+02 1.251601215919872878e+01 1.376344069054094064e+02
1.115285599367215781e+02 1.202075205878975694e+01 1.390005801175410340e+02
1.106855412081190906e+02 1.154896685671922718e+01 1.403214527342886129e+02
1.098658089832436247e+02 1.109987088513068798e+01 1.415985523521439973e+02
1.090685811376758068e+02 1.067270504413159848e+01 1.428333443297655379e+02
1.082931008519680347e+02 1.026673479198502292e+01 1.440272466166263143e+02
1.075386360819404672e+02 9.881249631038011572e+00 1.451816307454223818e+02
1.068044794011239560e+02 9.515562954814868135e+00 1.462978221272574899e+02
1.060899479788476185e+02 9.169012026749900457e+00 1.473771000926977024e+02
1.053943823386808418e+02 8.840956775271944679e+00 1.484207002178458481e+02
1.047171441803744045e+02 8.530777680022897158e+00 1.494298184049657436e+02
1.040576162866250485e+02 8.237875681374132952e+00 1.504056110571600868e+02
1.034152022902549959e+02 7.961671954476433832e+00 1.513491955145628083e+02
1.027893268018547843e+02 7.701608033137657294e+00 1.522616498151973303e+02
1.021794335797344786e+02 7.457144033779666614e+00 1.531440161236004087e+02
1.015849843264345509e+02 7.227757487467936670e+00 1.539973029855736115e+02
1.010054589053112863e+02 7.012943650344265478e+00 1.548224848610767310e+02
1.004402862475594276e+02 6.812104352515929051e+00 1.556206578456155398e+02
9.988457848963922459e+01 6.620464667016562110e+00 1.564009920736927768e+02
9.933498015714728524e+01 6.434970042582881966e+00 1.571696503960270661e+02
9.879139636765785326e+01 6.255527694922520254e+00 1.579268110162601033e+02
9.825243998633260389e+01 6.080799226883068620e+00 1.586750738640654959e+02
9.771357519359290222e+01 5.906402382799242012e+00 1.594229454661158627e+02
9.717441004097412360e+01 5.731958576900959557e+00 1.601711608011619887e+02
9.663494358935479056e+01 5.557467054514696692e+00 1.609197214931489839e+02
9.609517563484081393e+01 5.382927771388705374e+00 1.616686277870878428e+02
9.555510597342144763e+01 5.208340683250554548e+00 1.624178799281256431e+02
9.501473440096924605e+01 5.033705745807126597e+00 1.631674781615454037e+02
9.447406071324000720e+01 4.859022914744604904e+00 1.639174227327660276e+02
9.393308470587288639e+01 4.684292145728484513e+00 1.646677138873421313e+02
9.339180617439028254e+01 4.509513394403568576e+00 1.654183518709643295e+02
9.285022491419789503e+01 4.334686616393964798e+00 1.661693369294591207e+02
9.230834072058469530e+01 4.159811767303088104e+00 1.669206693087888027e+02
9.176615338872301209e+01 3.984888802713662859e+00 1.676723492550514720e+02
9.122366271366779245e+01 3.809917678187627832e+00 1.684243770144813652e+02
9.068086849035681496e+01 3.634898349266043827e+00 1.691767528334506494e+02
9.013777051361223869e+01 3.459830771469583510e+00 1.699294769584646190e+02
8.959436857813916788e+01 3.284714900298128626e+00 1.706825496361653052e+02
8.905066247852504091e+01 3.109550691230672292e+00 1.714359711133317887e+02
8.850665200923967291e+01 2.934338099725330551e+00 1.721897416368800009e+02
8.796233696463524154e+01 2.759077081219331706e+00 1.729438614538629508e+02
8.741771713894623019e+01 2.583767591129020325e+00 1.736983308114704698e+02
8.687279232628961267e+01 2.408409584849861229e+00 1.744531499570295239e+02
8.632756232066456903e+01 2.233003017756431063e+00 1.752083191380039864e+02
8.578202691595279816e+01 2.057547845202427172e+00 1.759638386019946381e+02
8.523618590591821942e+01 1.882044022520660276e+00 1.767197085967393377e+02
8.469003908420717153e+01 1.706491505023058908e+00 1.774759293701128229e+02
8.414358624434852629e+01 1.530890248000644327e+00 1.782325011701264543e+02
8.359682717975233857e+01 1.355240206723462792e+00 1.789894242449305750e+02
8.304976168371157996e+01 1.179541336440665500e+00 1.797466988428111279e+02
8.250238954940080305e+01 1.003793592380384680e+00 1.805043252121923274e+02
8.195471056987607028e+01 8.279969297497062897e-01 1.812623036016362050e+02
8.140672453807499664e+01 6.521513037346700070e-01 1.820206342598427796e+02
8.085843124681686334e+01 4.762566695002701245e-01 1.827793174356500003e+02
8.030983048880240460e+01 3.003129821904546026e-01 1.835383533780336336e+02
