2.540000000000000000e+02 7.000000000000000000e+00 0.000000000000000000e+00
2.527961993245673966e+02 7.507986698125546532e+00 7.732308180383283824e-01
2.515647700578847150e+02 8.026887323316312717e+00 1.561531319101001847e+00
2.503051560018020893e+02 8.556921191069681853e+00 2.365204357947214397e+00
2.490157169935367278e+02 9.096503727295058184e+00 3.187521347139935290e+00
2.476895611101919599e+02 9.640697746783825295e+00 4.040236308649803654e+00
2.463225650053698530e+02 1.018676289851264727e+01 4.930047873240500422e+00
2.449113043687035827e+02 1.073415410818152793e+01 5.860714650478363374e+00
2.434534809124594403e+02 1.128236351980628349e+01 6.834914476026123786e+00
2.419455126904414328e+02 1.182956164165132407e+01 7.857903025843829603e+00
2.403853109359682207e+02 1.237514909928684759e+01 8.932274183546200064e+00
2.387715757831041401e+02 1.291908044938946709e+01 1.005930438467125043e+01
2.371029897733752421e+02 1.346131787521843926e+01 1.124027874137953020e+01
2.353782041252379713e+02 1.400182264176640068e+01 1.247651293782857174e+01
2.335958362598361759e+02 1.454055502325984328e+01 1.376935564502073994e+01
2.317544694297226329e+02 1.507747429228005842e+01 1.512018888316936582e+01
2.298526526363026790e+02 1.561253871734399468e+01 1.653042810227346493e+01
2.278888995573748844e+02 1.614570553147883203e+01 1.800152322883282707e+01
2.258616873033842296e+02 1.667693089577806376e+01 1.953495987973893122e+01
2.237696078284324699e+02 1.720604986677381021e+01 2.113225323550198453e+01
2.216149760342980244e+02 1.773198388042382945e+01 2.279250235644595080e+01
2.193938107757519447e+02 1.826149428380634276e+01 2.451189688558493529e+01
2.171033332227428900e+02 1.879638332329355066e+01 2.629103573353143730e+01
2.147417068882888032e+02 1.933684443848258283e+01 2.813143882948832086e+01
2.123070618649750259e+02 1.988304864851631137e+01 3.003468300304849947e+01
2.097974814247545225e+02 2.043517116012082724e+01 3.200238467601564452e+01
2.072109967626659000e+02 2.099339183928458041e+01 3.403620430532521368e+01
2.045455860621933368e+02 2.155789529513072011e+01 3.613784717305597383e+01
2.017991744952666693e+02 2.212887087991702018e+01 3.830906338642987663e+01
1.989696336683428228e+02 2.270651273872639209e+01 4.055164834603608881e+01
1.960548926312184506e+02 2.329099268723086169e+01 4.286736461130136178e+01
1.930833577495550912e+02 2.387434212572570047e+01 4.523728382252036795e+01
1.900973455394314158e+02 2.443931678437071042e+01 4.763891338709262158e+01
1.871130956436562940e+02 2.497391112311123607e+01 5.006933941593203485e+01
1.841463733794817017e+02 2.546589531700467646e+01 5.252636093481183366e+01
1.811984390188116265e+02 2.591499644614267694e+01 5.500905743403387760e+01
1.782698386129818005e+02 2.632152511759264257e+01 5.751657727167914658e+01
1.753611079964188093e+02 2.668579928724184924e+01 6.004807123499895738e+01
1.724727727581029626e+02 2.700814411708545038e+01 6.260269271472125752e+01
1.696053482276806221e+02 2.728889186876778439e+01 6.517959782785086986e+01
1.667594650906868310e+02 2.752809476630116947e+01 6.777816720157157704e+01
1.639428632972898470e+02 2.770975320838950395e+01 7.041010433434836102e+01
1.611606947772557419e+02 2.782438985256285235e+01 7.308184574807877709e+01
1.584134683342101368e+02 2.787215472790880000e+01 7.579253004059196996e+01
1.557010012516757058e+02 2.784784089362769421e+01 7.854649065227540916e+01
1.530238814796979057e+02 2.775181432006163007e+01 8.134257499715971562e+01
1.503833784613607065e+02 2.758533701305590213e+01 8.417833577245187371e+01
1.477825537899771291e+02 2.735001094904039576e+01 8.704968338094710134e+01
1.452221914394639839e+02 2.704714859936959570e+01 8.995449667516022885e+01
1.427027667178336401e+02 2.667803020218554977e+01 9.289091911397933643e+01
1.402247282977609757e+02 2.624394412371033170e+01 9.585711154094796882e+01
1.377883053685190760e+02 2.574619905206304793e+01 9.885143131615201639e+01
1.354599404863579082e+02 2.518311797947935915e+01 1.018054191426659685e+02
1.332873650063052366e+02 2.456047997982854270e+01 1.046496820600972342e+02
1.312611966991308634e+02 2.388349511790978497e+01 1.073874870046229972e+02
1.293740750983687349e+02 2.315638623046296729e+01 1.100229370963087945e+02
1.276189856823084483e+02 2.238314348786060393e+01 1.125599767195604386e+02
1.259858860275564751e+02 2.157191178771011053e+01 1.150021235976929290e+02
1.244577067077680681e+02 2.075128044273460048e+01 1.173429465739892663e+02
1.230125868600486427e+02 1.995306796764154100e+01 1.195771385911558440e+02
1.216352705836690120e+02 1.918801239943253378e+01 1.217117724393287688e+02
1.203213530061847507e+02 1.845580829763586195e+01 1.237517913749043856e+02
1.190679994329735223e+02 1.775498885779250102e+01 1.257014253326085793e+02
1.178730527588171810e+02 1.708432591064130079e+01 1.275640195786055529e+02
1.167345430566537345e+02 1.644267001448749355e+01 1.293426606729535138e+02
1.156501829983086083e+02 1.582879157647749047e+01 1.310408139439171862e+02
1.146174712920467726e+02 1.524141408154848953e+01 1.326621920220183029e+02
1.136339729437758450e+02 1.467930503394855002e+01 1.342103976190816752e+02
1.126974857226790760e+02 1.414130330034917549e+01 1.356887324830265129e+02
1.117953619083537973e+02 1.362784750669959699e+01 1.371100766301999272e+02
1.109184126709070597e+02 1.313917444803947632e+01 1.384838557396879253e+02
1.100654370001807365e+02 1.267450269959018172e+01 1.398119938758221963e+02
1.092356261205656409e+02 1.223302852186708556e+01 1.410960231760309966e+02
1.084281988897325846e+02 1.181397563552013708e+01 1.423374234295208112e+02
1.076424011556007372e+02 1.141659458233025504e+01 1.435376232954323541e+02
1.068775030174704170e+02 1.104016000349929172e+01 1.446980054913276206e+02
1.061327987217862869e+02 1.068397053606603286e+01 1.458199069906556815e+02
1.054076063878146812e+02 1.034734854030184970e+01 1.469046195424269570e+02
1.047012681795588378e+02 1.002964027054972007e+01 1.479533893455389375e+02
1.040131481804523759e+02 9.730213763230205259e+00 1.489674210749394661e+02
1.033426309901458779e+02 9.448457442418828123e+00 1.499478805398631494e+02
1.026891217244248367e+02 9.183780119764474392e+00 1.508958946839874216e+02
1.020520460886328777e+02 8.935611067452033041e+00 1.518125514463388015e+02
1.014308491224749673e+02 8.703398770869522849e+00 1.526989021391289043e+02
1.008249943429221105e+02 8.486610076881115461e+00 1.535559630714280388e+02
1.002339513063973584e+02 8.284718575186447609e+00 1.543847386682110709e+02
9.965353378937520290e+01 8.093810911912980188e+00 1.551930124376119977e+02
9.908030464996276976e+01 7.910360565842718295e+00 1.559873804543185543e+02
9.851349459849377865e+01 7.733474795219241749e+00 1.567693756259326392e+02
9.795259911363589822e+01 7.562727367005408041e+00 1.575398957576109922e+02
9.739748938287323199e+01 7.397993695997552521e+00 1.582991826842516616e+02
9.684803892110791423e+01 7.239151499222763242e+00 1.590474738296423709e+02
9.630348304951824900e+01 7.085448800008550485e+00 1.597862155075195290e+02
9.575969329659962170e+01 6.932814074368600643e+00 1.605232263290852188e+02
9.521556536543245386e+01 6.780158241050179946e+00 1.612605976502738656e+02
9.467105537964667406e+01 6.627438229405157699e+00 1.619984123852090931e+02
9.412619794734139589e+01 6.474688407221799835e+00 1.627366047804455320e+02
9.358098527618027163e+01 6.321901321202315849e+00 1.634751893864450096e+02
9.303541708441487401e+01 6.169076924307993259e+00 1.642141665305203730e+02
9.248949309010394870e+01 6.016215169475239932e+00 1.649535365401989111e+02
9.194321301111993705e+01 5.863316009616464264e+00 1.656932997432198249e+02
9.139657656514364703e+01 5.710379397619344211e+00 1.664334564675376669e+02
9.084958346966394060e+01 5.557405286346741136e+00 1.671740070413232502e+02
9.030223344197773372e+01 5.404393628636700697e+00 1.679149517929636488e+02
8.975452619918983999e+01 5.251344377302457289e+00 1.686562910510623681e+02
8.920646145821321227e+01 5.098257485132431377e+00 1.693980251444391456e+02
8.865803893576870109e+01 4.945132904890225056e+00 1.701401544021300367e+02
8.810925834838525361e+01 4.791970589314628270e+00 1.708826791533873859e+02
8.756011941239977148e+01 4.638770491119617034e+00 1.716255997276799121e+02
8.701062184395718191e+01 4.485532562994350769e+00 1.723689164546926520e+02
8.646076535901042348e+01 4.332256757603177633e+00 1.731126296643269029e+02
8.591054967331992032e+01 4.178943027585544812e+00 1.738567396867007631e+02
8.535997450245322682e+01 4.025591325555960331e+00 1.746012468521500693e+02
8.480903956178636349e+01 3.872201604104179129e+00 1.753461514912260100e+02
8.425774456650181321e+01 3.718773815794913062e+00 1.760914539346980234e+02
8.370608923158856385e+01 3.565307913167814480e+00 1.768371545135536564e+02
8.315407327184196618e+01 3.411803848737478440e+00 1.775832535589986207e+02
8.260169640186376228e+01 3.258261574993442267e+00 1.783297514024566794e+02
8.204895833606217082e+01 3.104681044400179779e+00 1.790766483755698744e+02
8.149585878865173072e+01 2.951062209397107505e+00 1.798239448101983555e+02
8.094239747365354276e+01 2.797405022398586016e+00 1.805716410384202959e+02
8.038857410489460165e+01 2.643709435793915929e+00 1.813197373925334261e+02
7.983438839600867709e+01 2.489975401947218003e+00 1.820682342050510556e+02
7.927984006043428167e+01 2.336202873197455787e+00 1.828171318087084103e+02
