2.540000000000000000e+02 7.000000000000000000e+00 0.000000000000000000e+00
2.528067577094167291e+02 7.495712335287741723e+00 7.755911959448557047e-01
2.515858123460225784e+02 8.002246041924616193e+00 1.566218714245802168e+00
2.503354873261954197e+02 8.517680026438656071e+00 2.375479265369731419e+00
2.490520031529463836e+02 9.037455591833118973e+00 3.211569258963547391e+00
2.477296726472943647e+02 9.559373798903452624e+00 4.082082888513305363e+00
2.463661134620163011e+02 1.008298337078243279e+01 4.989708118363945566e+00
2.449577497214192761e+02 1.060767341766231198e+01 5.938355686446254111e+00
2.435019237947842328e+02 1.113234464254214195e+01 6.931604800977294367e+00
2.419953728100173578e+02 1.165544927457337110e+01 7.974068445236370373e+00
2.404366100552277885e+02 1.217679121827391775e+01 9.067333705519903475e+00
2.388243626690552901e+02 1.269633179421311731e+01 1.021262655523436003e+01
2.371573261910536701e+02 1.321403134058570927e+01 1.141120342381043429e+01
2.354341643809947584e+02 1.372984920759807359e+01 1.266435137085620255e+01
2.336535086124411009e+02 1.424374373862778853e+01 1.397338867062730472e+01
2.318139578222966861e+02 1.475567226865594961e+01 1.533966486064641011e+01
2.299140770225601784e+02 1.526559107803092807e+01 1.676456217606614274e+01
2.279523954751825272e+02 1.577345533576547609e+01 1.824949730872172893e+01
2.259274066816452091e+02 1.627921909921292354e+01 1.979592141717627740e+01
2.238384184752028432e+02 1.678247539234767771e+01 2.140496802796810982e+01
2.216893228113843293e+02 1.728089297744499930e+01 2.307585174870516198e+01
2.194796393040729754e+02 1.777460102922957930e+01 2.480894313233016035e+01
2.172032631075786355e+02 1.827111788443578533e+01 2.660163088920100449e+01
2.148563903709678300e+02 1.877391035681305098e+01 2.845363954701597464e+01
2.124371819323856698e+02 1.928311667783730599e+01 3.036654006954616491e+01
2.099437249109043364e+02 1.979893003103912363e+01 3.234191159330691079e+01
2.073740550136931233e+02 2.032154737324765037e+01 3.438137728219689393e+01
2.047261559665244874e+02 2.085117077836403965e+01 3.648660336279851180e+01
2.019979578853842099e+02 2.138800759810849073e+01 3.865930047284864202e+01
1.991873360092590701e+02 2.193227058711190125e+01 4.090122471062470311e+01
1.962921981075407416e+02 2.248415686209267506e+01 4.321411634872544738e+01
1.933390666780050537e+02 2.303658104100384207e+01 4.558007660581123588e+01
1.903709280712391774e+02 2.357213258749829876e+01 4.797631171824014729e+01
1.874009327505114300e+02 2.408136304819245410e+01 5.040016197636693818e+01
1.844486504960623279e+02 2.454879056466128162e+01 5.284919333905444461e+01
1.815157470922454195e+02 2.497381436567649615e+01 5.532245130240739428e+01
1.786027565539107798e+02 2.535676361231179854e+01 5.781908628956918506e+01
1.757102016549843881e+02 2.569797474599167231e+01 6.033825218571436722e+01
1.728385939284681569e+02 2.599779148849137300e+01 6.287910633804867899e+01
1.699884336664397608e+02 2.625656484193691043e+01 6.544080955580909631e+01
1.671602102273975845e+02 2.647465284517325301e+01 6.802252607125916484e+01
1.643594806733158293e+02 2.664080231972581814e+01 7.063219965643992282e+01
1.615958389722435413e+02 2.674074305243517458e+01 7.327811755955730177e+01
1.588705945360068199e+02 2.677309466268654248e+01 7.596024134231498692e+01
1.561836356554982217e+02 2.673386059358950817e+01 7.868174536743582337e+01
1.535354552214716932e+02 2.662362939599957912e+01 8.144136443827549954e+01
1.509266052408097778e+02 2.644379594749998574e+01 8.423708967152595051e+01
1.483575958071376988e+02 2.619565581148198419e+01 8.706703497660683411e+01
1.458289115924279997e+02 2.588052582022274350e+01 8.992931930197319446e+01
1.433410100903213618e+02 2.549973023938340688e+01 9.282208014270923968e+01
1.408943219373838360e+02 2.505459989162955736e+01 9.574347416471944427e+01
1.384878859233063224e+02 2.454646011262883931e+01 9.869327470973493632e+01
1.361639839059307633e+02 2.397709343817649241e+01 1.016204704522088349e+02
1.339908728822006765e+02 2.335056656735148195e+01 1.044410173416937226e+02
1.319643725207666591e+02 2.267130702733029324e+01 1.071549405997760545e+02
1.300770388388317258e+02 2.194347908445995543e+01 1.097664224183295119e+02
1.283217681385199285e+02 2.117102515694044840e+01 1.122794800026987758e+02
1.266907484016768137e+02 2.035884767429215003e+01 1.146980260404314436e+02
1.251692182708598722e+02 1.952832913759011291e+01 1.170192502679317670e+02
1.237357631752958724e+02 1.871418561964439320e+01 1.192350419641588672e+02
1.223712940660794430e+02 1.793331266176834049e+01 1.213509436485419712e+02
1.210701853296673249e+02 1.718637735980593106e+01 1.233723301900118656e+02
1.198295749429372563e+02 1.647183625629365622e+01 1.253034797490360432e+02
1.186467229334407278e+02 1.578822712991293997e+01 1.271484753990068839e+02
1.175190088126675647e+02 1.513415150950560673e+01 1.289112221705325680e+02
1.164439305966587455e+02 1.450827415153344369e+01 1.305954485108154870e+02
1.154191026463017238e+02 1.390932188779349588e+01 1.322047095018077414e+02
1.144424624153872969e+02 1.333614658196319525e+01 1.337421321982203324e+02
1.135121934885837476e+02 1.278796011485505879e+01 1.352103278736128971e+02
1.126146773164393124e+02 1.226532960948572715e+01 1.366229322176364178e+02
1.117421131768010270e+02 1.176824693931595434e+01 1.379880309275517902e+02
1.108934676617274988e+02 1.129587742307782072e+01 1.393073995101288176e+02
1.100679881932553172e+02 1.084737821686488068e+01 1.405825295803037989e+02
1.092648768636381647e+02 1.042194445703220573e+01 1.418149275990918454e+02
1.084833714849633850e+02 1.001879727859041758e+01 1.430060410631715513e+02
1.077227369454900270e+02 9.637185484536043845e+00 1.441572660473843541e+02
1.069822622151888396e+02 9.276382485935220856e+00 1.452699528916832605e+02
1.062612598016863643e+02 8.935685745975131766e+00 1.463454072343797918e+02
1.055590655851092095e+02 8.614416611198343787e+00 1.473848903258005691e+02
1.048750388176185311e+02 8.311920311026776531e+00 1.483896190291713140e+02
1.042085607033270946e+02 8.027564506637240527e+00 1.493607685175764459e+02
1.035590325698023548e+02 7.760737422495216364e+00 1.502994757465602333e+02
1.029258758169672490e+02 7.510847794138272526e+00 1.512068395511731183e+02
1.023085319672601230e+02 7.277324919433231898e+00 1.520839205507082568e+02
1.017064616259794860e+02 7.059617596194139644e+00 1.529317431231711453e+02
1.011191434359954968e+02 6.857193054044938840e+00 1.537512973904459272e+02
1.005460627130159281e+02 6.669527599640822757e+00 1.545435590471091416e+02
9.998592877459353190e+01 6.495471133538100794e+00 1.553108477501149309e+02
9.943655974688658716e+01 6.332969501743252572e+00 1.560571865952424844e+02
9.889352708395462344e+01 6.177380817887873299e+00 1.567910992378386368e+02
9.835486150735381727e+01 6.026530518084421750e+00 1.575164439851346856e+02
9.781630173495364033e+01 5.876106491776289964e+00 1.582413047596506317e+02
9.727741818068680857e+01 5.725674201643041528e+00 1.589664963666806443e+02
9.673819956856145552e+01 5.575222479671724685e+00 1.596920399833267368e+02
9.619863847415616931e+01 5.424744053853950199e+00 1.604179494812292148e+02
9.565873132461996420e+01 5.274235548185880695e+00 1.611442314265666198e+02
9.511847839867235166e+01 5.123697482668243097e+00 1.618708850800557570e+02
9.457788346820059644e+01 4.973133910933252189e+00 1.625979030766104358e+02
9.403694639252704235e+01 4.822544931644765498e+00 1.633252854699476018e+02
9.349566591414956918e+01 4.671929513513070731e+00 1.640530344323224483e+02
9.295404175058136786e+01 4.521287611075139878e+00 1.647811502870007985e+02
9.241207361914821661e+01 4.370619178848151876e+00 1.655096333574536516e+02
9.186976123698843821e+01 4.219924171329482832e+00 1.662384839673567853e+02
9.132710432105299958e+01 4.069202542996714023e+00 1.669677024405911254e+02
9.078410258810544065e+01 3.918454248307627896e+00 1.676972891012424611e+02
9.024075575472242861e+01 3.767679241700233383e+00 1.684272442736014170e+02
8.969706353728976467e+01 3.616877477592393308e+00 1.691575682821662099e+02
8.915302565200857998e+01 3.466048910382435899e+00 1.698882614516382148e+02
8.860864181489327507e+01 3.315193494449023781e+00 1.706193241069224769e+02
8.806391174176923187e+01 3.164311184150799594e+00 1.713507565731308659e+02
8.751883514827291322e+01 3.013401933826383772e+00 1.720825591755820767e+02
8.697341174985182022e+01 2.862465697794378539e+00 1.728147322398013443e+02
8.642764126176447803e+01 2.711502430353362136e+00 1.735472760915207289e+02
8.588152339908046429e+01 2.560512085781894154e+00 1.742801910566789729e+02
8.533505787668045173e+01 2.409494618338514194e+00 1.750134774614215587e+02
8.478824440925606609e+01 2.258449982261739208e+00 1.757471356321005942e+02
8.424108271131004244e+01 2.107378131770067498e+00 1.764811658952750406e+02
8.369357249715615410e+01 1.956279021061974488e+00 1.772155685777104850e+02
8.314571348091875791e+01 1.805152604315841458e+00 1.779503440063803623e+02
8.259750537653253843e+01 1.653998835689957536e+00 1.786854925084640229e+02
8.204894789774320429e+01 1.502817669322555894e+00 1.794210144113489491e+02
8.150004075810598181e+01 1.351609059331644103e+00 1.801569100426306989e+02
8.095078367098572869e+01 1.200372959814995921e+00 1.808931797301131894e+02
8.040117634955682036e+01 1.049109324850150182e+00 1.816298238018086408e+02
