2.540000000000000000e+02 7.000000000000000000e+00 0.000000000000000000e+00
2.515259722937639424e+02 8.018833402620597184e+00 1.501641759921881425e+00
2.490590315200942939e+02 9.023054890594442767e+00 3.009633572462597773e+00
2.465986677866985133e+02 1.001111027855591473e+01 4.526112235627768321e+00
2.441426354412164130e+02 1.097764521805866167e+01 6.058949007033493039e+00
2.416901686839859167e+02 1.192153547293587224e+01 7.610146818574911265e+00
2.392415866680982788e+02 1.284282365824580019e+01 9.179519114328451579e+00
2.367973299962221176e+02 1.374164931645042209e+01 1.076662900082137320e+01
2.343575855428222781e+02 1.461806436881561488e+01 1.237125617805916633e+01
2.319224801320864344e+02 1.547205279597864092e+01 1.399328865521087728e+01
2.294892937089165628e+02 1.629803091205859644e+01 1.564047849036623461e+01
2.270563653800439567e+02 1.709230964262926733e+01 1.731781670915039584e+01
2.246240019351985211e+02 1.785498417371129776e+01 1.902492025854199653e+01
2.221924876038126513e+02 1.858611201478152353e+01 2.076146230634522638e+01
2.197621050572667798e+02 1.928575396868614789e+01 2.252711435668350504e+01
2.173331353635654750e+02 1.995397409644218101e+01 2.432154632704198249e+01
2.149058579873376686e+02 2.059083971723745421e+01 2.614442654826756041e+01
2.124805507898362862e+02 2.119642140843062350e+01 2.799542176456889209e+01
2.100574900289386733e+02 2.177079300555113761e+01 2.987419713351638606e+01
2.076369503591463115e+02 2.231403160229926996e+01 3.178041622604219185e+01
2.052192048376397224e+02 2.282621754257042923e+01 3.371374102828829677e+01
2.028045249086531499e+02 2.330743432954743710e+01 3.567383204359150284e+01
2.003931752455517312e+02 2.375777871257686868e+01 3.766033834555828008e+01
1.979855647345914633e+02 2.417705585872284857e+01 3.967320225243429377e+01
1.955839648148234460e+02 2.456134295417465196e+01 4.171608555333998680e+01
1.931894288985445201e+02 2.490919792472591965e+01 4.379011989529361415e+01
1.908023888771788563e+02 2.522027528832285626e+01 4.589487028137681079e+01
1.884231818526406812e+02 2.549453309464641038e+01 4.802987484879191982e+01
1.860520590587172762e+02 2.573221638700408676e+01 5.019469087406570651e+01
1.836892898470466093e+02 2.593350024315061120e+01 5.238887057557953142e+01
1.813351381166343117e+02 2.609857319535322162e+01 5.461196551102595720e+01
1.789898649781901838e+02 2.622762728878424809e+01 5.686352632311611188e+01
1.766537287512414025e+02 2.632085806564017361e+01 5.914310275867837419e+01
1.743269849739595259e+02 2.637846458238474767e+01 6.145024364145854889e+01
1.720098863318580982e+02 2.640064921651660867e+01 6.378449713942079313e+01
1.697026826519073097e+02 2.638761765065434872e+01 6.614541078677483199e+01
1.674056170860710324e+02 2.633957931770307326e+01 6.853253576123221080e+01
1.651186367384310074e+02 2.625677938934462929e+01 7.094575308529036306e+01
1.628431253286808555e+02 2.613929931271360019e+01 7.338332892248725159e+01
1.605805140518764347e+02 2.598723466286392281e+01 7.584345448161384695e+01
1.583313120846525806e+02 2.580081090903855312e+01 7.832532969236018516e+01
1.560955362561900301e+02 2.558032118191876592e+01 8.082869457752130415e+01
1.538743059866530984e+02 2.532630460487584045e+01 8.335179433003689553e+01
1.516773910086205319e+02 2.504235829459478069e+01 8.588031998233671516e+01
1.495075425067449828e+02 2.472983603867533020e+01 8.840990247950281855e+01
1.473647418344046969e+02 2.438916344636892219e+01 9.094014093835507140e+01
1.452494269897539994e+02 2.402085398093536739e+01 9.347006409739697119e+01
1.431856229702476355e+02 2.363012073523406542e+01 9.596908550304429752e+01
1.411898456509386506e+02 2.322113912689693294e+01 9.841557279451976115e+01
1.392617323271850296e+02 2.279491265034545222e+01 1.008088876950009336e+02
1.373990218739390912e+02 2.235205732577338722e+01 1.031507844253375055e+02
1.356000707172039483e+02 2.189327389131831580e+01 1.054422808324641636e+02
1.338631894013955161e+02 2.141922890742133845e+01 1.076844776557517918e+02
1.321867295834992717e+02 2.093057020991243178e+01 1.098784512522709633e+02
1.305690827428929879e+02 2.042792753537210615e+01 1.120252543257037701e+02
1.290086793223846655e+02 1.991191293697027831e+01 1.141259164121166094e+02
1.275039807096432298e+02 1.938314100133439410e+01 1.161814315401701663e+02
1.260522066869874465e+02 1.884569107131425980e+01 1.181905368735626070e+02
1.246508487467267230e+02 1.830289063523825632e+01 1.201524538987519151e+02
1.232984407449029334e+02 1.775527172931777642e+01 1.220681805954037316e+02
1.219936597447619420e+02 1.720305827649893615e+01 1.239388807865047255e+02
1.207351678504100363e+02 1.664654642395489503e+01 1.257656507198204849e+02
1.195191236517256499e+02 1.608832164079429816e+01 1.275491401617434093e+02
1.183426772730680483e+02 1.553010112564652978e+01 1.292901108369706549e+02
1.172047235720991694e+02 1.497204678715360160e+01 1.309895746005606441e+02
1.161044180141875870e+02 1.441408914204378355e+01 1.326484645763927404e+02
1.150400360494471528e+02 1.385706473493733881e+01 1.342680710842524832e+02
1.140093604581928730e+02 1.330233203687158472e+01 1.358498824752205394e+02
1.130112535640218141e+02 1.275019081015349975e+01 1.373949087629028725e+02
1.120449161667112179e+02 1.220062115669894176e+01 1.389040017907445019e+02
1.111095309198576899e+02 1.165364054444386177e+01 1.403780094365703803e+02
1.102043130701667053e+02 1.110925258265364235e+01 1.418177540830375563e+02
1.093284967833242831e+02 1.056746040133031705e+01 1.432240386681288271e+02
1.084813350696254588e+02 1.002826665342919377e+01 1.445976467612703686e+02
1.076620985942213338e+02 9.491673551222332250e+00 1.459393437800883362e+02
1.068700887581251919e+02 8.957677717904257264e+00 1.472498661950462804e+02
1.061046109394819865e+02 8.426277939774038828e+00 1.485299458412130491e+02
1.053629714159150552e+02 7.898195415607750292e+00 1.497820224923184753e+02
1.046432964652892963e+02 7.373736484670127211e+00 1.510079529913921590e+02
1.039447601221395132e+02 6.852911149384253164e+00 1.522086007228344329e+02
1.032591044834606180e+02 6.335204717058712909e+00 1.533929563926489266e+02
1.025755361051125334e+02 5.817990205301978079e+00 1.545746967876144708e+02
1.018926194713295388e+02 5.300683482521514556e+00 1.557558723434291323e+02
1.012103575234306021e+02 4.783291953200312641e+00 1.569364727784547711e+02
1.005287504160462788e+02 4.265816453717575563e+00 1.581164971478725079e+02
9.984779830265600253e+01 3.748257819506757293e+00 1.592959445089090309e+02
9.916750133559672520e+01 3.230616885055458187e+00 1.604748139208277280e+02
9.848785966606280340e+01 2.712894483905435639e+00 1.616531044449291699e+02
9.780887344410619733e+01 2.195091448652591204e+00 1.628308151445505700e+02
9.713054281863632866e+01 1.677208610946981926e+00 1.640079450850662681e+02
9.645286793742006637e+01 1.159246801492813672e+00 1.651844933338874739e+02
9.577588730282408847e+01 6.411966225043996825e-01 1.663604293336430828e+02
9.509962311782214783e+01 1.230531042270349568e-01 1.675357350402377392e+02
9.442389441680619200e+01 -3.951345787006410037e-01 1.687105493699893373e+02
9.374855046159257199e+01 -9.133255137717556371e-01 1.698849880802960683e+02
9.307348477128637398e+01 -1.431490796879324678e+00 1.710591329375473322e+02
9.239863512228123454e+01 -1.949613532316252673e+00 1.722330317171235379e+02
9.172398354825945432e+01 -2.467688832775332575e+00 1.734066982033960471e+02
9.104954358031008610e+01 -2.985720318897168379e+00 1.745801219538152225e+02
9.037530844587213608e+01 -3.503705986438257813e+00 1.757533080110439130e+02
8.970127722180772878e+01 -4.021645462320359243e+00 1.769262569664818159e+02
8.902744998068273219e+01 -4.539538647825555273e+00 1.780989686507280396e+02
8.835382679498174241e+01 -5.057385444290729559e+00 1.792714428945139673e+02
8.768040773710815472e+01 -5.575185753107550823e+00 1.804436795287029724e+02
8.700719287938407831e+01 -6.092939475722479514e+00 1.816156783842905327e+02
8.633418325636885982e+01 -6.610638471875547317e+00 1.827874230450691186e+02
8.566138050311676011e+01 -7.128269657534024972e+00 1.839588871058559221e+02
8.498878381452041708e+01 -7.645840381575927047e+00 1.851300854431201230e+02
8.431639235282374045e+01 -8.163358230508324098e+00 1.863010334137933626e+02
8.364420532740761871e+01 -8.680830360503605903e+00 1.874717455057481743e+02
8.297222199478987648e+01 -9.198263497399484123e+00 1.886422353377977856e+02
8.230044165862520344e+01 -9.715663936698987868e+00 1.898125156596964871e+02
8.162886366970533913e+01 -1.023303754357047346e+01 1.909825983521392345e+02
8.095748742595884551e+01 -1.075038975284761378e+01 1.921524944267618480e+02
8.028631237245129171e+01 -1.126772556902940181e+01 1.933222140261411539e+02
7.961533800138514039e+01 -1.178504956628015243e+01 1.944917664237945303e+02
7.894456385209983296e+01 -1.230236588842950241e+01 1.956611600241804467e+02
7.827398951107169012e+01 -1.281967824897241037e+01 1.968304023626980381e+02
7.760361461191403976e+01 -1.333698993106914976e+01 1.979995001056874457e+02
7.693343883537706063e+01 -1.385430378754532121e+01 1.991684590504295329e+02
7.626346190934792446e+01 -1.437162224089184370e+01 2.003372841251459988e+02
7.559368360885071070e+01 -1.488894728326495809e+01 2.015059793889994353e+02
7.492410375604647754e+01 -1.540628047648622179e+01 2.026745480320932700e+02
7.425472222023314828e+01 -1.592362295204251943e+01 2.038429923754717379e+02
