2.540000000000000000e+02 7.000000000000000000e+00 0.000000000000000000e+00
2.530157020411664348e+02 7.430745871272326220e+00 6.568411380205977368e-01
2.520071146839786707e+02 7.871334319520919998e+00 1.326880205910411448e+00
2.509737244487225780e+02 8.321973113769459474e+00 2.010395528863975656e+00
2.499150068983447568e+02 8.782874456610107572e+00 2.707671371122688964e+00
2.488304264931732348e+02 9.254255042986809343e+00 3.418998014718767298e+00
2.477194364805350517e+02 9.736336104857235441e+00 4.144671819302721438e+00
2.465814912897949114e+02 1.022935131538065967e+01 4.884974850311638583e+00
2.454142469209737385e+02 1.073242105115069833e+01 5.643109511887002938e+00
2.442123742480260091e+02 1.124269368686399595e+01 6.427243800545978658e+00
2.429726529514574622e+02 1.175673751936496281e+01 7.243883017973959504e+00
2.416914380578265025e+02 1.227259989599460432e+01 8.098418705537559603e+00
2.403662545721248591e+02 1.278999130280225316e+01 8.993474316691310477e+00
2.389960292246828999e+02 1.330896059169218226e+01 9.930021214596136403e+00
2.375794751229225312e+02 1.382941007872720718e+01 1.090938217423334144e+01
2.361137694020225410e+02 1.434997648768182721e+01 1.193562283077011443e+01
2.345969185189599955e+02 1.487013214695901731e+01 1.301118142834211255e+01
2.330265774632615319e+02 1.538920313978018939e+01 1.413898833374115149e+01
2.314012377755001637e+02 1.590708417458447954e+01 1.532058643237714968e+01
2.297194812975313027e+02 1.642375091660555242e+01 1.655734843256351496e+01
2.279798526652670603e+02 1.693917782558549945e+01 1.785068364612889980e+01
2.261808589317604685e+02 1.745333867968997055e+01 1.920203780048493414e+01
2.243209688656168908e+02 1.796620656279944939e+01 2.061289371840135232e+01
2.223987284460491196e+02 1.847770447134782401e+01 2.208472328303850318e+01
2.204165948650769167e+02 1.898610254770165184e+01 2.361734705710828308e+01
2.183761562758517698e+02 1.949008414781593501e+01 2.521089541908137122e+01
2.162761996218904414e+02 1.998953675142008635e+01 2.686665851751711642e+01
2.141124223850343355e+02 2.048910729709411171e+01 2.858357321923413963e+01
2.118789142500347396e+02 2.099567116308582726e+01 3.035963488034718338e+01
2.095736240644620523e+02 2.150961291951702492e+01 3.219637910999730224e+01
2.071945449696048627e+02 2.203117039204232341e+01 3.409546264500117729e+01
2.047396191135368326e+02 2.256057807848979735e+01 3.605859477534036017e+01
2.022067310265842082e+02 2.309807694681705570e+01 3.808753275909025149e+01
1.995937061480348689e+02 2.364391460090460129e+01 4.018408304855714874e+01
1.968983090283070396e+02 2.419834548286880249e+01 4.235010278651196103e+01
1.941215814616537045e+02 2.476079343373828223e+01 4.458514200705208452e+01
1.913016691724519944e+02 2.532079224916125781e+01 4.686316035859479712e+01
1.884655152063708670e+02 2.586466771718369628e+01 4.917235159073506878e+01
1.856276208113794155e+02 2.638159850773507031e+01 5.151001090773577573e+01
1.828058282131948431e+02 2.685730010261869083e+01 5.387385431000603830e+01
1.800011283826134729e+02 2.729167449216176067e+01 5.626302439594896754e+01
1.772140849426583316e+02 2.768497709371984072e+01 5.867670685662150021e+01
1.744452079534185032e+02 2.803750772071494524e+01 6.111409301863361065e+01
1.716949980771437367e+02 2.834957309060324704e+01 6.357437642590939220e+01
1.689639465638505555e+02 2.862148672658607396e+01 6.605675295417121617e+01
1.662546351159362530e+02 2.884884340218005505e+01 6.856394692127902601e+01
1.635762267250775608e+02 2.901277653926474898e+01 7.110933271199516525e+01
1.609307180318069754e+02 2.911113438522547625e+01 7.369360605245904594e+01
1.583185059857773922e+02 2.914406008454253438e+01 7.631596847620298263e+01
1.557397921853790592e+02 2.910769898227730934e+01 7.897932898495005816e+01
1.531950297272127557e+02 2.900100393814795652e+01 8.168390494530709134e+01
1.506846885331297017e+02 2.882511407649345969e+01 8.442796704161028742e+01
1.482116927623805509e+02 2.858135574662673761e+01 8.720780413206479409e+01
1.457772632800709403e+02 2.827103917280762957e+01 9.002098574184265090e+01
1.433818373025150663e+02 2.789545532892624280e+01 9.286568438388208335e+01
1.410258132940590485e+02 2.745591245173690709e+01 9.574007470499664407e+01
1.387026772956079697e+02 2.695650781363175241e+01 9.864026742276875837e+01
1.364344307009194210e+02 2.640100365379939973e+01 1.015301109062585567e+02
1.343097880230377541e+02 2.578783746294921286e+01 1.043192519672188325e+02
1.323287134592071936e+02 2.512101790065531759e+01 1.070044122873726167e+02
1.304837620848379345e+02 2.440474999663149802e+01 1.095897932230753469e+02
1.287680393173279469e+02 2.364300451563898875e+01 1.120792225246254787e+02
1.271729005862950572e+02 2.284221908719041139e+01 1.144762563583315256e+02
1.256826754556954739e+02 2.202656211733857461e+01 1.167769088672546189e+02
1.242778499389130786e+02 2.122692047529930193e+01 1.189743949108657972e+02
1.229424679869201924e+02 2.045825345598365530e+01 1.210723460366270814e+02
1.216701661295056880e+02 1.972317991795467051e+01 1.230754269019987532e+02
1.204586567176880152e+02 1.902026594495692891e+01 1.249872918092794549e+02
1.193051176741462598e+02 1.834802643003619593e+01 1.268121688127039164e+02
1.182068655685810228e+02 1.770504803460622512e+01 1.285540794393616295e+02
1.171613364507042974e+02 1.708998033014682250e+01 1.302168661722788841e+02
1.161660840841825575e+02 1.650153486833730554e+01 1.318041950968886340e+02
1.152187789345169762e+02 1.593848464815196841e+01 1.333195574177108540e+02
1.143168095583148443e+02 1.539971574474948213e+01 1.347666427313498332e+02
1.134464669754429167e+02 1.488589217237880646e+01 1.361592403195060115e+02
1.126004464667367273e+02 1.439703730768808931e+01 1.375049787632658820e+02
1.117773798368896649e+02 1.393238804593290858e+01 1.388059422712264848e+02
1.109764795737387999e+02 1.349113733018074868e+01 1.400636445161985364e+02
1.101971087112552397e+02 1.307248719917405033e+01 1.412794337880647220e+02
1.094385085800185635e+02 1.267568522554754651e+01 1.424547469483134421e+02
1.086999773805789005e+02 1.230000000144740468e+01 1.435909433532842741e+02
1.079808365828935592e+02 1.194472436962887762e+01 1.446893372869328971e+02
1.072804304933071364e+02 1.160917497217647565e+01 1.457511987995829656e+02
1.065981267033985489e+02 1.129269271827832988e+01 1.467777528385173866e+02
1.059333134018531553e+02 1.099463998274310050e+01 1.477701844548338386e+02
1.052853987020516229e+02 1.071439990523409946e+01 1.487296401058930257e+02
1.046538106344674759e+02 1.045137638234666966e+01 1.496572276700424311e+02
1.040379970839647967e+02 1.020499400226007580e+01 1.505540165680768325e+02
1.034374246613624990e+02 9.974696868719316711e+00 1.514210399489884935e+02
1.028515774169225381e+02 9.759947260271106373e+00 1.522592971819232446e+02
1.022799380775153679e+02 9.560142096956706581e+00 1.530698336138841853e+02
1.017218166596673825e+02 9.373869066379789672e+00 1.538544559051869101e+02
1.011759406738073324e+02 9.199830840649244834e+00 1.546155882656624669e+02
1.006392141962116114e+02 9.035190245315430246e+00 1.553589693933560909e+02
1.001081433889217038e+02 8.876670827821948606e+00 1.560911492239904987e+02
9.958243350433130558e+01 8.723988135251849130e+00 1.568126848178695525e+02
9.906196573418075957e+01 8.577022313623514194e+00 1.575238036370058978e+02
9.854662377058217260e+01 8.435656039476551626e+00 1.582247283491440442e+02
9.803629373367742517e+01 8.299774446669562877e+00 1.589156769664537876e+02
9.753086412018734563e+01 8.169265074315832820e+00 1.595968629441806002e+02
9.703022769827033756e+01 8.044019825494144627e+00 1.602684915120247240e+02
9.653168413514062252e+01 7.921253317678843331e+00 1.609357856197043191e+02
9.603278320078457853e+01 7.798436778707883654e+00 1.616034856537990549e+02
9.553356491760689551e+01 7.675611759238248233e+00 1.622715139652099481e+02
9.503402902233848693e+01 7.552778227397182853e+00 1.629398708491782770e+02
9.453417525153864176e+01 7.429936151301792080e+00 1.636085566011302319e+02
9.403400334159066176e+01 7.307085499058672440e+00 1.642775715166788757e+02
9.353351302870245831e+01 7.184226238763942618e+00 1.649469158916240872e+02
9.303270404890623979e+01 7.061358338503240795e+00 1.656165900219527032e+02
9.253157613805873893e+01 6.938481766351720204e+00 1.662865942038386038e+02
9.203012903184114180e+01 6.815596490374050020e+00 1.669569287336425134e+02
9.152836246575907353e+01 6.692702478624426909e+00 1.676275939079119439e+02
9.102627617514266944e+01 6.569799699146557259e+00 1.682985900233816210e+02
9.052386989514643290e+01 6.446888119973669617e+00 1.689699173769730294e+02
9.002114336074905054e+01 6.323967709128467618e+00 1.696415762657950665e+02
8.951809630675018070e+01 6.201038434622841322e+00 1.703135669871470839e+02
8.901472846777801351e+01 6.078100264458595525e+00 1.709858898385111843e+02
8.851103957828493662e+01 5.955153166627034977e+00 1.716585451175566561e+02
8.800702937254601466e+01 5.832197109108804511e+00 1.723315331221414795e+02
8.750269758465903180e+01 5.709232059873881049e+00 1.730048541503126955e+02
8.699804394854436396e+01 5.586257986881574489e+00 1.736785085003062363e+02
8.649306819794507817e+01 5.463274858080532148e+00 1.743524964705468960e+02
8.598777006642689003e+01 5.340282641408734321e+00 1.750268183596483880e+02
8.548214928737820628e+01 5.217281304793496055e+00 1.757014744664134298e+02
