2.540000000000000000e+02 7.000000000000000000e+00 0.000000000000000000e+00
2.516769286965614469e+02 8.031476285676243165e+00 1.404368171089612760e+00
2.493490441313867905e+02 9.053220478931761406e+00 2.822364461936048841e+00
2.470164442872411712e+02 1.006518756163047357e+01 4.253935482080293262e+00
2.446792273341304451e+02 1.106733291824562926e+01 5.699027290344632846e+00
2.423370140709577640e+02 1.205925255175514899e+01 7.158464278691425875e+00
2.399877040233487264e+02 1.303800057455971029e+01 8.637481341295137227e+00
2.376285008690677216e+02 1.399701292398016506e+01 1.014566151550285866e+01
2.352564059724176104e+02 1.493156515830626319e+01 1.169031598804872552e+01
2.328673903596933599e+02 1.583416107191760247e+01 1.328224254827520490e+01
2.304616222771530261e+02 1.670438762865911642e+01 1.492165897802365215e+01
2.280394058184135417e+02 1.754207254010145789e+01 1.660842989319050389e+01
2.256010476284450874e+02 1.834704765818900540e+01 1.834241343621828690e+01
2.231468568521664793e+02 1.911914902198017430e+01 2.012346128214980467e+01
2.206771451344452259e+02 1.985821685764743094e+01 2.195141863862809117e+01
2.181922266200976424e+02 2.056409557847727498e+01 2.382612424589640554e+01
2.156924179538886506e+02 2.123663378487025000e+01 2.574741037679827116e+01
2.131780382541706444e+02 2.187568425453023124e+01 2.771510287215910751e+01
2.106494090052079571e+02 2.248110399304736973e+01 2.972902119869050352e+01
2.081068540181883293e+02 2.305275432324989282e+01 3.178897840207213221e+01
2.055506994003090995e+02 2.359050087789157502e+01 3.389478114444168000e+01
2.029812735474383771e+02 2.409421360009279667e+01 3.604622971121594333e+01
2.003989070764496034e+02 2.456376678362423860e+01 3.824311803935439258e+01
1.978039327628211481e+02 2.499903911113496235e+01 4.048523374239780281e+01
1.951966855362183253e+02 2.539991365463681561e+01 4.277235811436503354e+01
1.925774433916288899e+02 2.576641047678092278e+01 4.510413789127954232e+01
1.899473126058899481e+02 2.609668005608946828e+01 4.748204678102623433e+01
1.873094482629531967e+02 2.638461643058972683e+01 4.991134946831150643e+01
1.846657241555108442e+02 2.662804708259541187e+01 5.239240938623640886e+01
1.820167354200316936e+02 2.682680230879021011e+01 5.492468546897347181e+01
1.793629122158091036e+02 2.698084494900243513e+01 5.750778994261915500e+01
1.767046853844863676e+02 2.709014491119772572e+01 6.014132708632979529e+01
1.740424863269088291e+02 2.715467918129568403e+01 6.282489334418517757e+01
1.713771755034535715e+02 2.717444709214726828e+01 6.555764741287079289e+01
1.687127656201360253e+02 2.714958303467142287e+01 6.833554417618697130e+01
1.660522799339510982e+02 2.708011088452342108e+01 7.115529999799701955e+01
1.633996858437305377e+02 2.696596831092410795e+01 7.401239172638847208e+01
1.607556922884720905e+02 2.680733472895522951e+01 7.690589451669843868e+01
1.581241095685213338e+02 2.660540591036969360e+01 7.983048822299485892e+01
1.555199721879799313e+02 2.636490593703572927e+01 8.276504796075634829e+01
1.529474566658721528e+02 2.608753046547179011e+01 8.570333759231989745e+01
1.504063043025797981e+02 2.577368313542466893e+01 8.864525949842133912e+01
1.478967155306610834e+02 2.542390230569183984e+01 9.159007909241316270e+01
1.454188852369139795e+02 2.503872303903234808e+01 9.453707234308018315e+01
1.430054600128399329e+02 2.462533222043001402e+01 9.744435203593393169e+01
1.406942531078030640e+02 2.419275109567023208e+01 1.002626901949231382e+02
1.384818169043820717e+02 2.374196742185000275e+01 1.029947644201621415e+02
1.363647616771253297e+02 2.327391865081910893e+01 1.056432408859493108e+02
1.343398045846869309e+02 2.278950945595592614e+01 1.082107047268026463e+02
1.324037652557871638e+02 2.228961313736589389e+01 1.106996633356964566e+02
1.305535658330632032e+02 2.177507160775476081e+01 1.131125463314523643e+02
1.287862312132373575e+02 2.124669530838404796e+01 1.154517053864247345e+02
1.270981535404735467e+02 2.070787090060019153e+01 1.177175580044588941e+02
1.254851121305856623e+02 2.016425980907970228e+01 1.199088685111706525e+02
1.239442002333341435e+02 1.961695208302953120e+01 1.220276265726586615e+02
1.224727552239640289e+02 1.906644947686173452e+01 1.240761569482608735e+02
1.210687063605319622e+02 1.851251614351100017e+01 1.260570051332111916e+02
1.197284140289001186e+02 1.795657593487750248e+01 1.279722966865297451e+02
1.184468311456442535e+02 1.740141635158113687e+01 1.298238885089236874e+02
1.172201998694635279e+02 1.684869749435625153e+01 1.316137055180897448e+02
1.160462054936459708e+02 1.629879435780757291e+01 1.333436693238926125e+02
1.149223587679855996e+02 1.575237459656344363e+01 1.350160505212312501e+02
1.138455555724266048e+02 1.521080038914735155e+01 1.366333422804061399e+02
1.128134461219317046e+02 1.467473667905879431e+01 1.381976714148149483e+02
1.118243549270546850e+02 1.414422638985812597e+01 1.397108358923502749e+02
1.108768177076993879e+02 1.361915349836129607e+01 1.411745068764153928e+02
1.099694127273716191e+02 1.309941038239879063e+01 1.425903038934996516e+02
1.091007645651375952e+02 1.258489249958137712e+01 1.439597941140663693e+02
1.082695440930091024e+02 1.207549838572781731e+01 1.452844923781844955e+02
1.074744662277145011e+02 1.157112964715476799e+01 1.465658636302425180e+02
1.067127617276178029e+02 1.107266155213545389e+01 1.478062487410093411e+02
1.059816042108789844e+02 1.058105532092211121e+01 1.490079877612493817e+02
1.052798055121478455e+02 1.009626796202878118e+01 1.501724020830859558e+02
1.046070834000962719e+02 9.618149839529145595e+00 1.512999274751147993e+02
1.039579148440170684e+02 9.146265867042759012e+00 1.523967654719206450e+02
1.033251205498681031e+02 8.680098280033677227e+00 1.534709301313841934e+02
1.027066475633540392e+02 8.219252331764403507e+00 1.545249711486791568e+02
1.021016265715882554e+02 7.763240486118299089e+00 1.555603024546792028e+02
1.015011557248900260e+02 7.308628199008501802e+00 1.565895392368534260e+02
1.009012530373623946e+02 6.853878668983406364e+00 1.576183244789553726e+02
1.003019405137212630e+02 6.399001168120630467e+00 1.586466263032373263e+02
9.970321833070944706e+01 5.943996525415338184e+00 1.596744437819221787e+02
9.910508666395453758e+01 5.488865569021688096e+00 1.607017759891237461e+02
9.850754568797265165e+01 5.033609126252086341e+00 1.617286220008438136e+02
9.791059557616836173e+01 4.578228023577199934e+00 1.627549808949721353e+02
9.731423650083469568e+01 4.122723086625945221e+00 1.637808517512865194e+02
9.671846863315323617e+01 3.667095140185498536e+00 1.648062336514527431e+02
9.612329214319392179e+01 3.211345008201286877e+00 1.658311256790244101e+02
9.552870719991531701e+01 2.755473513776993677e+00 1.668555269194432640e+02
9.493471397116429955e+01 2.299481479174533938e+00 1.678794364600390736e+02
9.434131262367773729e+01 1.843369725814231641e+00 1.689028533900279001e+02
9.374850332308687939e+01 1.387139074273631145e+00 1.699257768005088565e+02
9.315628623391867791e+01 9.307903442871615640e-01 1.709482057844628287e+02
9.256466614656731906e+01 4.743230751261969247e-01 1.719701358363380734e+02
9.197366912889761181e+01 1.773095297127944697e-02 1.729915458656128351e+02
9.138305305858327188e+01 -4.389182340463192999e-01 1.740126235312961569e+02
9.079263168193878641e+01 -8.955724869709776881e-01 1.750335133233133718e+02
9.020237050258394618e+01 -1.352222108574516302e+00 1.760542419425712524e+02
8.961227113992430304e+01 -1.808867388899564110e+00 1.770748079862627549e+02
8.902233185278542749e+01 -2.265507679405946995e+00 1.780952126582977826e+02
8.843255275088374390e+01 -2.722142851704624000e+00 1.791154557297832071e+02
8.784293033507067605e+01 -3.178793364196041082e+00 1.801355774285708264e+02
8.725346004089432483e+01 -3.635485637300276185e+00 1.811556296992960995e+02
8.666414173962269274e+01 -4.092220718212987940e+00 1.821756146238940630e+02
8.607497532437253085e+01 -4.548999527902534368e+00 1.831955340362662525e+02
8.548596069600617398e+01 -5.005822941670440507e+00 1.842153896805953650e+02
8.489709776313168277e+01 -5.462691789151412181e+00 1.852351832113452019e+02
8.430838644210274424e+01 -5.919606854313326672e+00 1.862549161932606125e+02
8.371982665701865756e+01 -6.376568875457238939e+00 1.872745901013675223e+02
8.313141833972443351e+01 -6.833578545217372735e+00 1.882942063209730463e+02
8.254316142981072346e+01 -7.290636510561132155e+00 1.893137661476652625e+02
8.195505587461377672e+01 -7.747743372789095417e+00 1.903332707873134098e+02
8.136710162921558265e+01 -8.204899687535009534e+00 1.913527213560678888e+02
8.077929865644371432e+01 -8.662105964765803634e+00 1.923721188803600910e+02
8.019164692687139961e+01 -9.119362668781572978e+00 1.933914642969024555e+02
7.960414641881756381e+01 -9.576670218215600272e+00 1.944107584526886683e+02
7.901679711834674436e+01 -1.003402898603432725e+01 1.954300021049934060e+02
7.842959901926914768e+01 -1.049143929953738130e+01 1.964491959213724215e+02
7.784255212314062078e+01 -1.094890144035756130e+01 1.974683404796627144e+02
7.725565643926266546e+01 -1.140641564446083756e+01 1.984874362679821047e+02
7.666891198468243829e+01 -1.186398210214635895e+01 1.995064836847297727e+02
7.608231878419275063e+01 -1.232160095804644939e+01 2.005254830385858611e+02
7.549587687033209704e+01 -1.277927231112660600e+01 2.015444345485115889e+02
7.490958628338455583e+01 -1.323699621468549381e+01 2.025633383437493080e+02
