2.540000000000000000e+02 7.000000000000000000e+00 0.000000000000000000e+00
2.530096072269532783e+02 7.423289065455965563e+00 6.178139155438213681e-01
2.519927142770530111e+02 7.854646615370891816e+00 1.253490689697390303e+00
2.509486679807360758e+02 8.294267886333846818e+00 1.907464114194451943e+00
2.498767991947587177e+02 8.742352883540673858e+00 2.580178589413395507e+00
2.487764224871790759e+02 9.199106474830008651e+00 3.272089333583172444e+00
2.476468360859620930e+02 9.664738406023754891e+00 3.983662416912241877e+00
2.464873213117353998e+02 1.013946347025601469e+01 4.715375138301737934e+00
2.452971416977062233e+02 1.062350177068490531e+01 5.467716609811944295e+00
2.440755429694017096e+02 1.111707872654054086e+01 6.241187770117396560e+00
2.428174620771769128e+02 1.161847171860445371e+01 7.041867744516322247e+00
2.415021602089619819e+02 1.211980016840134766e+01 7.887780763792336280e+00
2.401248090432674474e+02 1.261995973297974061e+01 8.781685515923898677e+00
2.386833230874078424e+02 1.311886209507819423e+01 9.725220430655600268e+00
2.371755630850823309e+02 1.361642184516636256e+01 1.072006909332892377e+01
2.355993184053430980e+02 1.411255065171531342e+01 1.176797132107764199e+01
2.339523063509113285e+02 1.460715723285584744e+01 1.287072370779019437e+01
2.322321691798235008e+02 1.510014723434115069e+01 1.403018197068993089e+01
2.304391554390041392e+02 1.559164907829985225e+01 1.524845837932540071e+01
2.285876956885357174e+02 1.608301206789646542e+01 1.652881763385646252e+01
2.266812299581742423e+02 1.657470389538362809e+01 1.787389405690630184e+01
2.247193729850194757e+02 1.706688443305152703e+01 1.928615173915509118e+01
2.227000955430513613e+02 1.755958702426710261e+01 2.076803803480845190e+01
2.206210395340076502e+02 1.805282445036356620e+01 2.232206993613384327e+01
2.184802633576508128e+02 1.854665067894719499e+01 2.395088710411326360e+01
2.162756257819463315e+02 1.904111208656846088e+01 2.565722157116564617e+01
2.140049053146767903e+02 1.953625701406622994e+01 2.744390706888645681e+01
2.116657993599239092e+02 2.003213578701440056e+01 2.931388009654618898e+01
2.092559196701914743e+02 2.052880082600377776e+01 3.127018568176037050e+01
2.067729158844433357e+02 2.102627857902118080e+01 3.331579863251829465e+01
2.042376714352191129e+02 2.151948936358304110e+01 3.542025631846587430e+01
2.016718305936154820e+02 2.200345147436715720e+01 3.755233730132591319e+01
1.990755293259929033e+02 2.247803464302709386e+01 3.971193756554811216e+01
1.964488065414143705e+02 2.294313039059207426e+01 4.189909439743419739e+01
1.937916976115960779e+02 2.339863143637464660e+01 4.411385187219686088e+01
1.911042400815086069e+02 2.384443061413471909e+01 4.635625263665154705e+01
1.883864736754289879e+02 2.428042087810015204e+01 4.862633790228372277e+01
1.856384402969409280e+02 2.470649530296677199e+01 5.092414744524883474e+01
1.828601840289345262e+02 2.512254708389837887e+01 5.324971960637236634e+01
1.800517511336066150e+02 2.552846953652672823e+01 5.560309129114982341e+01
1.772131900524605044e+02 2.592415609695154899e+01 5.798429796974669159e+01
1.743445514063059818e+02 2.630950032174053632e+01 6.039337367699849324e+01
1.714458879952595964e+02 2.668439588792933748e+01 6.283035101241075182e+01
1.685172547986033749e+02 2.704873659302872468e+01 6.529526114024695005e+01
1.655587089429651257e+02 2.740241636808859838e+01 6.778813380375370912e+01
1.625845896671834794e+02 2.773373782455647074e+01 7.030982693524448734e+01
1.596903566310712108e+02 2.796588406581810560e+01 7.286537293443086583e+01
1.568946986963584607e+02 2.808552985617356512e+01 7.545447713601822670e+01
1.541962152373285448e+02 2.809573016186634931e+01 7.807562582905210036e+01
1.515927530862292656e+02 2.800009889109997019e+01 8.072730196689978754e+01
1.490825586167365202e+02 2.780186706726120605e+01 8.340805696726121710e+01
1.466638370057907537e+02 2.750424875959105719e+01 8.611647900102590825e+01
1.443348176622330072e+02 2.711038697296452682e+01 8.885119751058128656e+01
1.420937541616013391e+02 2.662335497637979032e+01 9.161088220626731982e+01
1.399389241874002323e+02 2.604615736749342503e+01 9.439424226615984992e+01
1.378686294558503960e+02 2.538173110648351027e+01 9.720002556997151544e+01
1.358758095614413151e+02 2.463969863034177976e+01 1.000253234540333835e+02
1.339096085376905592e+02 2.388994987940034775e+01 1.028459575441085860e+02
1.320151601679911550e+02 2.315146354871673395e+01 1.055726843896654543e+02
1.302105281912156443e+02 2.242376375041330050e+01 1.081801940533883624e+02
1.284919066334797151e+02 2.170658331263290108e+01 1.106734135875082075e+02
1.268557900036483801e+02 2.099966382474088888e+01 1.130568686198559476e+02
1.252988045473720575e+02 2.030275537615129622e+01 1.153349156697883160e+02
1.238177065309465235e+02 1.961561644902355539e+01 1.175117443484351156e+02
1.224093830342532101e+02 1.893801396730960818e+01 1.195913763425016327e+02
1.210708141002917984e+02 1.826928157795413910e+01 1.215771767684480409e+02
1.197993898030707385e+02 1.761275814932609052e+01 1.234768355399337310e+02
1.185928201794419152e+02 1.697487957487368249e+01 1.253014970823591909e+02
1.174484934492588621e+02 1.635650336896919654e+01 1.270560682955967025e+02
1.163637908475285201e+02 1.575687262103488351e+01 1.287434968330326797e+02
1.153361977591527676e+02 1.517522541898933142e+01 1.303665720779117976e+02
1.143633044350319494e+02 1.461083153275939495e+01 1.319279672268561967e+02
1.134410188163079312e+02 1.406245389690663394e+01 1.334299505123503877e+02
1.125551771426863041e+02 1.352583228368484747e+01 1.348728387502025612e+02
1.116992141588231107e+02 1.299964198627725942e+01 1.362589814001246680e+02
1.108690641161122983e+02 1.248374294502988491e+01 1.375918056806933407e+02
1.100638236614977217e+02 1.197787436716307852e+01 1.388729546259399115e+02
1.092827375093135345e+02 1.148177916622160843e+01 1.401039621009496159e+02
1.085250745427571530e+02 1.099520727730778624e+01 1.412863172272346901e+02
1.077901259072857556e+02 1.051791602288461824e+01 1.424214640322674938e+02
1.070772045934449181e+02 1.004966997491715830e+01 1.435108022937777434e+02
1.063856424712773787e+02 9.590239975142585749e+00 1.445556935413503652e+02
1.057147902467141449e+02 9.139403120663484259e+00 1.455574611446785696e+02
1.050640174615742239e+02 8.696942763947834720e+00 1.465173903135637374e+02
1.044327126088576563e+02 8.262648550877720766e+00 1.474367278646443253e+02
1.038202828821028447e+02 7.836316337797881282e+00 1.483166827288290506e+02
1.032261523074443517e+02 7.417747574503890995e+00 1.491584297314074092e+02
1.026497616134542881e+02 7.006749261176966392e+00 1.499631098555468043e+02
1.020905680226929633e+02 6.603133879479978319e+00 1.507318306641890615e+02
1.015485708012779611e+02 6.206040038330634445e+00 1.514663915689175724e+02
1.010254358362418827e+02 5.812511001019331935e+00 1.521707702230669383e+02
1.005204088784103362e+02 5.421874478978945255e+00 1.528470120040555571e+02
1.000241109601381027e+02 5.029616276597089097e+00 1.535105695775990000e+02
9.953347976327719948e+01 4.634263411850783498e+00 1.541664951572413997e+02
9.904849397654901111e+01 4.235844649728398359e+00 1.548148223946406574e+02
9.856914130807551544e+01 3.834393183840032915e+00 1.554555700052973179e+02
9.809540931529943464e+01 3.429942132934169940e+00 1.560887568956939901e+02
9.762728540498650887e+01 3.022524540896159184e+00 1.567144021632921636e+02
9.716475683322535417e+01 2.612173376748221809e+00 1.573325250965318958e+02
9.670781070542757618e+01 2.198921534649443732e+00 1.579431451748321820e+02
9.625643397632768483e+01 1.782801833895781618e+00 1.585462820685907275e+02
9.581061348584350412e+01 1.363846994915298261e+00 1.591419555904093102e+02
9.537033591029711488e+01 9.420896721936014018e-01 1.597301857614601488e+02
9.493558772786886379e+01 5.175624778577002649e-01 1.603109928585122930e+02
9.450635528366530025e+01 9.029793817984611837e-02 1.608843973254333832e+02
9.408262478993721345e+01 -3.396715065684973167e-01 1.614504197728930421e+02
9.366438232607960401e+01 -7.723135021166553926e-01 1.620090809783633290e+02
9.325161383863159870e+01 -1.207595780194741453e+00 1.625604018861185409e+02
9.284430514127666356e+01 -1.645486158533657983e+00 1.631044036072351275e+02
9.244244191484240503e+01 -2.085952540865094740e+00 1.636411074195918616e+02
9.204600970730058407e+01 -2.528962916921531079e+00 1.641705347678697819e+02
9.165499393376724413e+01 -2.974485362436232627e+00 1.646927072635521370e+02
9.126937987650264006e+01 -3.422488039143256611e+00 1.652076466849244127e+02
9.088915268491119548e+01 -3.872939194777448080e+00 1.657153749770744469e+02
9.051429737554154542e+01 -4.325807163074436801e+00 1.662159142518921726e+02
9.014479883208655053e+01 -4.781060363770646582e+00 1.667092867880699032e+02
8.978064180606999400e+01 -5.238667302934768344e+00 1.671955150301789388e+02
8.942181096363830761e+01 -5.698596594003171312e+00 1.676746215258416726e+02
8.906829080386651754e+01 -6.160816915441462704e+00 1.681466290358686422e+02
8.872006567397974663e+01 -6.625297022701198024e+00 1.686115605134131386e+02
8.837711980990771110e+01 -7.092005768823169909e+00 1.690694390493311232e+02
8.803943733628490520e+01 -7.560912104437401027e+00 1.695202878721817967e+02
8.770700226645043074e+01 -8.031985077763149405e+00 1.699641303482273145e+02
8.737979850244806812e+01 -8.505193834608906656e+00 1.704009899814329003e+02
