2.540000000000000000e+02 7.000000000000000000e+00 0.000000000000000000e+00
2.528810957713263292e+02 7.497133280737495298e+00 7.257312961055215617e-01
2.517313398929604773e+02 8.003253338123096583e+00 1.472142895765519821e+00
2.505499995682936287e+02 8.518566864267844707e+00 2.239717451011117522e+00
2.493363248521103230e+02 9.043285373779136549e+00 3.028948902978925606e+00
2.480895470504490277e+02 9.577624850327678629e+00 3.840342387724705375e+00
2.468072341231996347e+02 1.012132313315217935e+01 4.674165760646665113e+00
2.454711122607102141e+02 1.066782455717884837e+01 5.543562370999915778e+00
2.440698570600783626e+02 1.121270928039714931e+01 6.462969258485523838e+00
2.426013396407039124e+02 1.175584847614389439e+01 7.434076382414305684e+00
2.410633927121657507e+02 1.229712340856143094e+01 8.458579459021635216e+00
2.394537810008065719e+02 1.283641144688839653e+01 9.538227486060867122e+00
2.377701995910038022e+02 1.337358597007063565e+01 1.067482404302030474e+01
2.360102693217956755e+02 1.390851599504479630e+01 1.187022946956652625e+01
2.341715457606645998e+02 1.444106741176435804e+01 1.312636343859628063e+01
2.322575689876246372e+02 1.497186091109552564e+01 1.444583399758043818e+01
2.302852920725600256e+02 1.550325093696534928e+01 1.583284025191189137e+01
2.282541813034031293e+02 1.603546424584122931e+01 1.729000304576351965e+01
2.261622083144866053e+02 1.656855364199869030e+01 1.881989356694769810e+01
2.240072698273797300e+02 1.710257406773216360e+01 2.042517667625103073e+01
2.217871855343561549e+02 1.763758290154938280e+01 2.210861558358908141e+01
2.194996917548753004e+02 1.817363994873614530e+01 2.387307809030602357e+01
2.171424412289397310e+02 1.871080748021987006e+01 2.572153714508253941e+01
2.147129996784761090e+02 1.924915033322140800e+01 2.765707516803931298e+01
2.122088417504449183e+02 1.978873603004923254e+01 2.968288915214996493e+01
2.096273479607166905e+02 2.032963486756700888e+01 3.180229450631032506e+01
2.069777985696223936e+02 2.086926195901319048e+01 3.400168348077177427e+01
2.042941026978539583e+02 2.139977359225956377e+01 3.623270329783087362e+01
2.015784907501062264e+02 2.192056607263663537e+01 3.849228361200112403e+01
1.988310197835461395e+02 2.243152423133353679e+01 4.078045166772763253e+01
1.960517494230061857e+02 2.293253305408389409e+01 4.309723296318365726e+01
1.932407418674068822e+02 2.342347768956060250e+01 4.544265124210178897e+01
1.903980618897568888e+02 2.390424344937581935e+01 4.781672849377399359e+01
1.875237768371527523e+02 2.437471580808096761e+01 5.021948495305159810e+01
1.846179566293931202e+02 2.483478040462730263e+01 5.265093910059314908e+01
1.816806737594457388e+02 2.528432305717606354e+01 5.511110765569712555e+01
1.787120033144794036e+02 2.572322978093828283e+01 5.760000555401971667e+01
1.757120229770319781e+02 2.615138679577956538e+01 6.011764594327523525e+01
1.726808130254644880e+02 2.656868052978489914e+01 6.266404018128415032e+01
1.696184563370795217e+02 2.697499762659230171e+01 6.523919783049882426e+01
1.665250383962642218e+02 2.737022496190224174e+01 6.784312664493184286e+01
1.634300717362138471e+02 2.773038151053338751e+01 7.047748311687045941e+01
1.604330041977577253e+02 2.797575019534629348e+01 7.314711165667476678e+01
1.575401598770085627e+02 2.810325062280155350e+01 7.585082230437777184e+01
1.547495174510985123e+02 2.811655531752353454e+01 7.858697197149918168e+01
1.520590826605976531e+02 2.801925750361117551e+01 8.135396403689200895e+01
1.494668883114513847e+02 2.781487118133776448e+01 8.415024828446917127e+01
1.469709942337759117e+02 2.750683113987202688e+01 8.697432091873002946e+01
1.445694869733581811e+02 2.709849411056530499e+01 8.982472383861609444e+01
1.422604799235052155e+02 2.659314112618478987e+01 9.270004267704193524e+01
1.400421132298902478e+02 2.599397832168355649e+01 9.559890622258807014e+01
1.379127837729284920e+02 2.530385270514191376e+01 9.852005445278416573e+01
1.358319908704089585e+02 2.457376885053153615e+01 1.014506593753088595e+02
1.337602438658523738e+02 2.385462179904240898e+01 1.043762840664262939e+02
1.317583096400281306e+02 2.314626342881800269e+01 1.072119121346706407e+02
1.298509375399075623e+02 2.244824476802710223e+01 1.099228292601318344e+02
1.280343556114616206e+02 2.176030527549219684e+01 1.125138720571164441e+02
1.263048224786647324e+02 2.108219466909498152e+01 1.149898518545874850e+02
1.246587431680136859e+02 2.041367124745510253e+01 1.173553926810925816e+02
1.230926610657639202e+02 1.975450143224468391e+01 1.196149415433149983e+02
1.216032582825880581e+02 1.910445978879354101e+01 1.217727679601615733e+02
1.201873541778763581e+02 1.846332894086623355e+01 1.238329658496869428e+02
1.188419657681621402e+02 1.783206772351659453e+01 1.258007707610228465e+02
1.175647101859262023e+02 1.721976870639301183e+01 1.276904531549893278e+02
1.163527901783858596e+02 1.662739668435663631e+01 1.295072549908843769e+02
1.152034176109834931e+02 1.605414252452275647e+01 1.312542785885755450e+02
1.141139217802138859e+02 1.549921200657264819e+01 1.329344732367228232e+02
1.130817442184498276e+02 1.496184421105882656e+01 1.345506643947109922e+02
1.121015410575358970e+02 1.444036580199532338e+01 1.361048735914798158e+02
1.111564544150817397e+02 1.393094328188470676e+01 1.375990857596664796e+02
1.102385365742815679e+02 1.343238535269220968e+01 1.390362892245385638e+02
1.093475424914291949e+02 1.294453726024170059e+01 1.404182062789895156e+02
1.084825364911230707e+02 1.246709173321374209e+01 1.417465153146702335e+02
1.076427293131016114e+02 1.199976900831738114e+01 1.430228287171974557e+02
1.068273561815831556e+02 1.154229782185222852e+01 1.442487090391598485e+02
1.060356760075955691e+02 1.109441513357006137e+01 1.454256706226653932e+02
1.052669683720722276e+02 1.065586508239020169e+01 1.465551857358678660e+02
1.045205334959160410e+02 1.022639897603719383e+01 1.476386846338597820e+02
1.037956922399993687e+02 9.805775291040799146e+00 1.486775555586719975e+02
1.030917857504952906e+02 9.393759549918136997e+00 1.496731454607569844e+02
1.024081759924927013e+02 8.990124505822381096e+00 1.506267589136634797e+02
1.017442443674823664e+02 8.594649664045189041e+00 1.515396609260744469e+02
1.010993895327867733e+02 8.207120527130239651e+00 1.524130813773158764e+02
1.004730273711507778e+02 7.827328584344959594e+00 1.532482150792143045e+02
9.986459099074154722e+01 7.455071311680516288e+00 1.540462217760971271e+02
9.927353088714360752e+01 7.090152227894505721e+00 1.548082258153275461e+02
9.869958236575165245e+01 6.732115041392773946e+00 1.555355547936147786e+02
9.813829170381842459e+01 6.375284872510917467e+00 1.562417457589678520e+02
9.758311182974254905e+01 6.015429563681228053e+00 1.569394017190687407e+02
9.703362285237996332e+01 5.652418538531703618e+00 1.576291486084132316e+02
9.648981516471913267e+01 5.286283754653248401e+00 1.583110043709640706e+02
9.595167891045571196e+01 4.917057169055643939e+00 1.589849872742611865e+02
9.541920406209423788e+01 4.544770680333326318e+00 1.596511157981338727e+02
9.489238043273763878e+01 4.169456119854567433e+00 1.603094086178880957e+02
9.437119767608729148e+01 3.791145251761479429e+00 1.609598846043065805e+02
9.385564528644299287e+01 3.409869772970012480e+00 1.616025628236487250e+02
9.334571259870298832e+01 3.025661313169955680e+00 1.622374625376508561e+02
9.284138878836391484e+01 2.638551434824938369e+00 1.628646032035257747e+02
9.234266287152084374e+01 2.248571633172425255e+00 1.634840044739632390e+02
9.184952370486730899e+01 1.855753336223724625e+00 1.640956861971296235e+02
9.136195998569525045e+01 1.460127904763980577e+00 1.646996684166681177e+02
9.087996025189501381e+01 1.061726632352175459e+00 1.652959713716986130e+02
9.040351288195543589e+01 6.605807453211330893e-01 1.658846154968177018e+02
8.993260609496368829e+01 2.567214027775134300e-01 1.664656214220987636e+02
8.946722795060547639e+01 -1.498203033981818921e-01 1.670390099730919076e+02
8.900736636509435584e+01 -5.590133570200802593e-01 1.676048021486945174e+02
8.855300913281081421e+01 -9.708268257650316535e-01 1.681630190916608001e+02
8.810414382759815055e+01 -1.385229808631378567e+00 1.687136822257328959e+02
8.766075787765855409e+01 -1.802191480465719975e+00 1.692568131507904354e+02
8.722283857362138804e+01 -2.221681096480257356e+00 1.697924336316027905e+02
8.679037306854338851e+01 -2.643667992252795695e+00 1.703205655978291020e+02
8.636334837790846564e+01 -3.068121583726743040e+00 1.708412311440182521e+02
8.594175137962777455e+01 -3.495011367211111164e+00 1.713544525296090626e+02
8.552556881403975808e+01 -3.924306919380514902e+00 1.718602521789299828e+02
8.511478728391010407e+01 -4.355977897275172595e+00 1.723586526811992883e+02
8.470939325443171697e+01 -4.789994038300904755e+00 1.728496767905250522e+02
8.430937305322480313e+01 -5.226325160229135847e+00 1.733333474259050604e+02
8.391471287033679971e+01 -5.664941161196892949e+00 1.738096876712270671e+02
8.352539875824236049e+01 -6.105812019706808869e+00 1.742787207752684253e+02
8.314141663184342690e+01 -6.548907794627114143e+00 1.747404701516962291e+02
8.276275226846919963e+01 -6.994198625191650365e+00 1.751949593790674840e+02
8.238939131871674704e+01 -7.441654736254224467e+00 1.756422121858571472e+02
8.202131935291806997e+01 -7.891246458168961198e+00 1.760822523867259122e+02
8.165852172891383987e+01 -8.342944161266359515e+00 1.765151040654000667e+02
