2.540000000000000000e+02 7.000000000000000000e+00 0.000000000000000000e+00
2.529076231801766426e+02 7.468278227713556205e+00 6.861620128875852709e-01
2.517862432635544394e+02 7.944945164574782837e+00 1.391960686682260917e+00
2.506351715434605296e+02 8.430196490981433755e+00 2.117857393626665807e+00
2.494521002101995464e+02 8.923769104585296930e+00 2.864048501409004910e+00
2.482287289896989648e+02 9.423635479807659365e+00 3.629657941111956276e+00
2.469632552305218383e+02 9.929594824277753418e+00 4.414860571973923342e+00
2.456548889466112371e+02 1.044174089701891006e+01 5.220009001506989321e+00
2.442981511704442426e+02 1.095792209919171434e+01 6.052992833846969845e+00
2.428803792829746158e+02 1.147271530495976144e+01 6.932939286426496039e+00
2.413990161928897180e+02 1.198574021208335694e+01 7.862353697917142448e+00
2.398520079939492007e+02 1.249688935386454247e+01 8.842872076648285784e+00
2.382372378495350915e+02 1.300605251637433390e+01 9.876179440083102890e+00
2.365525201866804537e+02 1.351311581389664696e+01 1.096401560749079351e+01
2.347953143328678038e+02 1.401792335714282345e+01 1.210814480112712133e+01
2.329648479562765999e+02 1.452055959682127195e+01 1.331058213392523371e+01
2.310736858953629849e+02 1.502292677516121877e+01 1.457493396195438251e+01
2.291278158753203229e+02 1.552610890254759646e+01 1.590431795935824333e+01
2.271260278071409857e+02 1.603025623988084547e+01 1.730121177658815412e+01
2.250663538442266258e+02 1.653542993645480053e+01 1.876810953781081537e+01
2.229467678671305748e+02 1.704169605686223932e+01 2.030760164799009360e+01
2.207651685824825734e+02 1.754912333646085898e+01 2.192237382987181959e+01
2.185193755284512633e+02 1.805778332216466708e+01 2.361521218718068127e+01
2.162071241615260817e+02 1.856775054562251626e+01 2.538900943222992979e+01
2.138260654399613259e+02 1.907910253789601285e+01 2.724676541394202900e+01
2.113737621821587140e+02 1.959191995778612849e+01 2.919159173386002948e+01
2.088476849440003775e+02 2.010628673714309400e+01 3.122671697173900540e+01
2.062476585368892188e+02 2.062174111195027848e+01 3.335198024119167570e+01
2.036070961929429188e+02 2.113041044223222897e+01 3.551924142836725196e+01
2.009361870261934655e+02 2.162988970709897529e+01 3.771397202599113996e+01
1.982350016217546624e+02 2.212006993577476166e+01 3.993617975714354884e+01
1.955035950541817726e+02 2.260084631703508862e+01 4.218589636144674415e+01
1.927420246227036102e+02 2.307211417898393435e+01 4.446315211057556382e+01
1.899503498512221711e+02 2.353376898905372272e+01 4.676797580825731870e+01
1.871286324882370593e+02 2.398570635408984231e+01 4.910039479027857112e+01
1.842769365049234978e+02 2.442782202572405126e+01 5.146043492302381850e+01
1.813953281042041397e+02 2.486001191452026760e+01 5.384812059044556776e+01
1.784838757272910925e+02 2.528217210047972685e+01 5.626347468451495359e+01
1.755426500534540253e+02 2.569419883589574027e+01 5.870651860393173394e+01
1.725717240017448262e+02 2.609598855098962744e+01 6.117727225016454895e+01
1.695711727357887639e+02 2.648743786545190559e+01 6.367575401851323846e+01
1.665410736652101207e+02 2.686844359310514818e+01 6.620198079483361653e+01
1.634815064478533486e+02 2.723890274937606293e+01 6.875596795032613784e+01
1.604330109821278256e+02 2.756572140175508778e+01 7.133963952640786488e+01
1.574851050293119670e+02 2.777700486037993954e+01 7.395639642412753290e+01
1.546406258449251254e+02 2.787251185299504996e+01 7.660483574665765616e+01
1.518980524937028633e+02 2.785552943118685576e+01 7.928336965690155580e+01
1.492549626470769226e+02 2.773003138012951041e+01 8.199040529871849969e+01
1.467093345677799050e+02 2.749959207265548500e+01 8.472442418370997075e+01
1.442591798054801018e+02 2.716770028578896401e+01 8.748395428742429658e+01
1.419025209493363491e+02 2.673777888603899555e+01 9.026756776200252830e+01
1.396374107579454744e+02 2.621316882690458883e+01 9.307388213163280000e+01
1.374619319324232833e+02 2.559713025932538955e+01 9.590155956842521334e+01
1.353734333451347993e+02 2.489378921768472708e+01 9.874908831701321787e+01
1.333227532244824829e+02 2.416449584563794417e+01 1.016020172316524821e+02
1.312949990745274533e+02 2.344657345422525196e+01 1.044302475591307910e+02
1.293546576947073561e+02 2.273949510262269769e+01 1.071436397526841660e+02
1.275067144332254259e+02 2.204294683228233609e+01 1.097348300759435489e+02
1.257473173922140290e+02 2.135666471530059241e+01 1.122087842797578361e+02
1.240727714337487981e+02 2.068039418214922875e+01 1.145702670773079461e+02
1.224795241294479098e+02 2.001388920838181917e+01 1.168238601443044473e+02
1.209641658113851292e+02 1.935691231751937380e+01 1.189739620538111922e+02
1.195234294909088817e+02 1.870923457507117504e+01 1.210247883812231038e+02
1.181541889301295782e+02 1.807077654059073524e+01 1.229805445299056146e+02
1.168538694700509382e+02 1.744796370319831880e+01 1.248525988511164826e+02
1.156198776069343381e+02 1.684561914307243313e+01 1.266505713655710679e+02
1.144493607224855793e+02 1.626303915863742588e+01 1.283777991282395874e+02
1.133395779124336684e+02 1.569937683210354429e+01 1.300372781418584793e+02
1.122876335154449521e+02 1.515381299375507851e+01 1.316319414167963942e+02
1.112925285651432006e+02 1.462574701223964801e+01 1.331643184343217001e+02
1.103461708064940865e+02 1.411380880459098819e+01 1.346379010984643969e+02
1.094338048600466919e+02 1.361505098004196057e+01 1.360551901454763026e+02
1.085486572887316470e+02 1.312748598989784377e+01 1.374170917087337784e+02
1.076896661119813388e+02 1.265074144283403790e+01 1.387252618560190456e+02
1.068561220888972656e+02 1.218454699165907584e+01 1.399813720051152188e+02
1.060472171845636780e+02 1.172860580092372018e+01 1.411870226853587269e+02
1.052621838398295608e+02 1.128263443962016233e+01 1.423437699781517836e+02
1.045002801057383834e+02 1.084635874003557809e+01 1.434531182492438859e+02
1.037607859560845185e+02 1.041951246758588390e+01 1.445165275904241469e+02
1.030430021810916656e+02 1.000183692173919070e+01 1.455354160521999347e+02
1.023462503874127805e+02 9.593080936015814686e+00 1.465111596437967876e+02
1.016698730348857111e+02 9.193000891240830086e+00 1.474450922589906554e+02
1.010132336070502816e+02 8.801360776949163522e+00 1.483385053321215139e+02
1.003757146672881220e+02 8.417931490208355072e+00 1.491926517609955454e+02
9.975671731621650906e+01 8.042490639875808256e+00 1.500087470019398665e+02
9.915566095527645984e+01 7.674822461280852437e+00 1.507879695469534909e+02
9.857198259729933909e+01 7.314717567493706163e+00 1.515314623151149362e+02
9.800566140792760450e+01 6.961296103453398665e+00 1.522410315755419390e+02
9.745431592119265929e+01 6.609613970985864562e+00 1.529271211896618468e+02
9.690879401974112284e+01 6.254996896162944964e+00 1.536050689055938676e+02
9.636893511259340528e+01 5.897404229268149223e+00 1.542751369676500133e+02
9.583472744264638266e+01 5.536867744055859575e+00 1.549373463514343712e+02
9.530615909811963604e+01 5.173419140041552566e+00 1.555917182203961886e+02
9.478321801738525210e+01 4.807090039518660873e+00 1.562382739190163647e+02
9.426589198896778043e+01 4.437911987558581295e+00 1.568770349728078202e+02
9.375416865154429047e+01 4.065916452010659654e+00 1.575080230883153547e+02
9.324803549394430036e+01 3.691134823502201900e+00 1.581312601531154769e+02
9.274747985514980542e+01 3.313598415438474998e+00 1.587467682358166883e+02
9.225248894766546925e+01 2.933338450009891130e+00 1.593545695531688295e+02
9.176304986664966634e+01 2.550386052893119260e+00 1.599546864572510003e+02
9.127914947319798955e+01 2.164772323658815889e+00 1.605471415998074463e+02
9.080077449049589688e+01 1.776528278361457325e+00 1.611319577969690329e+02
9.032791151101316984e+01 1.385684845232779683e+00 1.617091580191274716e+02
8.986054699650391342e+01 9.922728646817778886e-01 1.622787653909352059e+02
8.939866727800652768e+01 5.963230892947058992e-01 1.628408031913055822e+02
8.894225855584375040e+01 1.978661838350762869e-01 1.633952948534125369e+02
8.849130689962264285e+01 -2.030672747563386504e-01 1.639422639646909374e+02
8.804579824823458978e+01 -6.064467973615085272e-01 1.644817342668362983e+02
8.760571840985528524e+01 -1.012241982685141872e+00 1.650137296558050366e+02
8.717105306194474679e+01 -1.420422517254691819e+00 1.655382741818142165e+02
8.674178775124731544e+01 -1.830958175420347667e+00 1.660553920493418332e+02
8.631790789379166995e+01 -2.243818819355044791e+00 1.665651076171264435e+02
8.589939877489076991e+01 -2.658974399054455429e+00 1.670674453981676209e+02
8.548624554914191265e+01 -3.076394952336993338e+00 1.675624300597255285e+02
8.507843324042670474e+01 -3.496050604843817133e+00 1.680500864233212042e+02
8.467594676984519708e+01 -3.917911580746334277e+00 1.685304394265009478e+02
8.427877095022999754e+01 -4.341948196076637956e+00 1.690035141311631151e+02
8.388689040092094729e+01 -4.768130827627910406e+00 1.694693358399289309e+02
8.350028963012778149e+01 -5.196429949301244022e+00 1.699279299825545593e+02
8.311895303808509539e+01 -5.626816133408041765e+00 1.703793221115964514e+02
8.274286491705187530e+01 -6.059260050670020270e+00 1.708235379024113740e+02
8.237200945131192498e+01 -6.493732470219202746e+00 1.712606031531559836e+02
8.200637071717362403e+01 -6.930204259597926075e+00 1.716905437847874225e+02
8.164593268297001316e+01 -7.368646384758836376e+00 1.721133858410629216e+02
