2.540000000000000000e+02 7.000000000000000000e+00 0.000000000000000000e+00
2.529546680353448949e+02 7.445716024446338288e+00 6.437827242617437662e-01
2.518820666302561335e+02 7.899123655624687323e+00 1.306268351780900838e+00
2.507815460372478356e+02 8.360400792935168468e+00 1.987894794526071207e+00
2.496524412379674231e+02 8.829729506288783725e+00 2.689110255306248476e+00
2.484940717561341614e+02 9.307296087185440214e+00 3.410373353821162912e+00
2.473057413375749434e+02 9.793291136080135573e+00 4.152153342264333524e+00
2.460867374956173421e+02 1.028790968651586013e+01 4.914930411658079201e+00
2.448363311665133324e+02 1.079135129921097480e+01 5.699195924042959049e+00
2.435522985771978028e+02 1.130340354534444103e+01 6.505206329737273308e+00
2.422163312255920573e+02 1.181740348333939394e+01 7.346840023108262230e+00
2.408179166191715694e+02 1.232926476062032073e+01 8.237072512724560980e+00
2.393550355511492000e+02 1.283886156185758232e+01 9.177513228076074725e+00
2.378256043455637325e+02 1.334606433287024885e+01 1.016982231492604605e+01
2.362274731828782990e+02 1.385073928050730174e+01 1.121571271818699067e+01
2.345584245701840018e+02 1.435274827442793111e+01 1.231695140323962967e+01
2.328163637992309702e+02 1.485197655732554445e+01 1.347537975611131245e+01
2.310124547950750298e+02 1.535031658384412800e+01 1.469437812119548781e+01
2.291542865768768706e+02 1.584919382792081954e+01 1.597717788357480195e+01
2.272404920056597462e+02 1.634872667838642712e+01 1.732619436635605936e+01
2.252691377043003911e+02 1.684896184722988011e+01 1.874388006493165193e+01
2.232382186417833339e+02 1.734994803440987354e+01 2.023277779590428693e+01
2.211456543207187053e+02 1.785173601556675038e+01 2.179552536983727862e+01
2.189892842497247329e+02 1.835437876552929382e+01 2.343486128760231679e+01
2.167668669753325048e+02 1.885793148471455183e+01 2.515362595840668192e+01
2.144760779160967843e+02 1.936245165817643965e+01 2.695476442491039393e+01
2.121145054155951470e+02 1.986799916326147297e+01 2.884133132913442665e+01
2.096796446494981296e+02 2.037463643578480443e+01 3.081649857830552719e+01
2.071687223574048744e+02 2.088246499332219486e+01 3.288380298803745205e+01
2.046015794796746547e+02 2.138682819428451154e+01 3.501478255375437953e+01
2.020031889487322019e+02 2.188223920366980479e+01 3.717402395957345362e+01
1.993742691815031662e+02 2.236844890225493998e+01 3.936060763012297770e+01
1.967148693764425218e+02 2.284535125717144766e+01 4.157456507678140412e+01
1.940250410251152289e+02 2.331284034659201509e+01 4.381592629276025264e+01
1.913048379513948873e+02 2.377081040609715856e+01 4.608471970505552662e+01
1.885543163114634240e+02 2.421915582867521266e+01 4.838097217444775566e+01
1.857735345938113483e+02 2.465777116472231612e+01 5.070470899550193877e+01
1.829625536192377240e+02 2.508655112204245086e+01 5.305595389656760119e+01
1.801214365408499702e+02 2.550539056584739939e+01 5.543472903977871624e+01
1.772502488440641457e+02 2.591418451875677675e+01 5.784105502105377639e+01
1.743490583466048349e+02 2.631282816079801279e+01 6.027495087009577901e+01
1.714179351881061280e+02 2.670121683166590998e+01 6.273643405612737922e+01
1.684569518192782311e+02 2.707924606276946022e+01 6.522552047957087495e+01
1.654661830676487853e+02 2.744681159270833959e+01 6.774222442145834577e+01
1.624708679074035445e+02 2.778313839835877630e+01 7.028750494512627256e+01
1.595710572014334900e+02 2.800698151557826421e+01 7.286441844067357465e+01
1.567746555271505713e+02 2.811398229152661088e+01 7.547169823083319784e+01
1.540794546488020274e+02 2.810807737153960062e+01 7.810770857163844028e+01
1.514832825339651947e+02 2.799310752617565967e+01 8.077086508396216402e+01
1.489840030859287197e+02 2.777281894603622092e+01 8.345963392466767061e+01
1.465795162839536374e+02 2.745086205669944590e+01 8.617253261008276866e+01
1.442677572405529247e+02 2.703079711713884947e+01 8.890812629944366563e+01
1.420466958376651689e+02 2.651609632544188955e+01 9.166502640272334190e+01
1.399143367235323865e+02 2.591014380931271432e+01 9.444189058986306406e+01
1.378687190589570264e+02 2.521623617828593922e+01 9.723742252384015217e+01
1.358951753793342334e+02 2.445335758020184258e+01 1.000469993582257899e+02
1.339362520339306570e+02 2.369319361534715185e+01 1.028548171916805103e+02
1.320310085647976450e+02 2.294443630984229898e+01 1.055953366609899859e+02
1.302184216390727443e+02 2.220680496094479395e+01 1.082145880836174001e+02
1.284978811311919458e+02 2.148001783290783351e+01 1.107129994899766530e+02
1.268645493897640364e+02 2.076380500505781868e+01 1.130968182170291527e+02
1.253147981194183558e+02 2.005790699270417932e+01 1.153706535465423144e+02
1.238450233640255789e+02 1.936207310649854918e+01 1.175390966455624522e+02
1.224517704091765609e+02 1.867606147681657802e+01 1.196065497998267233e+02
1.211317295317247869e+02 1.799963881045819036e+01 1.215772317847591637e+02
1.198818458796438762e+02 1.733437946132760388e+01 1.234572072538888960e+02
1.186996157702644155e+02 1.668839126521808680e+01 1.252598163283678190e+02
1.175821893207129563e+02 1.606285927091729349e+01 1.269906376043134202e+02
1.165267014855991050e+02 1.545687050853253375e+01 1.286527454135786854e+02
1.155304166102704500e+02 1.486958488895595032e+01 1.302491098937405525e+02
1.145906935029785672e+02 1.430020378183681018e+01 1.317825795892066765e+02
1.136981598078557028e+02 1.374597703247408553e+01 1.332544902415199601e+02
1.128375602448190591e+02 1.320412301223329266e+01 1.346675589998537532e+02
1.120041804399167518e+02 1.267397024114743687e+01 1.360243699152437671e+02
1.111979443951647113e+02 1.215530157077940920e+01 1.373266170545850002e+02
1.104178165974365129e+02 1.164777480356950790e+01 1.385760621918799984e+02
1.096629461140572346e+02 1.115107660475336893e+01 1.397743868221328398e+02
1.089325089891340355e+02 1.066490332542027275e+01 1.409232194344361631e+02
1.082257091930233344e+02 1.018896134209946247e+01 1.420241336481705900e+02
1.075417744553673884e+02 9.722965566201033027e+00 1.430786563930336683e+02
1.068799559562781667e+02 9.266639333550656943e+00 1.440882685152659519e+02
1.062395283263374921e+02 8.819714404389593199e+00 1.450544047776506886e+02
1.056197892635180580e+02 8.381930826264230916e+00 1.459784546116345609e+02
1.050200601209000268e+02 7.953037144178592754e+00 1.468617609637128965e+02
1.044396839630513512e+02 7.532789705396130131e+00 1.477056241108115842e+02
1.038780234146905741e+02 7.120951889764401521e+00 1.485113058836806772e+02
1.033344606437339621e+02 6.717294103649187775e+00 1.492800297001770957e+02
1.028083973680615060e+02 6.321593782353871482e+00 1.500129805519828778e+02
1.022992622850884175e+02 5.933650681430898466e+00 1.507112741503626125e+02
1.018052296372420358e+02 5.550839935289721083e+00 1.513809429121869528e+02
1.013185445831430371e+02 5.165837390022965714e+00 1.520403221730031476e+02
1.008377419044687997e+02 4.777941531397123853e+00 1.526918143766790479e+02
1.003628032814697946e+02 4.387186547807210069e+00 1.533354454103843238e+02
9.989371025152406958e+01 3.993606530552308964e+00 1.539712413449022961e+02
9.943044424421759686e+01 3.597235457264149616e+00 1.545992283875250166e+02
9.897298658177332698e+01 3.198107191702812546e+00 1.552194328814764788e+02
9.852131847905116047e+01 2.796255483756726168e+00 1.558318813059126171e+02
9.807542104354811840e+01 2.391713969442667231e+00 1.564366002759213927e+02
9.763527527539815765e+01 1.984516170905761934e+00 1.570336165425227364e+02
9.720086206737224188e+01 1.574695496419484364e+00 1.576229569926685770e+02
9.677216220487839848e+01 1.162285240385658502e+00 1.582046486492427846e+02
9.634915636596163324e+01 7.473185833344559992e-01 1.587787186710612275e+02
9.593182512267713946e+01 3.298285913534137470e-01 1.593451943510312105e+02
9.552014900220709137e+01 -9.015180885599374805e-02 1.599041030342813201e+02
9.511410836753593401e+01 -5.125897792051639090e-01 1.604554722781101361e+02
9.471368344572191234e+01 -9.374525828044112385e-01 1.609993298140624631e+02
9.431885437812466932e+01 -1.364707605069967800e+00 1.615357034806139893e+02
9.392960122040514648e+01 -1.794322353723979857e+00 1.620646212231713719e+02
9.354590394252558383e+01 -2.226264458794511736e+00 1.625861110940720664e+02
9.316774242874956258e+01 -2.660501672615541047e+00 1.631002012525845259e+02
9.279509647764199087e+01 -3.097001869826964349e+00 1.636069199649078314e+02
9.242794580206908961e+01 -3.535733047374591376e+00 1.641062956041721463e+02
9.206627002919836400e+01 -3.976663324510148811e+00 1.645983566504384044e+02
9.171004870049870306e+01 -4.419760942791278957e+00 1.650831316906985080e+02
9.135926127174023748e+01 -4.864994266081543728e+00 1.655606494188750446e+02
9.101388711299449596e+01 -5.312331780550413995e+00 1.660309386358217125e+02
9.067390550863427734e+01 -5.761742094673282466e+00 1.664940282493228949e+02
9.033929565733372158e+01 -6.213193939231454799e+00 1.669499472740939154e+02
9.001003667206825298e+01 -6.666656167312153158e+00 1.673987248317809815e+02
8.968610758778802960e+01 -7.122097756412881786e+00 1.678403901407335468e+02
8.936748742706200233e+01 -7.579487823834718974e+00 1.682749724286372555e+02
8.905415504054951725e+01 -8.038795580466135959e+00 1.687025011452738852e+02
8.874608918436575777e+01 -8.499990357255216011e+00 1.691230058591366401e+02
8.844326855301298451e+01 -8.963041614899587728e+00 1.695365162135041146e+02
