2.540000000000000000e+02 7.000000000000000000e+00 0.000000000000000000e+00
2.521981323741666756e+02 7.848514999989586016e+00 9.961950637250038820e-01
2.503841991915032281e+02 8.693600010309840087e+00 2.008092500654102164e+00
2.485576716140915039e+02 9.534710887477373831e+00 3.036738830624325036e+00
2.467185404705843439e+02 1.037179981036700660e+01 4.082194840079171883e+00
2.448667969990402469e+02 1.120481892479406483e+01 5.144520960289172606e+00
2.430024328469235968e+02 1.203372034351439090e+01 6.223777267351882969e+00
2.411254400711044923e+02 1.285845614622434319e+01 7.320023482191888142e+00
2.392358111359344264e+02 1.367897837776613557e+01 8.433318974168068749e+00
2.373335387675262780e+02 1.449523891127162045e+01 9.563723035004802142e+00
2.354186159528998417e+02 1.530718944355076694e+01 1.071129488385779105e+01
2.334910741686101687e+02 1.611486910938320705e+01 1.187596315964983518e+01
2.315495096446826153e+02 1.691649800542937498e+01 1.306106488838273272e+01
2.295903814228664714e+02 1.770634867391312994e+01 1.427627260198746662e+01
2.276096799543449265e+02 1.847815581827045506e+01 1.553158977562912568e+01
2.256039637740834394e+02 1.922630004657506575e+01 1.683566343104310192e+01
2.235731788231558426e+02 1.995039737372325561e+01 1.818893179334914834e+01
2.215173410734408037e+02 2.065018018150160017e+01 1.959165600334899793e+01
2.194364690145857821e+02 2.132538111190711660e+01 2.104409449444574065e+01
2.173305838011366973e+02 2.197573328631483491e+01 2.254650262364005542e+01
2.151997092525379571e+02 2.260097030547778019e+01 2.409913267153015681e+01
2.130438718531325151e+02 2.320082624952696548e+01 2.570223384231187325e+01
2.108631007521616993e+02 2.377503567797139183e+01 2.735605226377856170e+01
2.086574277637653552e+02 2.432333362969808377e+01 2.906083098732119652e+01
2.064268873669917639e+02 2.484545562299100396e+01 3.081680998789882153e+01
2.041715168192567091e+02 2.534113787684007235e+01 3.262422582543293714e+01
2.018913559763425951e+02 2.581011701073329689e+01 3.448331212940035329e+01
1.995864473400390295e+02 2.625213009539069731e+01 3.639429950026038796e+01
1.972568362379710152e+02 2.666691497347571627e+01 3.835741500383822711e+01
1.949025708235983814e+02 2.705421025959518033e+01 4.037288217132495305e+01
1.925237020762161251e+02 2.741375534029933903e+01 4.244092099927750894e+01
1.901202838009543825e+02 2.774529037408184351e+01 4.456174794961871299e+01
1.876923726287783722e+02 2.804855629137974660e+01 4.673557594963727979e+01
1.852400280164883100e+02 2.832329479457352406e+01 4.896261439198776344e+01
1.827633122467196358e+02 2.856924835798703910e+01 5.124306913469062152e+01
1.802640043604635878e+02 2.878229447418653919e+01 5.358094523571782020e+01
1.777449123312165966e+02 2.895612005617327611e+01 5.598234634571092272e+01
1.752071816560555249e+02 2.908957614031436023e+01 5.844695374677631605e+01
1.726522602646918756e+02 2.918152846735580397e+01 6.097379938968330748e+01
1.700803922149577261e+02 2.923171663834810730e+01 6.356293740165409645e+01
1.674918344838337703e+02 2.923987563529310307e+01 6.621440758150123429e+01
1.648895614534147569e+02 2.920551895916071672e+01 6.892570845225048970e+01
1.622793001436326676e+02 2.912799630674280493e+01 7.169164711625066388e+01
1.596670600387898276e+02 2.900661878911173730e+01 7.450610067801548553e+01
1.570566737490433127e+02 2.884143682151252008e+01 7.736474870203495868e+01
1.544648566365675322e+02 2.863648153248974282e+01 8.024527461750925283e+01
1.519001723372706749e+02 2.839410561208705985e+01 8.313595958299620747e+01
1.493631432253694982e+02 2.811481265559925902e+01 8.603574565412756670e+01
1.468540222607776400e+02 2.779904806031106901e+01 8.894392769690880129e+01
1.443730537759373078e+02 2.744726027939235991e+01 9.185980625755890117e+01
1.419269291540437052e+02 2.706101118683856299e+01 9.477476355164822053e+01
1.395790264515857757e+02 2.665209939831675356e+01 9.761009785917464399e+01
1.373411186934815191e+02 2.622428140785218531e+01 1.003495863386796856e+02
1.352090812615568609e+02 2.577859080855785123e+01 1.029965068542269506e+02
1.331789121851875279e+02 2.531601836599101318e+01 1.055540520178764439e+02
1.312467478805470193e+02 2.483751746309747332e+01 1.080253070788412515e+02
1.294088633650413556e+02 2.434400403996941264e+01 1.104132497593777487e+02
1.276616712758253840e+02 2.383635685948053506e+01 1.127207510157471120e+02
1.260017191223169704e+02 2.331538800961915925e+01 1.149506086333170316e+02
1.244245033281259651e+02 2.278695940925508268e+01 1.171014798690411993e+02
1.229259742954364327e+02 2.225493902490718057e+01 1.191736114273538476e+02
1.215030060301019859e+02 2.171954655888475116e+01 1.211700666358672294e+02
1.201525691596369825e+02 2.118109978847061470e+01 1.230937050932821961e+02
1.188713397505341760e+02 2.064027685698274439e+01 1.249471777997989932e+02
1.176535822060668437e+02 2.010009787792791158e+01 1.267327441783876623e+02
1.164940826834637448e+02 1.956325793392992907e+01 1.284530046350070904e+02
1.153887131180009504e+02 1.903153288689657074e+01 1.301105814221664900e+02
1.143343376630699595e+02 1.850586054848464812e+01 1.317080735477547364e+02
1.133287588592932167e+02 1.798638255213111847e+01 1.332479994425132759e+02
1.123701228077085403e+02 1.747295118893380916e+01 1.347324557513530010e+02
1.114566438782980669e+02 1.696542422302905351e+01 1.361634462709300522e+02
1.105866072367671364e+02 1.646365824517531706e+01 1.375429221481633704e+02
1.097583594803149794e+02 1.596751456453324280e+01 1.388727650445338782e+02
1.089704427670806268e+02 1.547677640469448512e+01 1.401547066581000820e+02
1.082200885150830914e+02 1.499207805648434721e+01 1.413912329352893096e+02
1.075035392441686213e+02 1.451473355556666078e+01 1.425853996301412678e+02
1.068192419432082261e+02 1.404467531456452356e+01 1.437387340100919175e+02
1.061648223199373859e+02 1.358177004888985095e+01 1.448519439310459518e+02
1.055384069499082500e+02 1.312586381751193265e+01 1.459259138851335820e+02
1.049389494348144609e+02 1.267677208579315717e+01 1.469619377737940340e+02
1.043658277028185495e+02 1.223437347890203597e+01 1.479608702601329071e+02
1.038128598684334349e+02 1.179802755753470578e+01 1.489308165765806109e+02
1.032740669207941977e+02 1.136702977928022662e+01 1.498796758314820181e+02
1.027491745167151151e+02 1.094134326903647114e+01 1.508078068598173900e+02
1.022349153503265882e+02 1.052086075094223361e+01 1.517192798031566383e+02
1.017289005435451514e+02 1.010544470810745743e+01 1.526171127892734205e+02
1.012311133662343678e+02 9.695032047609178250e+00 1.535013706823694974e+02
1.007414420311245351e+02 9.289556831783512436e+00 1.543722366127977068e+02
1.002575460738977284e+02 8.887499982855311842e+00 1.552336372437386274e+02
9.977434268200279632e+01 8.485585766396594565e+00 1.560940846747076023e+02
9.929154181124489753e+01 8.083684631394806530e+00 1.569540264195641441e+02
9.880905378821213958e+01 7.681788413253154424e+00 1.578135795954495677e+02
9.832680644086839550e+01 7.279890574594389818e+00 1.586728384400176992e+02
9.784474509855330382e+01 6.877986205260813612e+00 1.595318743114353595e+02
9.736283259198233964e+01 6.476072022314276921e+00 1.603907356883819091e+02
9.688104925324671512e+01 6.074146370036175746e+00 1.612494481700495044e+02
9.639939291581346481e+01 5.672209219927459856e+00 1.621080144761429551e+02
9.591787891452536030e+01 5.270262170708623906e+00 1.629664144468798668e+02
9.543654008560106661e+01 4.868308448319713655e+00 1.638246050429905551e+02
9.495539389450196666e+01 4.466349895079527954e+00 1.646825632896428999e+02
9.447441681018619875e+01 4.064384583814298679e+00 1.655403197790238607e+02
9.399360873191155008e+01 3.662412715184429235e+00 1.663978745060195479e+02
9.351296983764702020e+01 3.260434515198199712e+00 1.672552271015244401e+02
9.303250030517432378e+01 2.858450209748448323e+00 1.681123771967390894e+02
9.255220031208781961e+01 2.456460024612565629e+00 1.689693244231704625e+02
9.207207003579461002e+01 2.054464185452499869e+00 1.698260684126312867e+02
9.159210965351439881e+01 1.652462917814752741e+00 1.706826087972407322e+02
9.111231934227959073e+01 1.250456447130381177e+00 1.715389452094240710e+02
9.063269927893534827e+01 8.484449987149967898e-01 1.723950772819126200e+02
9.015324962968585965e+01 4.464287770113584131e-01 1.732510046731918578e+02
8.967395712072665503e+01 4.438128610611832142e-02 1.741067597671138572e+02
8.919480995228138909e+01 -3.577210915212000741e-01 1.749623713868600987e+02
8.871580836813697601e+01 -7.598780698254855581e-01 1.758178390433352263e+02
8.823695261191424777e+01 -1.162089362772186885e+00 1.766731622476610823e+02
8.775824292706801089e+01 -1.564354684337313062e+00 1.775283405111770207e+02
8.727967955688701807e+01 -1.966673748507434372e+00 1.783833733454394803e+02
8.680126274449389712e+01 -2.369046269279678985e+00 1.792382602622223828e+02
8.632299273284526464e+01 -2.771471960661736844e+00 1.800930007735169909e+02
8.584486976473166919e+01 -3.173950536671859002e+00 1.809475943915316236e+02
8.536689408277756286e+01 -3.576481711338854730e+00 1.818020406286921968e+02
8.488906592944138652e+01 -3.979065198702092854e+00 1.826563389976417398e+02
8.441138554701545615e+01 -4.381700712811505305e+00 1.835104890112406508e+02
8.393385317762607656e+01 -4.784387967727584012e+00 1.843644901825667262e+02
8.345646906323344183e+01 -5.187126677521376017e+00 1.852183420249149322e+02
