2.540000000000000000e+02 7.000000000000000000e+00 0.000000000000000000e+00
2.520950658275402816e+02 7.888508786417526508e+00 1.097294592060663376e+00
2.501714723639873341e+02 8.775057625293380070e+00 2.215264387231287824e+00
2.482291392094375908e+02 9.659600795314103650e+00 3.354036943455303899e+00
2.462679855591651972e+02 1.054209206921342279e+01 4.513740764805198147e+00
2.442868261199735116e+02 1.142179589987811816e+01 5.696346230270298960e+00
2.422826846837554058e+02 1.229669254494181097e+01 6.906846460616190342e+00
2.402550838493523884e+02 1.316641983650355208e+01 8.146059386530140500e+00
2.382033667691702874e+02 1.402981551852042408e+01 9.415838815981674159e+00
2.361243503579573542e+02 1.488064354432931147e+01 1.072579410109981168e+01
2.340165590325019593e+02 1.571634077548042363e+01 1.207985857319493306e+01
2.318755468754415290e+02 1.652974518675159743e+01 1.348894055998689723e+01
2.297004379500420725e+02 1.731930538478978221e+01 1.495534052464468644e+01
2.274911242251121166e+02 1.808468269075741830e+01 1.647950181881551401e+01
2.252474989680933959e+02 1.882553572457604929e+01 1.806186905735885517e+01
2.229694581514603158e+02 1.954152232980712967e+01 1.970288496483485474e+01
2.206569004598885897e+02 2.023229957854401917e+01 2.140299036358182505e+01
2.183097272902556369e+02 2.089752377141200412e+01 2.316262417371624238e+01
2.159278427516406396e+02 2.153685043756826545e+01 2.498222341313274342e+01
2.135111536653241728e+02 2.214993433470193196e+01 2.686222319750413234e+01
2.110595695741328655e+02 2.273642946091938555e+01 2.880305671926367239e+01
2.085730028214513538e+02 2.329598914238787088e+01 3.080515508265900593e+01
2.060513686094041361e+02 2.382826604280517557e+01 3.286894723707192156e+01
2.034945850782227694e+02 2.433291223266715519e+01 3.499485983000092659e+01
2.009025733145685990e+02 2.480957919901779718e+01 3.718331718917218609e+01
1.982752573563241185e+02 2.525791785097790765e+01 3.943474131232426316e+01
1.956125642436175838e+02 2.567757856461992816e+01 4.174955177235462145e+01
1.929142484160984736e+02 2.606833372210296673e+01 4.412829878068517786e+01
1.901815325277321449e+02 2.642892426748130319e+01 4.657042503172186088e+01
1.874160872025018136e+02 2.675782865311742498e+01 4.907500357780657652e+01
1.846179764696059067e+02 2.705473190541968975e+01 5.164224391075636333e+01
1.817887115030436007e+02 2.731577915300576720e+01 5.427572749502764538e+01
1.789323552433297095e+02 2.753107334664455053e+01 5.698472259476949375e+01
1.760524470763295994e+02 2.769926210808166900e+01 5.976719239719782450e+01
1.731607293940477348e+02 2.781812265163441467e+01 6.261287148438821504e+01
1.702630864594196680e+02 2.788663724313816061e+01 6.551628286186557659e+01
1.673606003709681147e+02 2.790465546420148257e+01 6.847642881431310968e+01
1.644539528072003236e+02 2.787210092071682510e+01 7.149270445900768323e+01
1.615567153408501895e+02 2.779152646931148496e+01 7.454797153823365363e+01
1.586865995422163280e+02 2.766666070471422501e+01 7.761944015821845255e+01
1.558454411993234885e+02 2.749825255520177691e+01 8.070441635991404894e+01
1.530333193436833881e+02 2.728672195015169777e+01 8.380242883124961395e+01
1.502506792656262178e+02 2.703256361210957337e+01 8.691253599474337932e+01
1.474979021376683193e+02 2.673626841909797847e+01 9.003386858065684351e+01
1.447757652746959991e+02 2.639838293382471335e+01 9.316508780512089061e+01
1.421372839641764187e+02 2.602623214315928379e+01 9.624353856995377043e+01
1.396298143418409268e+02 2.562756607960233168e+01 9.921204107420560092e+01
1.372480489198174212e+02 2.520383055485925539e+01 1.020746974334578425e+02
1.349869925307455674e+02 2.475642167647285063e+01 1.048353329157664859e+02
1.328418322080565588e+02 2.428668029906557280e+01 1.074976373832704155e+02
1.308079310740168353e+02 2.379589392887725552e+01 1.100651697857785649e+02
1.288808287958486858e+02 2.328529657841369627e+01 1.125413578284915843e+02
1.270562358164079768e+02 2.275607055518057464e+01 1.149295022222802913e+02
1.253300473903368157e+02 2.220923269725264504e+01 1.172328774163518545e+02
1.236973617083949080e+02 2.165022506665840751e+01 1.194511047540083268e+02
1.221533461013063544e+02 2.108427468849394160e+01 1.215839473737255076e+02
1.206941735050711202e+02 2.051223828763700396e+01 1.236345445154600498e+02
1.193162178667166842e+02 1.993462986270478865e+01 1.256061685143326230e+02
1.180113518756047455e+02 1.935645707919112368e+01 1.275013232685584796e+02
1.167727661842903046e+02 1.878162553528701650e+01 1.293230738186328779e+02
1.155952902485999232e+02 1.821263648354795706e+01 1.310752444116239133e+02
1.144763505739095564e+02 1.764948719169884583e+01 1.327605704041912986e+02
1.134135898674995815e+02 1.709205665970808496e+01 1.343816358545602441e+02
1.124047509364297497e+02 1.654022152869366735e+01 1.359409202507580687e+02
1.114476633377335588e+02 1.599386257405330802e+01 1.374408083721755816e+02
1.105403932475814202e+02 1.545274075630177002e+01 1.388834436337463956e+02
1.096796051354756258e+02 1.491765693817385063e+01 1.402719874970020442e+02
1.088594180768606634e+02 1.439046913497618441e+01 1.416097471302593931e+02
1.080760150555386048e+02 1.387126701548227281e+01 1.428975324273357330e+02
1.073280166634038295e+02 1.335984515096773784e+01 1.441371494718059409e+02
1.066141160658860088e+02 1.285599082552809236e+01 1.453303285444895607e+02
1.059330535004408773e+02 1.235949855002192521e+01 1.464787378803644629e+02
1.052840504816241776e+02 1.187020162795009526e+01 1.475834334515759281e+02
1.046585450804921749e+02 1.138736625397301516e+01 1.486553350653343557e+02
1.040496312328891264e+02 1.091040414028995187e+01 1.497032484607796050e+02
1.034576123055949068e+02 1.043926572425698751e+01 1.507268345308719120e+02
1.028815021720721887e+02 9.973923328512015019e+00 1.517272926484157267e+02
1.023174366172830361e+02 9.514718578609835831e+00 1.527089921882358965e+02
1.017642491611720175e+02 9.061676844173282674e+00 1.536733077671870547e+02
1.012217226035605080e+02 8.614634240110749630e+00 1.546206158404600615e+02
1.006835505209323713e+02 8.169816953906792634e+00 1.555611315407867892e+02
1.001458395701735498e+02 7.724890465389352201e+00 1.565011592896782702e+02
9.960854257097859943e+01 7.279827070001838152e+00 1.574407749727172643e+02
9.907169609114242803e+01 6.834610646841230874e+00 1.583799444546852726e+02
9.853528928235860462e+01 6.389247629789716498e+00 1.593186767964815544e+02
9.799925551344637142e+01 5.943770802652883489e+00 1.602570319964383145e+02
9.746353841561239051e+01 5.498207944419970516e+00 1.611950607833299500e+02
9.692809189030822381e+01 5.052581825538744908e+00 1.621328046092058628e+02
9.639288010923031891e+01 4.606910207915505318e+00 1.630702956493905447e+02
9.585787751432013692e+01 4.161205844915083496e+00 1.640075568024834354e+02
9.532306881776395358e+01 3.715476481360840744e+00 1.649446016903590646e+02
9.478844900199301549e+01 3.269724853534671016e+00 1.658814346581670520e+02
9.425401997184701486e+01 2.823950402840958329e+00 1.668180537460515609e+02
9.371978086161513488e+01 2.378154063726780620e+00 1.677544594051412332e+02
9.318573187796349089e+01 1.932336172844841604e+00 1.686906511661923673e+02
9.265187327798443562e+01 1.486497040108643253e+00 1.696266285157956304e+02
9.211820531850605676e+01 1.040636975281142851e+00 1.705623909409582950e+02
9.158472825609224799e+01 5.947562879747527731e-01 1.714979379291042108e+02
9.105144064437052975e+01 1.488519619706990260e-01 1.724332730147355051e+02
9.051832351490793371e+01 -2.971132694127853191e-01 1.733684413909295188e+02
8.998537161893266045e+01 -7.431499287439493617e-01 1.743034556738438425e+02
8.945258507921479918e+01 -1.189258052439930990e+00 1.752383157164890690e+02
8.891996402353605333e+01 -1.635437666876166540e+00 1.761730213598143280e+02
8.838750858469005323e+01 -2.081688788386389710e+00 1.771075724327074283e+02
8.785521890048207183e+01 -2.528011423262633173e+00 1.780419687519946876e+02
8.732309511372930899e+01 -2.974405567755225910e+00 1.789762101224410742e+02
8.679113737226063563e+01 -3.420871208072795433e+00 1.799102963367503207e+02
8.625934582891675007e+01 -3.867408320382268005e+00 1.808442271755645834e+02
8.572772064155012117e+01 -4.314016870808866422e+00 1.817780024074646974e+02
8.519626197302504522e+01 -4.760696815436113560e+00 1.827116217889701488e+02
8.466496999121746114e+01 -5.207448100305827943e+00 1.836450850645390176e+02
8.413384486901529158e+01 -5.654270661418125954e+00 1.845783919665679775e+02
8.360288678431810183e+01 -6.101164424731425839e+00 1.855115422153922964e+02
8.307209592003722776e+01 -6.548129306162435270e+00 1.864445355192859779e+02
8.254147246409587524e+01 -6.995165211586170884e+00 1.873773715744615060e+02
8.201101660942897809e+01 -7.442272036835939630e+00 1.883100500650700440e+02
8.148072855398326908e+01 -7.889449667703346769e+00 1.892425706632013771e+02
8.095060850071722314e+01 -8.336697979938300307e+00 1.901749330288838280e+02
8.042065665760117099e+01 -8.784016839249002118e+00 1.911071368100844552e+02
7.989087323761717130e+01 -9.231406101301951495e+00 1.920391816427087974e+02
7.936125845875905327e+01 -9.678865611721946038e+00 1.929710671506011579e+02
7.883181254403244509e+01 -1.012639520609208432e+01 1.939027929455443484e+02
7.830253572145478813e+01 -1.057399470995376412e+01 1.948343586272598316e+02
7.777342822405529432e+01 -1.102166393880666995e+01 1.957657637834076354e+02
