2.540000000000000000e+02 7.000000000000000000e+00 0.000000000000000000e+00
2.529663215540161048e+02 7.435928735649581789e+00 6.231967598946740461e-01
2.519059354787508767e+02 7.878758729972109798e+00 1.265892500032440360e+00
2.508181891210262791e+02 8.328652075986614278e+00 1.928555635263496271e+00
2.497024141382350422e+02 8.785774749291256569e+00 2.611665841138661293e+00
2.485579261924465015e+02 9.250296683741064285e+00 3.315714273444593019e+00
2.473840249131425821e+02 9.722391780665425642e+00 4.041203594944407840e+00
2.461799933078216043e+02 1.020223805468427791e+01 4.788648398379292459e+00
2.449450969555494453e+02 1.069001783322040389e+01 5.558575785239333378e+00
2.436785839909986748e+02 1.118591776044851294e+01 6.351525377219455315e+00
2.423796848517155524e+02 1.169012885981889838e+01 7.168049497597680286e+00
2.410376070597018838e+02 1.219902340539779928e+01 8.016647120797205872e+00
2.396319641847932189e+02 1.270502530792825269e+01 8.915909121110209057e+00
2.381602213032539908e+02 1.320778051211172155e+01 9.868076554427434033e+00
2.366201958719073559e+02 1.370711478870661182e+01 1.087495373949415800e+01
2.350096336135461286e+02 1.420284803262513229e+01 1.193840446728588844e+01
2.333262075474797257e+02 1.469479418343619059e+01 1.306035280488309880e+01
2.315703742754897689e+02 1.518333640163424292e+01 1.424299653032941038e+01
2.297566142825025679e+02 1.567172682428519082e+01 1.548972531158325516e+01
2.278857428362824749e+02 1.616055122985558867e+01 1.680317323294179488e+01
2.259556333781943920e+02 1.664982281652763163e+01 1.818586291798692756e+01
2.239641823992439811e+02 1.713957686942318404e+01 1.964042149675595894e+01
2.219092066577271680e+02 1.762985027303020047e+01 2.116957500972792161e+01
2.197884368961194355e+02 1.812068163613922422e+01 2.277615619742884334e+01
2.175995167591791244e+02 1.861211131335188185e+01 2.446310584174599612e+01
2.153400002681982528e+02 1.910418145526675460e+01 2.623347589740328445e+01
2.130073486358473644e+02 1.959693607179991659e+01 2.809043344085975846e+01
2.105989227640272361e+02 2.009042118132694910e+01 3.003726997135832022e+01
2.081118693848673331e+02 2.058470459405971553e+01 3.207755566023980265e+01
2.055676910474840042e+02 2.107557633451037304e+01 3.418182836117786394e+01
2.029928035610120389e+02 2.155818758054536488e+01 3.631421832226251212e+01
2.003876825576988949e+02 2.203236016843648315e+01 3.847417413279726617e+01
1.977523607944061155e+02 2.249799499650573864e+01 4.066174767860669448e+01
1.950868730596966998e+02 2.295499302197408298e+01 4.287698957502263397e+01
1.923912561785728883e+02 2.340325526590074290e+01 4.511994916112767839e+01
1.896655490124762480e+02 2.384268281318323446e+01 4.739067449975510726e+01
1.869097924592878996e+02 2.427317681255735238e+01 4.968921237748892850e+01
1.841240294533281201e+02 2.469463847659718425e+01 5.201560830466385710e+01
1.813083049653273235e+02 2.510696908173511588e+01 5.436990651537308850e+01
1.784626659960260042e+02 2.551006997562552314e+01 5.675214996749369334e+01
1.755871615920328281e+02 2.590384259245644571e+01 5.916238032409560077e+01
1.726818428622628687e+02 2.628818846343584781e+01 6.160063793714430602e+01
1.697467629747604860e+02 2.666300922047019739e+01 6.406696184750049383e+01
1.667819771566123279e+02 2.702820659691554894e+01 6.656138978456270650e+01
1.637872009108944837e+02 2.738396858429805292e+01 6.908395133320018999e+01
1.608327182490031930e+02 2.767154466395395929e+01 7.163598262391779770e+01
1.579870311180462181e+02 2.783536705927114596e+01 7.421756379029461925e+01
1.552478166740365566e+02 2.787980452251958852e+01 7.682689886188683204e+01
1.526124138942006709e+02 2.780942406469629447e+01 7.946224774104925359e+01
1.500782190511724252e+02 2.762866215233217559e+01 8.212193236836196775e+01
1.476426855397796203e+02 2.734182519997261451e+01 8.480433646255885094e+01
1.453033234278772454e+02 2.695309064839652535e+01 8.750790499441406212e+01
1.430576982701556972e+02 2.646651076072872044e+01 9.023114208992510044e+01
1.409034287055633001e+02 2.588602003528163209e+01 9.297260698911574650e+01
1.388381863046645321e+02 2.521543565477452731e+01 9.573091380549790586e+01
1.368588718988173980e+02 2.445946433009364540e+01 9.850454913026770498e+01
1.349166835501883099e+02 2.367828330395726510e+01 1.012822279336258191e+02
1.329823804607607656e+02 2.290740746595707478e+01 1.040576664275598660e+02
1.310773585059904462e+02 2.214725021476885303e+01 1.068026477683559108e+02
1.292699217265682989e+02 2.139899539893890434e+01 1.094272131567334441e+02
1.275628149102074786e+02 2.066247036975049767e+01 1.119272214181431480e+02
1.259512911862600930e+02 1.993735855919667799e+01 1.143083851672451345e+02
1.244309218562383137e+02 1.922335778688053054e+01 1.165760245139764493e+02
1.229974769488481456e+02 1.852017739597161849e+01 1.187352225166265356e+02
1.216469077028129391e+02 1.782753727590164061e+01 1.207908460455426791e+02
1.203753358598445118e+02 1.714489368713650563e+01 1.227472373512342330e+02
1.191793125921646208e+02 1.647791362969402229e+01 1.246154722290570760e+02
1.180555872073352788e+02 1.583321900938818771e+01 1.264077057346153623e+02
1.170007280773276932e+02 1.521030103914935516e+01 1.281280374513139009e+02
1.159960932978758734e+02 1.460510367152913069e+01 1.297772487262150491e+02
1.150265921761921533e+02 1.401625862599498085e+01 1.313587369301829142e+02
1.140906755934083208e+02 1.344330360757424714e+01 1.328750090775453145e+02
1.131871545896460418e+02 1.288572442566394471e+01 1.343283316700184571e+02
1.123148799389349080e+02 1.234302381598551257e+01 1.357208957933212901e+02
1.114727408082862326e+02 1.181472087072135402e+01 1.370548196604098905e+02
1.106596647231402102e+02 1.130035102382779222e+01 1.383321486770151694e+02
1.098746169792528775e+02 1.079946580096467912e+01 1.395548565572637756e+02
1.091166012355279946e+02 1.031163307145034125e+01 1.407248441992779817e+02
1.083846545410475670e+02 9.836434934774606731e+00 1.418439491171558302e+02
1.076778459993652888e+02 9.373467152891807430e+00 1.429139479743924426e+02
1.069952767660160902e+02 8.922339149162187510e+00 1.439365565886036222e+02
1.063360795307220172e+02 8.482673788178450636e+00 1.449134309137612604e+02
1.056994191676089798e+02 8.054107652083407842e+00 1.458461658069882958e+02
1.050844889512500089e+02 7.636289432340010563e+00 1.467363022054947237e+02
1.044905089179412556e+02 7.228879233189178244e+00 1.475853302347933038e+02
1.039167258657018209e+02 6.831548571649787682e+00 1.483946892086998162e+02
1.033624135587783144e+02 6.443980464371668049e+00 1.491657672415459217e+02
1.028268715098940191e+02 6.065868909939360343e+00 1.498999035580455939e+02
1.023092754320085618e+02 5.696844713503155688e+00 1.505986223466737499e+02
1.018009421215541579e+02 5.332628186852790719e+00 1.512756638604398631e+02
1.012970556957873924e+02 4.968058893270311138e+00 1.519427532015973838e+02
1.007993596872345847e+02 4.601115852416215013e+00 1.526015211362675927e+02
1.003078328902442991e+02 4.231824361460740924e+00 1.532520113399580168e+02
9.982244830622933307e+01 3.860216392792025442e+00 1.538942620847639375e+02
9.934317842207654792e+01 3.486324265484368912e+00 1.545283113639426062e+02
9.886999564443965482e+01 3.110180146554341274e+00 1.551541972697519611e+02
9.840287236134575721e+01 2.731816044299818724e+00 1.557719579115293982e+02
9.794178094219510911e+01 2.351263808299983715e+00 1.563816314156910892e+02
9.748669373776129987e+01 1.968555129415324734e+00 1.569832559257324647e+02
9.703758308019119738e+01 1.583721539787638521e+00 1.575768696022281006e+02
9.659442128300493380e+01 1.196794412840025634e+00 1.581625106228314621e+02
9.615718064109589136e+01 8.078049632768961041e-01 1.587402171822752734e+02
9.572583343073075923e+01 4.167842470839641100e-01 1.593100274923713187e+02
9.530035190954947666e+01 2.376316152825292891e-02 1.598719797820104702e+02
9.488070831656528981e+01 -3.712275548419098348e-01 1.604261122971627458e+02
9.446687487216466650e+01 -7.681573221968890364e-01 1.609724633008771377e+02
9.405882377810736727e+01 -1.166995719425744538e+00 1.615110710732817836e+02
9.365652721752644538e+01 -1.567712484136225992e+00 1.620419739115839945e+02
9.325995735492820415e+01 -1.970277512654779573e+00 1.625652101300700849e+02
9.286908633619226805e+01 -2.374660860026544640e+00 1.630808180601055142e+02
9.248388636736338242e+01 -2.780832738217431821e+00 1.635888359458537593e+02
9.210432964424438751e+01 -3.188763512429057645e+00 1.640893020377137361e+02
9.173038820429177065e+01 -3.598423705789230098e+00 1.645822547882721949e+02
9.136203408843668683e+01 -4.009783999322541703e+00 1.650677326379591534e+02
9.099923934314951168e+01 -4.422815231929273949e+00 1.655457740123140979e+02
9.064197602043982727e+01 -4.837488400385401732e+00 1.660164173219860686e+02
9.029021617785632259e+01 -5.253774659342585807e+00 1.664797009627336024e+02
8.994393187848689308e+01 -5.671645321328184330e+00 1.669356633154247334e+02
8.960309519095861219e+01 -6.091071856745243096e+00 1.673843427460371629e+02
8.926767818943771715e+01 -6.512025893872496418e+00 1.678257776056580042e+02
8.893765295362962320e+01 -6.934479218864372463e+00 1.682600062304839810e+02
8.861299156877888095e+01 -7.358403775750991471e+00 1.686870669418212856e+02
8.829366612566927586e+01 -7.783771666438160430e+00 1.691069980460856925e+02
8.797964872062370034e+01 -8.210555150707380179e+00 1.695198378348024733e+02
