2.540000000000000000e+02 7.000000000000000000e+00 0.000000000000000000e+00
2.524369764048679770e+02 7.680879535821702575e+00 8.312409139045735529e-01
2.508572089640120453e+02 8.363834238003510890e+00 1.677262091645488340e+00
2.492597920834671470e+02 9.048301557495701530e+00 2.539471449111310619e+00
2.476435882406593976e+02 9.733543138494203717e+00 3.419665954691731624e+00
2.460084199714169984e+02 1.041954901913317677e+01 4.318036314191102676e+00
2.443541173108997668e+02 1.110631600728675039e+01 5.234759774581659642e+00
2.426805077882544310e+02 1.179384011014882283e+01 6.170016846073451688e+00
2.409874175160494758e+02 1.248211736982384323e+01 7.123989472944344925e+00
2.392744554789575488e+02 1.317098465304757759e+01 8.097212397431144737e+00
2.375391735171785115e+02 1.385897393245911857e+01 9.093520564804025597e+00
2.357800288704242746e+02 1.454527566023121921e+01 1.011527622489145806e+01
2.339961460813839835e+02 1.522870033770643516e+01 1.116457435561579636e+01
2.321846655639973847e+02 1.590419261638541748e+01 1.224943802468398779e+01
2.303442026102024158e+02 1.656976774100477812e+01 1.337312287500398611e+01
2.284708997302516877e+02 1.721973644019348626e+01 1.454453808083855471e+01
2.265636385532492056e+02 1.785259301218711059e+01 1.576616723881764415e+01
2.246221521719467660e+02 1.846813849030373333e+01 1.703849053813315351e+01
2.226461143075860036e+02 1.906608394691256336e+01 1.836212722778113005e+01
2.206352038173636743e+02 1.964614875860425158e+01 1.973768456207069732e+01
2.185890975834046799e+02 2.020804988497982535e+01 2.116577430676091964e+01
2.165074705068026049e+02 2.075150185025646365e+01 2.264701276514963979e+01
2.143899954150577685e+02 2.127621653948931169e+01 2.418202109130974620e+01
2.122363430620684710e+02 2.178190319855571389e+01 2.577142529011344863e+01
2.100461821281311074e+02 2.226826843415518198e+01 2.741585621723233857e+01
2.078191792199402812e+02 2.273501621380940563e+01 2.911594957913732173e+01
2.055549988705887472e+02 2.318184786586225599e+01 3.087234593309866781e+01
2.032533035395672130e+02 2.360846207947977504e+01 3.268569068718598203e+01
2.009137536127645660e+02 2.401455490465020048e+01 3.455663410026821936e+01
1.985360074032990667e+02 2.439981974837733958e+01 3.648583128554179211e+01
1.961197211404475240e+02 2.476394732004843036e+01 3.847394228202870181e+01
1.936645489351070069e+02 2.510662559027093010e+01 4.052163213223028748e+01
1.911701427838531231e+02 2.542753978881408727e+01 4.262957088075690137e+01
1.886361525694439933e+02 2.572637240170297801e+01 4.479843357714027974e+01
1.860622260545525251e+02 2.600280315425329292e+01 4.702890030060424209e+01
1.834482966808120921e+02 2.625626312026558651e+01 4.932147775353715957e+01
1.807965217673831262e+02 2.648431071192961639e+01 5.167529022070494449e+01
1.781076492131548719e+02 2.668534669622307121e+01 5.409117042649823759e+01
1.753871608434339180e+02 2.684861626787559530e+01 5.657819554165110532e+01
1.726469502519118464e+02 2.696851022935716458e+01 5.913114169577655588e+01
1.698967197641341045e+02 2.704283064779817636e+01 6.174188911794329471e+01
1.671376114181014998e+02 2.707130137031901995e+01 6.440955955319405746e+01
1.643701791330609865e+02 2.705378004071260278e+01 6.713377773883179600e+01
1.615961432092009034e+02 2.699032992530063879e+01 6.991274919318961167e+01
1.588368306883673711e+02 2.688446090813486222e+01 7.272082950253258105e+01
1.561025709358875702e+02 2.673818587606733033e+01 7.554529319085385453e+01
1.533935348811074277e+02 2.655186804196980788e+01 7.838562832103437472e+01
1.507101198128671342e+02 2.632591521357411324e+01 8.124104217788693916e+01
1.480527134380205609e+02 2.606074054996647504e+01 8.411074591796248967e+01
1.454216938811703130e+02 2.575676244266272974e+01 8.699395468920350538e+01
1.428174360036296946e+02 2.541440502386272371e+01 8.988988081145897979e+01
1.402923529282108746e+02 2.503977986082439600e+01 9.274006160150958067e+01
1.378938215617918956e+02 2.463954341965839845e+01 9.549049260511213788e+01
1.356176906395967308e+02 2.421520560738637684e+01 9.814378055242424637e+01
1.334593359648216619e+02 2.376815975839389594e+01 1.007031219166584748e+02
1.314137765080480733e+02 2.329969302459393532e+01 1.031721766041359416e+02
1.294764537814623111e+02 2.281105568551457807e+01 1.055542204491050740e+02
1.276430039477995564e+02 2.230344791839949892e+01 1.078523858599947545e+02
1.259092031296412415e+02 2.177802065836099032e+01 1.100697155126652973e+02
1.242709862415226070e+02 2.123587742875727713e+01 1.122091417164151608e+02
1.227244427536353157e+02 2.067809727346860882e+01 1.142734669952716899e+02
1.212649206557545654e+02 2.011029954663440478e+01 1.162615506515696495e+02
1.198880575045768069e+02 1.953662329989847990e+01 1.181734856644712579e+02
1.185895898933398485e+02 1.895823835198854468e+01 1.200123104508403884e+02
1.173580316977022164e+02 1.838342029442964787e+01 1.217808935511388597e+02
1.161880982129068798e+02 1.781461592845387898e+01 1.234821112684142577e+02
1.150772797499330835e+02 1.725170207589150451e+01 1.251185857032408677e+02
1.140231775451453728e+02 1.669454864692385954e+01 1.266928369405172816e+02
1.130234872114509557e+02 1.614303003447670548e+01 1.282072865406636311e+02
1.120757350097622265e+02 1.559718216005245317e+01 1.296644062160468138e+02
1.111744792287887975e+02 1.505890900387766429e+01 1.310682515672101545e+02
1.103156416826767412e+02 1.452902602802726761e+01 1.324213165614179388e+02
1.094954271500172496e+02 1.400734588742291820e+01 1.337239856633013915e+02
1.087121373623906351e+02 1.349367205325799901e+01 1.349779584266935331e+02
1.079644058440249950e+02 1.298778209899277591e+01 1.361849956628549307e+02
1.072509115015040635e+02 1.248946152463455306e+01 1.373467921264793574e+02
1.065703815753213490e+02 1.199850252286945285e+01 1.384649822447349266e+02
1.059215813201943917e+02 1.151470787931917350e+01 1.395411486356708508e+02
1.053030929903840445e+02 1.103798499200107130e+01 1.405770175667001922e+02
1.047138241460287986e+02 1.056822312801779873e+01 1.415739529798256910e+02
1.041480423062572243e+02 1.010579039505409682e+01 1.425383225691206803e+02
1.036003300352927852e+02 9.651120595275106240e+00 1.434760723153930826e+02
1.030665915047766390e+02 9.203196936744278744e+00 1.443927757206998308e+02
1.025432587627539789e+02 8.761072980868956250e+00 1.452933358005600724e+02
1.020297964739295935e+02 8.324356213010467798e+00 1.461786687608741033e+02
1.015257639663707039e+02 7.892816323988331995e+00 1.470494593678946558e+02
1.010287579158942606e+02 7.465109926467433432e+00 1.479094302135492853e+02
1.005322115984030233e+02 7.037556949428406483e+00 1.487687617818286299e+02
1.000358864968644639e+02 6.610023827989493839e+00 1.496278237794628865e+02
9.953977197190265258e+01 6.182504762841865009e+00 1.504866325959428650e+02
9.904386822362864962e+01 5.755000029544397044e+00 1.513451878161638433e+02
9.854817545189075645e+01 5.327509903476655317e+00 1.522034890254447816e+02
9.805269385627416057e+01 4.900034659838789608e+00 1.530615358095286922e+02
9.755742363610112022e+01 4.472574573651544760e+00 1.539193277545824685e+02
9.706236499043087917e+01 4.045129919756256243e+00 1.547768644471969992e+02
9.656751811805962404e+01 3.617700972814849258e+00 1.556341454743870543e+02
9.607288321752059801e+01 3.190288007309840523e+00 1.564911704235913419e+02
9.557846048708401554e+01 2.762891297544338709e+00 1.573479388826725938e+02
9.508425012475706239e+01 2.335511117642040002e+00 1.582044504399174230e+02
9.459025232828378194e+01 1.908147741547182363e+00 1.590607046840358976e+02
9.409646729514611252e+01 1.480801443023883834e+00 1.599167012041633029e+02
9.360289522256223904e+01 1.053472495657469032e+00 1.607724395898576404e+02
9.310953630748764454e+01 6.261611728534445254e-01 1.616279194311013327e+02
9.261639074661512439e+01 1.988677478371329022e-01 1.624831403183008547e+02
9.212345873637482896e+01 -2.284075063463271993e-01 1.633381018422866475e+02
9.163074047293423519e+01 -6.556643168319810089e-01 1.641928035943132898e+02
9.113823615219816077e+01 -1.082902410935056459e+00 1.650472451660595254e+02
9.064594596980870733e+01 -1.510121516150966903e+00 1.659014261496279232e+02
9.015387012114535992e+01 -1.937321360155308092e+00 1.667553461375453878e+02
8.966200880132491591e+01 -2.364501670803859312e+00 1.676090047227626485e+02
8.917036597748857218e+01 -2.791654763985585319e+00 1.684623926403471046e+02
8.867894614060028857e+01 -3.218771913492238568e+00 1.693154993880695827e+02
8.818774114822360843e+01 -3.645869213329445468e+00 1.701683441284592107e+02
8.769674349403111080e+01 -4.072961521165002097e+00 1.710209445379118733e+02
8.720594682772167516e+01 -4.500061437072154114e+00 1.718733155859726480e+02
8.671534595502080833e+01 -4.927179303529603871e+00 1.727254695353359466e+02
8.622493683768034600e+01 -5.354323205421502863e+00 1.735774159418454587e+02
8.573471659347862328e+01 -5.781498970037458385e+00 1.744291616544940666e+02
8.524468349622046048e+01 -6.208710167072529096e+00 1.752807108154241291e+02
8.475483697573703523e+01 -6.635958108627225016e+00 1.761320648599270271e+02
8.426517761788609562e+01 -7.063241849207512857e+00 1.769832225164437034e+02
8.377570716455173283e+01 -7.490558185724808915e+00 1.778341798065642365e+02
8.328642669366450946e+01 -7.917905200139090383e+00 1.786849343000095871e+02
8.279733521322707190e+01 -8.345285005064367212e+00 1.795354884066697991e+02
