2.540000000000000000e+02 7.000000000000000000e+00 0.000000000000000000e+00
2.529777272897293869e+02 7.432673669160610785e+00 6.133641573621755327e-01
2.519286900007128338e+02 7.871895898025101701e+00 1.247018671734632544e+00
2.508522169396632364e+02 8.317823303117020117e+00 1.901464261363576158e+00
2.497476203757215103e+02 8.770616342784451902e+00 2.577213982934020375e+00
2.486141957056179876e+02 9.230439394958690258e+00 3.274793481373224679e+00
2.474512214367040031e+02 9.697460761095655357e+00 3.994741002513857886e+00
2.462579584180623726e+02 1.017185284473216100e+01 4.737607966715022378e+00
2.450336491291805316e+02 1.065379231667700033e+01 5.503959499546660972e+00
2.437775176634497711e+02 1.114346011884289211e+01 6.294374444100165000e+00
2.424887693304957565e+02 1.164104155659491013e+01 7.109445657665090401e+00
2.411664131601432928e+02 1.214663519872988928e+01 7.950076708052881358e+00
2.397927105980314195e+02 1.265368727634360724e+01 8.833634734747182193e+00
2.383524160490412953e+02 1.315734763493105319e+01 9.771426374288148864e+00
2.368432789213765943e+02 1.365742972456333248e+01 1.076536793430706140e+01
2.352629602034328968e+02 1.415373846861895402e+01 1.181743796376621169e+01
2.336087245063169746e+02 1.464600025805773598e+01 1.292967230337007933e+01
2.318824297842762689e+02 1.513498990951842060e+01 1.410431388852568446e+01
2.300958863923824538e+02 1.562378832527628525e+01 1.534407111930582346e+01
2.282506520689016725e+02 1.611323660693932425e+01 1.665155541876766776e+01
2.263445896484498689e+02 1.660336881074574222e+01 1.802938400213455594e+01
2.243755014174675750e+02 1.709422599515942665e+01 1.948027718502603989e+01
2.223411056879648982e+02 1.758585105377575175e+01 2.100705861223501714e+01
2.202390294600695881e+02 1.807828887469326418e+01 2.261266428045557575e+01
2.180668069342517583e+02 1.857158637282850933e+01 2.430014436777381448e+01
2.158218770255865877e+02 1.906579254387146705e+01 2.607266629042887374e+01
2.135015780789335906e+02 1.956095857905406277e+01 2.793352120151855900e+01
2.111031444532336820e+02 2.005713793932236300e+01 2.988612819127532561e+01
2.086254314446609044e+02 2.055410205779848098e+01 3.193173507214138240e+01
2.061031614690064657e+02 2.104580560658641275e+01 3.402388590917703937e+01
2.035502837422229163e+02 2.152983184181476872e+01 3.614404438981427603e+01
2.009668309976978264e+02 2.200608118771204857e+01 3.829225278267654176e+01
1.983528147244558113e+02 2.247445790562767343e+01 4.046858314457637107e+01
1.957082482408431190e+02 2.293486622844168465e+01 4.267310647334476670e+01
1.930331466945279146e+02 2.338721036056471192e+01 4.490589270783131326e+01
1.903275270624998541e+02 2.383139447793803711e+01 4.716701072790413463e+01
1.875914081510702829e+02 2.426732272803352330e+01 4.945652835444987971e+01
1.848248105951384730e+02 2.469489923275972032e+01 5.177451234811845637e+01
1.820277568678029070e+02 2.511402809952062753e+01 5.412102839672413523e+01
1.792002712962907651e+02 2.552461343015156103e+01 5.649614109991548361e+01
1.763423800626353568e+02 2.592655932448855793e+01 5.889991396663819501e+01
1.734541112049262779e+02 2.631976988234188042e+01 6.133240941318136663e+01
1.705354946226437391e+02 2.670414920931078129e+01 6.379368875637656799e+01
1.675865620846074933e+02 2.707960142506359347e+01 6.628381220369043092e+01
1.646073472308398209e+02 2.744603066581505502e+01 6.880283885058659621e+01
1.616292226246836776e+02 2.777673892094373542e+01 7.135099661946770766e+01
1.587553295324942439e+02 2.798537537507145956e+01 7.392798791960291283e+01
1.559910127771084944e+02 2.806998271568283343e+01 7.653199740592445721e+01
1.533332344115465844e+02 2.803567243094248340e+01 7.916119905817728863e+01
1.507790338470489928e+02 2.788739325141521519e+01 8.181383778195241518e+01
1.483255274134605202e+02 2.762993219891056640e+01 8.448822891586753769e+01
1.459699078060570514e+02 2.726791581734588732e+01 8.718275767641095797e+01
1.437094405704975202e+02 2.680581908951640102e+01 8.989587482991098000e+01
1.415414614815046548e+02 2.624797199393271896e+01 9.262609353272259227e+01
1.394633764883959373e+02 2.559855958010503230e+01 9.537198931011312197e+01
1.374723306500368096e+02 2.486202421305826959e+01 9.813213667806689955e+01
1.355218922772340875e+02 2.409516442012358084e+01 1.008972655641843090e+02
1.335795692959827363e+02 2.333711064950383118e+01 1.036614353161400857e+02
1.316455509540822959e+02 2.258778079424260454e+01 1.064244165965237130e+02
1.297854500306422096e+02 2.184822220420928929e+01 1.091027397575939375e+02
1.280328138101916977e+02 2.111889932737302544e+01 1.116532198888201606e+02
1.263834166314259022e+02 2.039960218076157261e+01 1.140805903046923788e+02
1.248322781458778650e+02 1.969011082439815041e+01 1.163905720850929555e+02
1.233746601039705837e+02 1.899021328690144372e+01 1.185886104526864386e+02
1.220060362036748387e+02 1.829970464520309648e+01 1.206799090689813454e+02
1.207220849156310578e+02 1.761832613439153050e+01 1.226693709959898939e+02
1.195187460395250980e+02 1.694998145668860445e+01 1.245662136646898261e+02
1.183901158957940822e+02 1.630405479257276014e+01 1.263855744738938398e+02
1.173141621151683864e+02 1.567715865806145636e+01 1.281279955858218216e+02
1.162773948669210853e+02 1.506920549726487835e+01 1.297974071583924740e+02
1.152778803752821943e+02 1.447967052521825693e+01 1.313966677955158957e+02
1.143142165280343221e+02 1.390791609862878708e+01 1.329283541879385666e+02
1.133850712532989746e+02 1.335332523628427026e+01 1.343949376551899206e+02
1.124891594555972176e+02 1.281530245890318298e+01 1.357988026944305204e+02
1.116252414714933394e+02 1.229327308364019089e+01 1.371422498328476820e+02
1.107921229061492454e+02 1.178668314940406070e+01 1.384274959295595693e+02
1.099886543580856397e+02 1.129499929096654043e+01 1.396566746841944564e+02
1.092137304924658707e+02 1.081770831565445512e+01 1.408318383484667606e+02
1.084662844988015422e+02 1.035431467137878947e+01 1.419549679628739227e+02
1.077452874781447179e+02 9.904340166661677713e+00 1.430279744885816058e+02
1.070497482342410365e+02 9.467323875198779604e+00 1.440526991932031819e+02
1.063787132371897428e+02 9.042822119107313483e+00 1.450309137181332062e+02
1.057312651111563468e+02 8.630407778088319048e+00 1.459643228716983856e+02
1.051065183984506746e+02 8.229668354139615616e+00 1.468545724531439589e+02
1.045036192766074663e+02 7.840205842289197591e+00 1.477032497752119298e+02
1.039217456901552339e+02 7.461636790762200988e+00 1.485118834208046223e+02
1.033601067075129123e+02 7.093592007010876443e+00 1.492819444310465826e+02
1.028185285156064879e+02 6.736004537843309770e+00 1.500139572002816521e+02
1.022920071125730317e+02 6.386433881294550474e+00 1.507157831265350865e+02
1.017712995103508149e+02 6.040353950085767920e+00 1.514016484586840932e+02
1.012551976956822557e+02 5.694546763610527584e+00 1.520771794931970078e+02
1.007454311767394159e+02 5.346812869297378867e+00 1.527441126955991990e+02
1.002420574319797026e+02 4.997072452733818615e+00 1.534025741552314628e+02
9.974501995916537567e+01 4.645381573833158306e+00 1.540525921940725596e+02
9.925428739625121466e+01 4.291766123585988524e+00 1.546942166664672413e+02
9.876982502605650893e+01 3.936255914249219057e+00 1.553274943689942234e+02
9.829159824041617810e+01 3.578880595812654164e+00 1.559524719492455631e+02
9.781957239879119470e+01 3.219669605469967610e+00 1.565691960912986644e+02
9.735371290778564912e+01 2.858652197523621208e+00 1.571777134114519185e+02
9.689398523998745816e+01 2.495857450243180509e+00 1.577780704335135908e+02
9.644035493396847869e+01 2.131314265865311253e+00 1.583703135888019347e+02
9.599278759428453611e+01 1.765051370593778701e+00 1.589544892161450491e+02
9.555124889147533906e+01 1.397097314599450524e+00 1.595306435618811065e+02
9.511570456206450785e+01 1.027480472020293689e+00 1.600988227798581534e+02
9.468612040855961709e+01 6.562290409613755759e-01 1.606590729314341104e+02
9.426246229945212463e+01 2.833710434948649159e-01 1.612114399854769147e+02
9.384469616921742841e+01 -9.106567433996694272e-02 1.617559698183644059e+02
9.343278801831485225e+01 -4.670534425367519060e-01 1.622927082139844117e+02
9.302670391318763166e+01 -8.445647671220195551e-01 1.628217008637345202e+02
9.262640998626291378e+01 -1.223572330155196619e+00 1.633429933665225064e+02
9.223187243595182849e+01 -1.604048989728612984e+00 1.638566312287658775e+02
9.184305752664934630e+01 -1.985967779967494184e+00 1.643626598643921568e+02
9.145993158873437778e+01 -2.369301911029967567e+00 1.648611245948388273e+02
9.108246101856977361e+01 -2.754024769107058290e+00 1.653520706490532461e+02
9.071061228483789307e+01 -3.140109909798819654e+00 1.658355431553122799e+02
9.034435194534133018e+01 -3.527531031496835112e+00 1.663115871197936144e+02
8.998364657719973536e+01 -3.916262044924604169e+00 1.667802475168196281e+02
8.962846282684881771e+01 -4.306277036347094800e+00 1.672415692238301119e+02
8.927876741927931903e+01 -4.697550259128522754e+00 1.676955970094164741e+02
8.893452715803702802e+01 -5.090056133732353771e+00 1.681423755333217684e+02
8.859570892522270924e+01 -5.483769247721302698e+00 1.685819493464407230e+02
8.826227968149215997e+01 -5.878664355757332594e+00 1.690143628908194557e+02
8.793420646605616753e+01 -6.274716379601655625e+00 1.694396604996559574e+02
8.761145639668059459e+01 -6.671900408114733061e+00 1.698578863972994952e+02
