2.540000000000000000e+02 7.000000000000000000e+00 0.000000000000000000e+00
2.525059193024973752e+02 7.661667957908208315e+00 8.532942847586182378e-01
2.509921862963544754e+02 8.328043907784197231e+00 1.722252137649320058e+00
2.494580631245669338e+02 8.998846261587880591e+00 2.607897173586903428e+00
2.479020552123339769e+02 9.673295816345788722e+00 3.512498820987928649e+00
2.463238242461989671e+02 1.035138664876494907e+01 4.436412006157485877e+00
2.447230992875023787e+02 1.103316036039439041e+01 5.379877789359930773e+00
2.430995953521747026e+02 1.171865155495409994e+01 6.343157814300750097e+00
2.414527727795243095e+02 1.240773963003394620e+01 7.326923144708354485e+00
2.397796271003291793e+02 1.309890230270313971e+01 8.335791702583485119e+00
2.380788312822981254e+02 1.379164812009234709e+01 9.371663666803051740e+00
2.363492826611824569e+02 1.448464686414987845e+01 1.043707921967658514e+01
2.345880098000306191e+02 1.517312150683427063e+01 1.154012757898184383e+01
2.327943496843005846e+02 1.585652156149827796e+01 1.268209587231371849e+01
2.309656278099033102e+02 1.653139922371693160e+01 1.386889234699412121e+01
2.290984094615203333e+02 1.719315003116409812e+01 1.510826423515601213e+01
2.271920497345994647e+02 1.784133810831116662e+01 1.640130314803639067e+01
2.252460169235962155e+02 1.847570309349191220e+01 1.774882526720590903e+01
2.232597730880528957e+02 1.909598133694986188e+01 1.915165662005609093e+01
2.212327734032377577e+02 1.970190554974833930e+01 2.061063411496726161e+01
2.191644660945040926e+02 2.029320476839085430e+01 2.212660564585659273e+01
2.170542924372904565e+02 2.086960435482110299e+01 2.370043009217809882e+01
2.149016867571204727e+02 2.143082599642294284e+01 2.533297731892265858e+01
2.127060764253971570e+02 2.197658770375124604e+01 2.702512818331956623e+01
2.104668814636917205e+02 2.250660359698892776e+01 2.877777516540111336e+01
2.081835151098778738e+02 2.302058421126757537e+01 3.059182146609246544e+01
2.058553833872669827e+02 2.351823626436780401e+01 3.246818169354261130e+01
2.034818846703563793e+02 2.399926242247461516e+01 3.440778255499008509e+01
2.010624096848296460e+02 2.446336130017737887e+01 3.641156285676302673e+01
1.985963415075563034e+02 2.491022746046986214e+01 3.848047350427911084e+01
1.960830555665920656e+02 2.533955141475020412e+01 4.061547750204557161e+01
1.935219196411787550e+02 2.575101962282091961e+01 4.281754995365923122e+01
1.909123581474657669e+02 2.614425007147975322e+01 4.508764690513226725e+01
1.882563056430938389e+02 2.651643421028792247e+01 4.742545282554278430e+01
1.855544477684103128e+02 2.686608779040949813e+01 4.983121314895546305e+01
1.828062025381410081e+02 2.719295092258931490e+01 5.230573075672523942e+01
1.800276247981286986e+02 2.748412408971263332e+01 5.484846185528364515e+01
1.772325003325556736e+02 2.772953052600391288e+01 5.745732718953750151e+01
1.744224662146464766e+02 2.792814513152259792e+01 6.013180906740235798e+01
1.715980316617371955e+02 2.807970142758711773e+01 6.287168938435313237e+01
1.687597256250961948e+02 2.818393551453818802e+01 6.567672497109219876e+01
1.659149934724190416e+02 2.824137239398413612e+01 6.853838887322679341e+01
1.630901525808877466e+02 2.825495652291010984e+01 7.142526524377890951e+01
1.602870023832022071e+02 2.822516314643619140e+01 7.433495420966519873e+01
1.575060510201789725e+02 2.815233444572994870e+01 7.726658703414014440e+01
1.547477790639674708e+02 2.803681803522094995e+01 8.021931853094611142e+01
1.520126580558881244e+02 2.787896878569566539e+01 8.319230516709149015e+01
1.493011504595178280e+02 2.767914865765533960e+01 8.618470528230534455e+01
1.466137096122018306e+02 2.743772653875173262e+01 8.919567930588051752e+01
1.439691848175191922e+02 2.715612879203390762e+01 9.220423468343199147e+01
1.414478578412523291e+02 2.684002099520351337e+01 9.512133953767805394e+01
1.390555252983031380e+02 2.649175023539335783e+01 9.793855379844528386e+01
1.367876486065100607e+02 2.611305818594778216e+01 1.006587707658489563e+02
1.346391919692360091e+02 2.570558991905483737e+01 1.032854988162656440e+02
1.326052305437322048e+02 2.527091762431410515e+01 1.058222069141892661e+02
1.306812328104373648e+02 2.481055505139554285e+01 1.082720171491654355e+02
1.288627777486877619e+02 2.432595516299264560e+01 1.106380001129986255e+02
1.271456053394453818e+02 2.381851333031702467e+01 1.129231192865203894e+02
1.255256170637797766e+02 2.328956714537719108e+01 1.151302307174360777e+02
1.239983738929134205e+02 2.274295805919615532e+01 1.172598871941837615e+02
1.225590753795309666e+02 2.218529385650179719e+01 1.193100952482077162e+02
1.211991315760740235e+02 2.162247989546601445e+01 1.212832949193484922e+02
1.199073592856689174e+02 2.106288901290053062e+01 1.231825278464949349e+02
1.186805799139217328e+02 2.050694903636960476e+01 1.250107949667072091e+02
1.175161817246607114e+02 1.995463145119969539e+01 1.267708260981778778e+02
1.164111317703522985e+02 1.940586424369642415e+01 1.284647770852041901e+02
1.153596026628346181e+02 1.886115896242947798e+01 1.300936357010567122e+02
1.143566678511515562e+02 1.832198445398350728e+01 1.316607286141449435e+02
1.133983211869127530e+02 1.778960772179800642e+01 1.331696367796307072e+02
1.124814685093016919e+02 1.726483873750219189e+01 1.346236794412755842e+02
1.116043516118732413e+02 1.674758894002697573e+01 1.360250016952318504e+02
1.107655576520116085e+02 1.623764938781638989e+01 1.373754362815103605e+02
1.099637203289238414e+02 1.573482076179148059e+01 1.386767571966936714e+02
1.091975209375615918e+02 1.523891038246971874e+01 1.399306768388717899e+02
1.084656877271797129e+02 1.474973212099912701e+01 1.411388468374615002e+02
1.077669927417338300e+02 1.426710596140703302e+01 1.423028621403863667e+02
1.071006857462604103e+02 1.379088958789592390e+01 1.434237179410174861e+02
1.064594033905438835e+02 1.332045935266978098e+01 1.445106859174797762e+02
1.058355158017001827e+02 1.285519008779675332e+01 1.455733599245001528e+02
1.052287413142357764e+02 1.239505640329581304e+01 1.466120861034864333e+02
1.046351083494708547e+02 1.194048652858445969e+01 1.476312315785048099e+02
1.040529199832518970e+02 1.149161114576983067e+01 1.486327002439795706e+02
1.034818964390785254e+02 1.104836352976687230e+01 1.496168711577160479e+02
1.029219201664584631e+02 1.061065749771465150e+01 1.505839463990358809e+02
1.023728037177549623e+02 1.017840727520242261e+01 1.515342107989205829e+02
1.018340997255932194e+02 9.751391775770317238e+00 1.524683660477735145e+02
1.013049653211232197e+02 9.329192081657380342e+00 1.533877418924133735e+02
1.007836224890233012e+02 8.910888550321567791e+00 1.542951033853743752e+02
1.002638060354317560e+02 8.493223491026597571e+00 1.552001985078064763e+02
9.974399920456389168e+01 8.075408084131250774e+00 1.561053872810288112e+02
9.922430491147480325e+01 7.657495948686225518e+00 1.570105095114699054e+02
9.870471763142955979e+01 7.239484383376262322e+00 1.579155736826046166e+02
9.818523722153487654e+01 6.821373467445182470e+00 1.588205799163843324e+02
9.766586397945725651e+01 6.403163509209069737e+00 1.597255276492952305e+02
9.714659820268238377e+01 5.984854816934392474e+00 1.606304163180713260e+02
9.662744018851130079e+01 5.566447698833884239e+00 1.615352453597016620e+02
9.610839023405880255e+01 5.147942463063680307e+00 1.624400142114341179e+02
9.558944863625332289e+01 4.729339417723321226e+00 1.633447223107757509e+02
9.507061569183684924e+01 4.310638870855742155e+00 1.642493690954925967e+02
9.455189169736517840e+01 3.891841130447288855e+00 1.651539540036094991e+02
9.403327694920764657e+01 3.472946504427703029e+00 1.660584764734105363e+02
9.351477174354728561e+01 3.053955300670131212e+00 1.669629359434386515e+02
9.299637637638079468e+01 2.634867826991120321e+00 1.678673318524958518e+02
9.247809114351849757e+01 2.215684391150620325e+00 1.687716636396430374e+02
9.195991634058444220e+01 1.796405300851982467e+00 1.696759307442003433e+02
9.144185226301625846e+01 1.377030863741959710e+00 1.705801326057466554e+02
9.092390023473485883e+01 9.575633702356577404e-01 1.714842662170731558e+02
9.040606555420566792e+01 5.380127792194596692e-01 1.723883191119106755e+02
8.988834172207641871e+01 1.183663131839633453e-01 1.732923068864917298e+02
8.937072104319753407e+01 -3.013911248990963632e-01 1.741962479900810195e+02
8.885319700244627938e+01 -7.212723735842967443e-01 1.751001580741564965e+02
8.833576426472671983e+01 -1.141288012952528907e+00 1.760040499924097901e+02
8.781841867496966358e+01 -1.561446364610996840e+00 1.769079338007457523e+02
8.730115725813278971e+01 -1.981753491693216462e+00 1.778118167572828554e+02
8.678397821920056288e+01 -2.402213198859018295e+00 1.787157033223527947e+02
8.626688095309408766e+01 -2.822827012352267406e+00 1.796195951344408570e+02
8.574986598993098141e+01 -3.243594259701463756e+00 1.805234911254448775e+02
8.523293382004246155e+01 -3.664514340651951141e+00 1.814273903193069089e+02
8.471608481997708395e+01 -4.085586878264759747e+00 1.823312920129413897e+02
8.419931936609202694e+01 -4.506811495608787688e+00 1.832351955034969819e+02
8.368263783455307703e+01 -4.928187815760803225e+00 1.841391000883569689e+02
8.316604060133462895e+01 -5.349715461805434558e+00 1.850430050651388854e+02
8.264952804221961458e+01 -5.771394056835187136e+00 1.859469097316945749e+02
8.213310053279967349e+01 -6.193223223950423240e+00 1.868508133861103886e+02
