2.540000000000000000e+02 7.000000000000000000e+00 0.000000000000000000e+00
2.511940432309268942e+02 7.650389021499350406e+00 2.276869901204395141e+00
2.484136329757890564e+02 8.281367398382482037e+00 4.544454880860278045e+00
2.456584971397709865e+02 8.893133591020310647e+00 6.802864369932759558e+00
2.429283664583040263e+02 9.485883971935718861e+00 9.052206682904747836e+00
2.402229744614258493e+02 1.005981285206784825e+01 1.129258903186627627e+01
2.375420574737802326e+02 1.061511248077209935e+01 1.352411752651448218e+01
2.348853543423121835e+02 1.115196616982526301e+01 1.574689923917214962e+01
2.322526077991540205e+02 1.167058343416984378e+01 1.796103165517250133e+01
2.296435631573681349e+02 1.217116727174508384e+01 2.016661256890310128e+01
2.270580981759827353e+02 1.265343497979819176e+01 2.236378572913525886e+01
2.244967229343588428e+02 1.311701315697086656e+01 2.455230153520444603e+01
2.219595462424946106e+02 1.356193597082544855e+01 2.673206319861207803e+01
2.194464158889451255e+02 1.398835236009290028e+01 2.890311491892224538e+01
2.169570084210633070e+02 1.439648666680401945e+01 3.106559342040935690e+01
2.144910594995420468e+02 1.478653580620152397e+01 3.321960414721471011e+01
2.120483102137673654e+02 1.515869340996398407e+01 3.536525003778325527e+01
2.096285013752103339e+02 1.551315235776448098e+01 3.750263459791420217e+01
2.072313766583778545e+02 1.585010337228372634e+01 3.963186021386215430e+01
2.048566825815346135e+02 1.616973503372227228e+01 4.175302815989132199e+01
2.025041685021433580e+02 1.647223378323059961e+01 4.386623860006135089e+01
2.001735865257736862e+02 1.675778399147733566e+01 4.597159062391725826e+01
1.978646914809457940e+02 1.702656797758432106e+01 4.806918225634557018e+01
1.955772409181367095e+02 1.727876600987527311e+01 5.015911045796407564e+01
1.933109950843424656e+02 1.751455632502087667e+01 5.224147113508843177e+01
1.910656980004692116e+02 1.773413748102340293e+01 5.431633435471210447e+01
1.888411166765027076e+02 1.793768274918117811e+01 5.638379419007350180e+01
1.866378044765092739e+02 1.812443383761142712e+01 5.844498042712046271e+01
1.844559331113274254e+02 1.829407483052780137e+01 6.050053937626567802e+01
1.822952442173835550e+02 1.844679381583016564e+01 6.255056029680611829e+01
1.801554917695253550e+02 1.858276693641300881e+01 6.459514069057743768e+01
1.780364222255942082e+02 1.870218014782525628e+01 6.663436415467683105e+01
1.759377848621570308e+02 1.880521731447679912e+01 6.866831338076629265e+01
1.738593319861180362e+02 1.889206005285310752e+01 7.069707008689736938e+01
1.718008193406681698e+02 1.896288743072873828e+01 7.272071488671976169e+01
1.697620054248880876e+02 1.901787647129594205e+01 7.473932750869593633e+01
1.677426514760753093e+02 1.905720216625851648e+01 7.675298680179484734e+01
1.657425214697443039e+02 1.908103747583183107e+01 7.876177073549163765e+01
1.637613821196262052e+02 1.908955332874278810e+01 8.076575639976802279e+01
1.617990028776691815e+02 1.908291862222984037e+01 8.276502000511192136e+01
1.598551559340382084e+02 1.906130022204299124e+01 8.475963688251769668e+01
1.579296162171150115e+02 1.902486296244381236e+01 8.674968148348611408e+01
1.560221614005037054e+02 1.897376964101441388e+01 8.873522737776789882e+01
1.541325719480862233e+02 1.890818098526290569e+01 9.071634723885854612e+01
1.522606308395974679e+02 1.882825585596339124e+01 9.269311293240437521e+01
1.504062521583620651e+02 1.873416144654990134e+01 9.466543737966486560e+01
1.485717411134300505e+02 1.862626135475687050e+01 9.663028561237605629e+01
1.467578504658718259e+02 1.850481456496003929e+01 9.858651175692885715e+01
1.449643516669610506e+02 1.837000270779579836e+01 1.005341762691247709e+02
1.431910104377044490e+02 1.822200459306007758e+01 1.024733492675271975e+02
1.414375867688421522e+02 1.806099620970833541e+01 1.044041105334614059e+02
1.397038349208473562e+02 1.788715072585558019e+01 1.063265495110143917e+02
1.379895034239266636e+02 1.770063848877634882e+01 1.082407653070351046e+02
1.362943350780198841e+02 1.750162702490472810e+01 1.101468666911342780e+02
1.346180669527999214e+02 1.729028103983434406e+01 1.120449720956845283e+02
1.329604303876731137e+02 1.706676241831833352e+01 1.139352096158202698e+02
1.313211542520373882e+02 1.683123038068942989e+01 1.158177131111266220e+02
1.296999985306028123e+02 1.658384320719027016e+01 1.176925819241953945e+02
1.280967225220904595e+02 1.632475697620702704e+01 1.195599186161501848e+02
1.265110841578191412e+02 1.605412551584526426e+01 1.214198297971149998e+02
1.249428445741052940e+02 1.577210061413373410e+01 1.232724206688866246e+02
1.233917681122626959e+02 1.547883201902434536e+01 1.251177950249346083e+02
1.218576228909666384e+02 1.517446889988415215e+01 1.269560554475465182e+02
1.203401765506223597e+02 1.485915040850530922e+01 1.287873023723761889e+02
1.188391867889312437e+02 1.453298249506414486e+01 1.306116310535752802e+02
1.173544161601284799e+02 1.419607356030849132e+01 1.324291357377355780e+02
1.158856338380870596e+02 1.384853877062415428e+01 1.342399101951799025e+02
1.144326156163178609e+02 1.349050005803490038e+01 1.360440477199619238e+02
1.129951439079695064e+02 1.312208612020246612e+01 1.378416411298659909e+02
1.115730077458285052e+02 1.274343242042655255e+01 1.396327827664073595e+02
1.101660027823191399e+02 1.235468118764483414e+01 1.414175644948321349e+02
1.087739284274066591e+02 1.195597477641790540e+01 1.431960771388399110e+02
1.073965447423476718e+02 1.154747933976512897e+01 1.449684022996854935e+02
1.060322515082471995e+02 1.113105831878834984e+01 1.467343587673751699e+02
1.046801406362943681e+02 1.070773607040864839e+01 1.484938794159327244e+02
1.033398392314023226e+02 1.027761122080587874e+01 1.502472629162759574e+02
1.020094584374810438e+02 9.840888038960223128e+00 1.519962985931666708e+02
1.006875642777129940e+02 9.397728797444187876e+00 1.537423380117382123e+02
9.937396925531658098e+01 8.948310801559800964e+00 1.554853473397155597e+02
9.806809878640730460e+01 8.493119757661652613e+00 1.572252565026726359e+02
9.676969274506758723e+01 8.032339377853977780e+00 1.589621042109290272e+02
9.547851226286702797e+01 7.566104177023359689e+00 1.606960196299143320e+02
9.418941049260207876e+01 7.097026649381216856e+00 1.624302790672201695e+02
9.289911720892638414e+01 6.626717291424003342e+00 1.641669580199535687e+02
9.160723171035353118e+01 6.155345678684077448e+00 1.659063159906878582e+02
9.031382827499189148e+01 5.682876679112308871e+00 1.676483082760656202e+02
8.901892058635600335e+01 5.209301330296239207e+00 1.693929289166719343e+02
8.772249722012055884e+01 4.734621473871340136e+00 1.711401880520959367e+02
8.642455772236996836e+01 4.258834987424490848e+00 1.728900880565323916e+02
8.512522155942447455e+01 3.781921617530890067e+00 1.746425220155863087e+02
8.382426069607420516e+01 3.303913744813725906e+00 1.763976996094354490e+02
8.252134548771840628e+01 2.824858970679572590e+00 1.781559232643733708e+02
8.121624894161971042e+01 2.344789159685432001e+00 1.799174020783097205e+02
7.990884671690390917e+01 1.863720439538726348e+00 1.816822518207704320e+02
7.859911674648060398e+01 1.381654227639869781e+00 1.834504962879127277e+02
7.728707869635987038e+01 8.985954858845650595e-01 1.852221316378872302e+02
7.597269015444940976e+01 4.145294572714545156e-01 1.869971797384423269e+02
7.465590792334371883e+01 -7.056292668419492098e-02 1.887756584680839751e+02
7.333669913510067317e+01 -5.566961543037437510e-01 1.905575826967560999e+02
7.201504125124144196e+01 -1.043880133745179517e+00 1.923429642858402246e+02
7.069092206275058743e+01 -1.532120193003117636e+00 1.941318120881554989e+02
6.936433905639148634e+01 -2.021417360544250919e+00 1.959241321377677139e+02
6.803528761338027664e+01 -2.511773593542900862e+00 1.977199311591998026e+02
6.670376184711258816e+01 -3.003191411327184479e+00 1.995192162553549338e+02
6.536975691755232276e+01 -3.495672869798484683e+00 2.013219942229667652e+02
6.403326797520225000e+01 -3.989220028880273272e+00 2.031282718720584342e+02
6.269429016110392894e+01 -4.483834952518109596e+00 2.049380560259428705e+02
6.135281860683763000e+01 -4.979519708679638335e+00 2.067513535212225975e+02
6.000884843452246287e+01 -5.476276369354590834e+00 2.085681712077898453e+02
5.866237596594646675e+01 -5.974098003898146381e+00 2.103884797812572174e+02
5.731339689313344365e+01 -6.472983222383924762e+00 2.122122722072199963e+02
5.596190498920061174e+01 -6.972944914517895221e+00 2.140395987917127059e+02
5.460789409241439074e+01 -7.473994763060272106e+00 2.158705049745635165e+02
5.325135811006139619e+01 -7.976143214264165948e+00 2.177050312106689489e+02
5.189229101844857439e+01 -8.479399477875569247e+00 2.195432129699937320e+02
5.053068686290306744e+01 -8.983771527133367130e+00 2.213850807375708882e+02
4.916653975777231977e+01 -9.489266098769334690e+00 2.232306600135016765e+02
4.779984388642402138e+01 -9.995888693008140535e+00 2.250799713129557063e+02
4.643059350124612905e+01 -1.050364357356732903e+01 2.269330301661707665e+02
4.505878292364685933e+01 -1.101253376765735226e+01 2.287898471184530251e+02
4.368440654405468138e+01 -1.152256106598153806e+01 2.306504277301768013e+02
4.230745882191832408e+01 -1.203372602273611491e+01 2.325147725767847646e+02
4.092793428570681158e+01 -1.254602795561019235e+01 2.343828772487879064e+02
3.954582750915150768e+01 -1.305946566159315836e+01 2.362547352397449174e+02
