2.540000000000000000e+02 7.000000000000000000e+00 0.000000000000000000e+00
2.524361937928112241e+02 7.647991901444174623e+00 9.373614543642020402e-01
2.508479846982464494e+02 8.301438038005263920e+00 1.894237481144417146e+00
2.492349415000272472e+02 8.960358127378505344e+00 2.871046326453869479e+00
2.475954324889910652e+02 9.624030401989413619e+00 3.870109240175337639e+00
2.459270413396804145e+02 1.029147039896950311e+01 4.894917278425403140e+00
2.442286526772568607e+02 1.096240331471765295e+01 5.946915231383612443e+00
2.424995126860073924e+02 1.163633402924138593e+01 7.027396098155056947e+00
2.407365235372602967e+02 1.230858456133865886e+01 8.144419446779865623e+00
2.389383753059641435e+02 1.297769052948644841e+01 9.300862101136974758e+00
2.371036358272276345e+02 1.364227834411759055e+01 1.049944222825542361e+01
2.352279449951800245e+02 1.429666668848721400e+01 1.174976978867158195e+01
2.333100232577883162e+02 1.493969180716062439e+01 1.305422753616178611e+01
2.313492512950834907e+02 1.557116831657911682e+01 1.441364020584141414e+01
2.293449695208004186e+02 1.619086256661393719e+01 1.582891767579330988e+01
2.272965113883296340e+02 1.679854094319921032e+01 1.730097728806183000e+01
2.252032006718223158e+02 1.739396632928533393e+01 1.883074983924541357e+01
2.230643509176105113e+02 1.797689790547680744e+01 2.041918034405946614e+01
2.208792654441731429e+02 1.854709115001953990e+01 2.206722803538502120e+01
2.186472373421356394e+02 1.910429783880084997e+01 2.377586636426874733e+01
2.163675494471339960e+02 1.964826603548694806e+01 2.554608303769458644e+01
2.140394737977171076e+02 2.017873989449077499e+01 2.737888077315872692e+01
2.116622724579825956e+02 2.069545995995118659e+01 2.927527615362089719e+01
2.092351965639765297e+02 2.119816281916219225e+01 3.123630095483838076e+01
2.067574858991212921e+02 2.168658094826481886e+01 3.326300273634110738e+01
2.042283688942153788e+02 2.216044271224713924e+01 3.535644484143166011e+01
2.016470626274337690e+02 2.261947236494426150e+01 3.751770639718530731e+01
1.990127728243276408e+02 2.306339004903830769e+01 3.974788231444993158e+01
1.963253744675683379e+02 2.349119292601758957e+01 4.204781759896958704e+01
1.935867934270787600e+02 2.389977296555495911e+01 4.441751799382372923e+01
1.907973537768247922e+02 2.428780675951272272e+01 4.685755515863659326e+01
1.879577406185964321e+02 2.465436273394940514e+01 4.936818251911148536e+01
1.850887278711025203e+02 2.498890460370558131e+01 5.193927097141521187e+01
1.821995466200368412e+02 2.528131567687656300e+01 5.457414664863529907e+01
1.792933247239683681e+02 2.552499899216040546e+01 5.727852749324036097e+01
1.763706448600136696e+02 2.571960746044509349e+01 6.005222193866134717e+01
1.734320762036761323e+02 2.586485125640992067e+01 6.289497694160495911e+01
1.704855507767197480e+02 2.596111995568482200e+01 6.579797825076825291e+01
1.675569812998581654e+02 2.601072046496135215e+01 6.873122940738358011e+01
1.646500191015457801e+02 2.601425672893911312e+01 7.169024588781613261e+01
1.617657633859457462e+02 2.597213205220856480e+01 7.467347338797432599e+01
1.589047219325793776e+02 2.588471618853437306e+01 7.768002263103662131e+01
1.560672414814433751e+02 2.575237342674221352e+01 8.070918129442647171e+01
1.532538983677638100e+02 2.557549188957639430e+01 8.375996694160372158e+01
1.504651995744817157e+02 2.535446443200473254e+01 8.683146559541857812e+01
1.477014165636779808e+02 2.508968545848246734e+01 8.992300253540777533e+01
1.449932316275622952e+02 2.478246286156096545e+01 9.300183752901914147e+01
1.424211672615381303e+02 2.443651567693594373e+01 9.598172803693725541e+01
1.399860753506181368e+02 2.405408088910771625e+01 9.885948905241785667e+01
1.376824203991198203e+02 2.363715144750169728e+01 1.016387240357573489e+02
1.355048705065689205e+02 2.318764069381330373e+01 1.043229102870200933e+02
1.334482894786870588e+02 2.270738554401790665e+01 1.069154037361879688e+02
1.315077371541241575e+02 2.219814634961594990e+01 1.094194387518140843e+02
1.296784611529385245e+02 2.166161021260404240e+01 1.118381331646804142e+02
1.279558865604680307e+02 2.109939514588316811e+01 1.141744945322533198e+02
1.263356056668613547e+02 2.051308370170441009e+01 1.164313951760851893e+02
1.248121444384286747e+02 1.991047024875978622e+01 1.186062371068556160e+02
1.233773077384553432e+02 1.929909753529549121e+01 1.206991762122657406e+02
1.220177433060933652e+02 1.868940720028006908e+01 1.227132763699214735e+02
1.207277249199549090e+02 1.808302844401008258e+01 1.246511797658736214e+02
1.195002405924332294e+02 1.748043587168297819e+01 1.265135099198993345e+02
1.183324875322098819e+02 1.688150860843372669e+01 1.283026298011125448e+02
1.172204490549200244e+02 1.628758134952562742e+01 1.300226713294284195e+02
1.161586129816831630e+02 1.570102694398559073e+01 1.316784402495125619e+02
1.151444116095603931e+02 1.512218025085910256e+01 1.332727337243995578e+02
1.141753179833989975e+02 1.455122818303594556e+01 1.348084027191347900e+02
1.132492746847061085e+02 1.398816852752683992e+01 1.362878756778787874e+02
1.123648368634614201e+02 1.343274258964365409e+01 1.377130367163869948e+02
1.115204888135980070e+02 1.288475755520146926e+01 1.390858077390439007e+02
1.107147825729420134e+02 1.234401979614102451e+01 1.404080312902353285e+02
1.099463208429258998e+02 1.181034205740771448e+01 1.416814857103223915e+02
1.092137559372456082e+02 1.128354332597596432e+01 1.429078864671251665e+02
1.085158973245471685e+02 1.076344983447482662e+01 1.440887589270691365e+02
1.078521009143458969e+02 1.024989863996346173e+01 1.452249777997224385e+02
1.072127978461070228e+02 9.742665213891857690e+00 1.463279567852358696e+02
1.065896079882677867e+02 9.241651941653932667e+00 1.474076107742566819e+02
1.059791115562268260e+02 8.746870511106410007e+00 1.484679381423959512e+02
1.053810656598039230e+02 8.258228708042738120e+00 1.495092900209737081e+02
1.047952879617182447e+02 7.775637158652001446e+00 1.505319442304903816e+02
1.042215929800765792e+02 7.299008703105616114e+00 1.515361806146549668e+02
1.036599098579990397e+02 6.828314357925373557e+00 1.525221031638636759e+02
1.031048312541834520e+02 6.360811248152585584e+00 1.534980065642176328e+02
1.025500882447583422e+02 5.893314109526571087e+00 1.544735107596720809e+02
1.019955131146042646e+02 5.425737919952434041e+00 1.554488729887167722e+02
1.014411062229439437e+02 4.958083088557325269e+00 1.564240925507058932e+02
1.008868679286860583e+02 4.490350024329620382e+00 1.573991687454548298e+02
1.003327985904205661e+02 4.022539136110221847e+00 1.583741008732527575e+02
9.977889856641898803e+01 3.554650832592429754e+00 1.593488882348624429e+02
9.922516821463419490e+01 3.086685522321939601e+00 1.603235301315204424e+02
9.867160789270043608e+01 2.618643613696846728e+00 1.612980258649370171e+02
9.811821795793338197e+01 2.150525514967640994e+00 1.622723747372960474e+02
9.756499876733008136e+01 1.682331634237209217e+00 1.632465760512550617e+02
9.701195067756904677e+01 1.214062379460836061e+00 1.642206291099453210e+02
9.645907404501015492e+01 7.457181584462032609e-01 1.651945332169718199e+02
9.590636922569461831e+01 2.772993788533884008e-01 1.661682876764130583e+02
9.535383657534515578e+01 -1.911935518051331162e-01 1.671418917928214398e+02
9.480147644936610618e+01 -6.597602261646235977e-01 1.681153448712240106e+02
9.424928920284180833e+01 -1.128400237009309137e+00 1.690886462171205267e+02
9.369727519053856213e+01 -1.597113177271461737e+00 1.700617951364873193e+02
9.314543476690275270e+01 -2.065898640033087652e+00 1.710347909357764991e+02
9.259376828606090726e+01 -2.534756218526386995e+00 1.720076329219169793e+02
9.204227610181972352e+01 -3.003685506133758398e+00 1.729803204023146179e+02
9.149095856766605550e+01 -3.472686096387792354e+00 1.739528526848522176e+02
9.093981603676685666e+01 -3.941757582971276541e+00 1.749252290778896395e+02
9.038884886196932200e+01 -4.410899559717192275e+00 1.758974488902633766e+02
8.983805139875461521e+01 -4.880131247283788554e+00 1.768695301549601879e+02
8.928741500751013405e+01 -5.349479581395439887e+00 1.778414990842546501e+02
8.873693831397062581e+01 -5.818946415032113961e+00 1.788133584740689912e+02
8.818661999587342848e+01 -6.288533397925354151e+00 1.797851109394568141e+02
8.763645874669298053e+01 -6.758242098272673637e+00 1.807567590295283821e+02
8.708645327564066463e+01 -7.228074002737554515e+00 1.817283052274503063e+02
8.653660230766487871e+01 -7.698030516449451355e+00 1.826997519504459149e+02
8.598690458345102172e+01 -8.168112963003785865e+00 1.836711015497949973e+02
8.543735885942149366e+01 -8.638322584461953113e+00 1.846423563108339465e+02
8.488796390773569556e+01 -9.108660541351314421e+00 1.856135184529556739e+02
8.433871851629005789e+01 -9.579127912665205358e+00 1.865845901296096372e+02
8.378962148871791271e+01 -1.004972569586292508e+01 1.875555734283017557e+02
8.324067164438973521e+01 -1.052045480686975054e+01 1.885264703705946374e+02
8.269186781841288791e+01 -1.099131608007692051e+01 1.894972829121073801e+02
8.214320886163180546e+01 -1.146231026834165512e+01 1.904680129425155712e+02
8.159469364062788088e+01 -1.193343804298712918e+01 1.914386622855514020e+02
8.104632103771949403e+01 -1.240469999380250243e+01 1.924092326990036668e+02
8.049808995096209685e+01 -1.287609662904289642e+01 1.933797258747175647e+02
7.994999929414807127e+01 -1.334762837542940161e+01 1.943501434385949835e+02
