2.540000000000000000e+02 7.000000000000000000e+00 0.000000000000000000e+00
2.526693074706073219e+02 7.554680996507975088e+00 8.115791432997889743e-01
2.513163897282484811e+02 8.117129275814924938e+00 1.637764902560595370e+00
2.499408954112705317e+02 8.687467990921625471e+00 2.478788100951956341e+00
2.485422017348979011e+02 9.265665768840266381e+00 3.335296604550937793e+00
2.471185582577891751e+02 9.851038461100538157e+00 4.209681378967507825e+00
2.456693909150518778e+02 1.044360719166648543e+01 5.102492080033739441e+00
2.441942797888999053e+02 1.104349007630201562e+01 6.014032701037496764e+00
2.426925496472363761e+02 1.165065397715379447e+01 6.944997190506068563e+00
2.411617098121688514e+02 1.226407269339375894e+01 7.898845376243616379e+00
2.395996382525886190e+02 1.288305924211944742e+01 8.878417018350708290e+00
2.380037927078372775e+02 1.350428864358717362e+01 9.889687656280877093e+00
2.363719899658973418e+02 1.412503619456607851e+01 1.093765547828661511e+01
2.347036018833173898e+02 1.474531185400901379e+01 1.202295352692751429e+01
2.329957209987372835e+02 1.536185498344563882e+01 1.315141388551250579e+01
2.312448399975234281e+02 1.597055168881883347e+01 1.433023296732819141e+01
2.294500717381582149e+02 1.657108874287409250e+01 1.556059003574996957e+01
2.276106117647238136e+02 1.716328998336245348e+01 1.684345936943001831e+01
2.257256410220583973e+02 1.774697602748927494e+01 1.817983295687412593e+01
2.237943264381776771e+02 1.832196440041835217e+01 1.957071978989460703e+01
2.218158194654052124e+02 1.888806921338776590e+01 2.101714763340325831e+01
2.197892559090818168e+02 1.944510112591611417e+01 2.252016323320952651e+01
2.177137559275652166e+02 1.999286734580251235e+01 2.408083231602049779e+01
2.155884240115381658e+02 2.053117162456102918e+01 2.570023961454356609e+01
2.134123481796692943e+02 2.105981407995169263e+01 2.737948984325122836e+01
2.111846009585507318e+02 2.157859141219362797e+01 2.911970650959284512e+01
2.089042380121859708e+02 2.208729660157542440e+01 3.092203357660074303e+01
2.065702973851443289e+02 2.258571874146498715e+01 3.278763638104010880e+01
2.041817995025614891e+02 2.307364303830953034e+01 3.471770163340901405e+01
2.017377471701389027e+02 2.355085081163557703e+01 3.671343741793838689e+01
1.992370868792796443e+02 2.401716034056478932e+01 3.877608577863787787e+01
1.966789658550877959e+02 2.447214947063728374e+01 4.090684319728412532e+01
1.940646862947835984e+02 2.491313933857236762e+01 4.310619365414923010e+01
1.913951752249195124e+02 2.533794145882956528e+01 4.537468031887664921e+01
1.886696724820435804e+02 2.574607719169148368e+01 4.771339526297337841e+01
1.858969192141575490e+02 2.613223447753241402e+01 5.011893284534211546e+01
1.830962611502925483e+02 2.648579029049809463e+01 5.258275131605548580e+01
1.802692213386199001e+02 2.680530033249262090e+01 5.510497861975368750e+01
1.774203096620633175e+02 2.707981953941705200e+01 5.769539740163180852e+01
1.745512745683238620e+02 2.730580213960289626e+01 6.035683580714635355e+01
1.716644447977456309e+02 2.748299323928869242e+01 6.308716174782229302e+01
1.687872207652239638e+02 2.761285862750690256e+01 6.585618471205422964e+01
1.659281140899614968e+02 2.769613162117309102e+01 6.865426625505331515e+01
1.630877507242764182e+02 2.773312346691579222e+01 7.148046812288572482e+01
1.602667098102326406e+02 2.772415403419811852e+01 7.433389199728125618e+01
1.574655613271764878e+02 2.766955204259619450e+01 7.721363972493297467e+01
1.546848659694563821e+02 2.756965488698025979e+01 8.011881361550366876e+01
1.519251751464227880e+02 2.742480863751469045e+01 8.304851644162604885e+01
1.491870309824282685e+02 2.723536803965798825e+01 8.600185143890256256e+01
1.464709663168275426e+02 2.700169651416278782e+01 8.897792230590550844e+01
1.438000984286043149e+02 2.672431508963385838e+01 9.195284680760910589e+01
1.412593083733592323e+02 2.640499391960078412e+01 9.483904869933786586e+01
1.388529851136778746e+02 2.604595852029040515e+01 9.762983920986556541e+01
1.365763603271991542e+02 2.564934690436639286e+01 1.003278730426055034e+02
1.344240847498137157e+02 2.521721872391061225e+01 1.029364711926320268e+02
1.323910577167949043e+02 2.475154555890805952e+01 1.054587924453522305e+02
1.304725198255885630e+02 2.425421536846780413e+01 1.078977352067491751e+02
1.286638368691750998e+02 2.372704329096127296e+01 1.102561449502398574e+02
1.269605429775199354e+02 2.317177182627607834e+01 1.125367704378740541e+02
1.253583409643567563e+02 2.259007066779311756e+01 1.147422635393395467e+02
1.238524028096883995e+02 2.198606928239660974e+01 1.168732569442380083e+02
1.224276196408291213e+02 2.137856837792617881e+01 1.189256240703622467e+02
1.210759010000032561e+02 2.077335522486702146e+01 1.209019339247681728e+02
1.197905930117665321e+02 2.017097403127280586e+01 1.228030878679896034e+02
1.185666796358548396e+02 1.957184489938098437e+01 1.246309040217562654e+02
1.173996647261233619e+02 1.897733879140352542e+01 1.263896542269153969e+02
1.162827150272187993e+02 1.839095826440192738e+01 1.280848542009757693e+02
1.152137575700332945e+02 1.781270882087346408e+01 1.297189031979965250e+02
1.141910598915328166e+02 1.724239129959919126e+01 1.312939463499527903e+02
1.132129689808886468e+02 1.667979773401946986e+01 1.328120427143458357e+02
1.122778950083868779e+02 1.612472765273171760e+01 1.342751729448196727e+02
1.113843009002574291e+02 1.557698685367574321e+01 1.356852522210011784e+02
1.105307004938546243e+02 1.503638718722600132e+01 1.370441325365352441e+02
1.097156585376570774e+02 1.450274655619159603e+01 1.383536026990848029e+02
1.089377910861152401e+02 1.397588896213562570e+01 1.396153878406904312e+02
1.081957646187800037e+02 1.345564440143285800e+01 1.408311505105152719e+02
1.074882905493732039e+02 1.294184821984219802e+01 1.420024974848446391e+02
1.068139029096154786e+02 1.243432550114750335e+01 1.431312492976780675e+02
1.061654964520780169e+02 1.193266450208385443e+01 1.442259355654041713e+02
1.055315022880801763e+02 1.143699440655722910e+01 1.452998074256820473e+02
1.049100808552233843e+02 1.094744339083857554e+01 1.463548766213321244e+02
1.043010443851880211e+02 1.046392408946888430e+01 1.473914213429495135e+02
1.037042078520450730e+02 9.986350407098894877e+00 1.484097157219333099e+02
1.031193889123885441e+02 9.514637490775239570e+00 1.494100299190928638e+02
1.025464078917574540e+02 9.048701723654540174e+00 1.503926301447433502e+02
1.019850881258997504e+02 8.588460891197149394e+00 1.513577781350867610e+02
1.014351016344970162e+02 8.133759487150676648e+00 1.523059669005208150e+02
1.008949941371000278e+02 7.683888238867834453e+00 1.532394015212123008e+02
1.003581359843885679e+02 7.235501304632522945e+00 1.541680567519792646e+02
9.982141328630950738e+01 6.787025457568033993e+00 1.550966178032954588e+02
9.928484949360250766e+01 6.338472719880798856e+00 1.560250492769757216e+02
9.874843962558800570e+01 5.889840788982158237e+00 1.569533585262019528e+02
9.821218401679058729e+01 5.441130040344352992e+00 1.578815449118135348e+02
9.767608300145256806e+01 4.992340849316556195e+00 1.588096077950569622e+02
9.714013691353322599e+01 4.543473591123035504e+00 1.597375465375878889e+02
9.660434608670723833e+01 4.094528640860096047e+00 1.606653605014751633e+02
9.606871085436469571e+01 3.645506373496088415e+00 1.615930490492008857e+02
9.553323154961101693e+01 3.196407163871396673e+00 1.625206115436602943e+02
9.499790850526702002e+01 2.747231386698447686e+00 1.634480473481618503e+02
9.446274205386889378e+01 2.297979416561707566e+00 1.643753558264271817e+02
9.392773252766821201e+01 1.848651627917682116e+00 1.653025363425910257e+02
9.339288025863191933e+01 1.399248395094916608e+00 1.662295882612013713e+02
9.285818557844234533e+01 9.497700922939965595e-01 1.671565109472194592e+02
9.232364881849673566e+01 5.002170935875093205e-01 1.680833037660190143e+02
9.178927030990871572e+01 5.058977291942973187e-02 1.690099660833893438e+02
9.125505038350529219e+01 -3.991114958958112413e-01 1.699364972655334043e+02
9.072098936982837358e+01 -8.488863391733560970e-01 1.708628966790699906e+02
9.018708759913448603e+01 -1.298734383357925237e+00 1.717891636910328543e+02
8.965332727293738913e+01 -1.748673625130372278e+00 1.727153305530075613e+02
8.911968631265922625e+01 -2.198731591948023922e+00 1.736414402636611669e+02
8.858616851614570464e+01 -2.648912564951129589e+00 1.745674905918381512e+02
8.805277767206879957e+01 -3.099220439434912766e+00 1.754934790958962196e+02
8.751951741350033842e+01 -3.549658863663186281e+00 1.764194033838235498e+02
8.698639121791187279e+01 -4.000231238868357408e+00 1.773452611132387631e+02
8.645340240717483482e+01 -4.450940719251424760e+00 1.782710499913907825e+02
8.592055414756043774e+01 -4.901790211981984946e+00 1.791967677751589747e+02
8.538784944973973268e+01 -5.352782377198218811e+00 1.801224122710530935e+02
8.485529116878355183e+01 -5.803919628006907416e+00 1.810479813352132510e+02
8.432288200416260793e+01 -6.255204130483424052e+00 1.819734728734100031e+02
8.379062449974735216e+01 -6.706637803671729792e+00 1.828988848410442358e+02
8.325852104380808782e+01 -7.158222319584383264e+00 1.838242152431472505e+02
8.272657386901492771e+01 -7.609959103202533548e+00 1.847494621343807921e+02
8.219478505243782251e+01 -8.061849332475922836e+00 1.856746236190368506e+02
8.166315651554647559e+01 -8.513893938322889099e+00 1.865996978510379734e+02
