2.540000000000000000e+02 7.000000000000000000e+00 0.000000000000000000e+00
2.525599729888257912e+02 7.581236450944334848e+00 8.962318656911124615e-01
2.510950959129433784e+02 8.172225976640962841e+00 1.808078524494425077e+00
2.496041371574466154e+02 8.772684960802074272e+00 2.737061378561544078e+00
2.480854774639206823e+02 9.382130509674272645e+00 3.685288131758275298e+00
2.465384350977387840e+02 1.000061907815143591e+01 4.653393007809690118e+00
2.449598484193845991e+02 1.062691438309765779e+01 5.645792106283882283e+00
2.433478424233132387e+02 1.126054084470369787e+01 6.664893700622460671e+00
2.416998302984452778e+02 1.189828236243092618e+01 7.716686067717886566e+00
2.400134305591187172e+02 1.253728909655796642e+01 8.806568479448964482e+00
2.382879129907767322e+02 1.317759504439952600e+01 9.935265091455830699e+00
2.365204794417888365e+02 1.381629878558485736e+01 1.110824849731116615e+01
2.347071757680074029e+02 1.444886094120412956e+01 1.233364736508297099e+01
2.328470158674068387e+02 1.507501454502830640e+01 1.361271582399112035e+01
2.309390857458895425e+02 1.569461720224083123e+01 1.494652241454157071e+01
2.289824534656308970e+02 1.630752372156684515e+01 1.633615666029690061e+01
2.269761685906751438e+02 1.691358602889352625e+01 1.778272971616426901e+01
2.249192621869356401e+02 1.751265316727007715e+01 1.928737436839544017e+01
2.228107466822312972e+02 1.810457127510074926e+01 2.085124519824969980e+01
2.206496152231782446e+02 1.868918348594435841e+01 2.247551933401418012e+01
2.184348424286208115e+02 1.926633004590411247e+01 2.416139556997593019e+01
2.161653824424284380e+02 1.983584801024098354e+01 2.591009664337376606e+01
2.138401686286136396e+02 2.039757119587132195e+01 2.772286959090821767e+01
2.114581135713316371e+02 2.095133018136685976e+01 2.960098574874157862e+01
2.090181090728775075e+02 2.149695230664262624e+01 3.154574075484086393e+01
2.065190257342457585e+02 2.203426160760594144e+01 3.355845503944478025e+01
2.039597120420467888e+02 2.256307867389271848e+01 3.564047489277199077e+01
2.013389906544953192e+02 2.308322458232205321e+01 3.779317365303459297e+01
1.986564887265912773e+02 2.359355695191723967e+01 4.001774510271683738e+01
1.959147120110681044e+02 2.408967507968047528e+01 4.231461052833785885e+01
1.931132552682954611e+02 2.457071467909862861e+01 4.468481745099099101e+01
1.902620823740162450e+02 2.503034448347816010e+01 4.712460575205624735e+01
1.873813500040827194e+02 2.545666089821969535e+01 4.962586059805968119e+01
1.844718940277492152e+02 2.584911018255874637e+01 5.218826898143701953e+01
1.815368751738785704e+02 2.620015776709364985e+01 5.481844894627739961e+01
1.785799700104593626e+02 2.650125657008572944e+01 5.752384691634343028e+01
1.756039837301420334e+02 2.675150570713695330e+01 6.030264601670693025e+01
1.726361889145481712e+02 2.695173883012395777e+01 6.312508252387116414e+01
1.696868028820380516e+02 2.710256555996699390e+01 6.597971990562948008e+01
1.667564918582252744e+02 2.720430537860423925e+01 6.886555775818467851e+01
1.638458872949057081e+02 2.725728770308876392e+01 7.178162184349349673e+01
1.609556115040152235e+02 2.726185317674895003e+01 7.472693560001695801e+01
1.580862766887693169e+02 2.721835224030562372e+01 7.770052258583669413e+01
1.552384848396977191e+02 2.712714498460848134e+01 8.070140673458907088e+01
1.524128277346445941e+02 2.698860115063611786e+01 8.372861235546545799e+01
1.496098869387684260e+02 2.680310012949601983e+01 8.678116413321208711e+01
1.468302338045421891e+02 2.657103096242457241e+01 8.985808712813010857e+01
1.440955076883053607e+02 2.629248288121190669e+01 9.293715517499039436e+01
1.414975226250092817e+02 2.596740318585034046e+01 9.592447169890026260e+01
1.390415358989997969e+02 2.559809387948699211e+01 9.881228788777713135e+01
1.367217839578538019e+02 2.518697853717353397e+01 1.016040073730474944e+02
1.345327114420780106e+02 2.473638492557127222e+01 1.043029191895723926e+02
1.324689671188892532e+02 2.424854694820574252e+01 1.069121999390333428e+02
1.305254033702960328e+02 2.372560487180438216e+01 1.094349140810504508e+02
1.286970647052123695e+02 2.316961081046202864e+01 1.118740200568735759e+02
1.269791802715655820e+02 2.258253019407097284e+01 1.142323765016482042e+02
1.253666240221165680e+02 2.196913118218840921e+01 1.165102545916765706e+02
1.238481908039110806e+02 2.134421368900169114e+01 1.187036680481754445e+02
1.224059959505067354e+02 2.072101890206242203e+01 1.208131826239802677e+02
1.210329357308372948e+02 2.010066265730724311e+01 1.228402623215746559e+02
1.197251497309593447e+02 1.948386144581943569e+01 1.247889525487847777e+02
1.184791935905242894e+02 1.887126756654290460e+01 1.266628087741361668e+02
1.172881369569945349e+02 1.826638889244015829e+01 1.284674529253543085e+02
1.161486282828047223e+02 1.767007926241221583e+01 1.302061909755443594e+02
1.150589167456847690e+02 1.708202300979687394e+01 1.318812809950062785e+02
1.140171905819902207e+02 1.650200744242598105e+01 1.334949801837276482e+02
1.130217129263078277e+02 1.592982172238155414e+01 1.350494572508989677e+02
1.120708096933560398e+02 1.536526217725495691e+01 1.365468028194079864e+02
1.111628622999148064e+02 1.480813147791938000e+01 1.379890384727094101e+02
1.102963076431695697e+02 1.425823863608333220e+01 1.393781167817443247e+02
1.094696381875375266e+02 1.371539901407468243e+01 1.407159211970299850e+02
1.086814024999215889e+02 1.317943438490693175e+01 1.420042653835875512e+02
1.079302000233783900e+02 1.265017234190648310e+01 1.432448997174002727e+02
1.072143850418250253e+02 1.212741309715440075e+01 1.444398819828333274e+02
1.065261592018430150e+02 1.161049297558344229e+01 1.455987913165499492e+02
1.058589450030238766e+02 1.109934541154342647e+01 1.467293042655736883e+02
1.052089335048422356e+02 1.059412505313483344e+01 1.478357041232831932e+02
1.045734957996729690e+02 1.009494975958606666e+01 1.489209352375879689e+02
1.039511830127911480e+02 9.601900601253440470e+00 1.499866030109281212e+02
1.033416519473378941e+02 9.115011087506561083e+00 1.510330689436257501e+02
1.027447074768778066e+02 8.634190463703182772e+00 1.520606241666197036e+02
1.021601219025978793e+02 8.159342667449205777e+00 1.530696021054736207e+02
1.015877072941927537e+02 7.690381237369596334e+00 1.540602823595364441e+02
1.010272785047095851e+02 7.227220986056556384e+00 1.550329403914862212e+02
1.004734525072921514e+02 6.767182681629777541e+00 1.559957224983900232e+02
9.992019715197130836e+01 6.307258888922331330e+00 1.569577607939154973e+02
9.936709915409015537e+01 5.847243809980453122e+00 1.579196807849530160e+02
9.881413631283061250e+01 5.387126570952132987e+00 1.588815159532945245e+02
9.826137360958117029e+01 4.926939800264541702e+00 1.598431677705542597e+02
9.770879444288776483e+01 4.466675473733076274e+00 1.608046612021966553e+02
9.715639918744308545e+01 4.006334019233420030e+00 1.617659955213325702e+02
9.660418821758220531e+01 3.545915864476715917e+00 1.627271700015993758e+02
9.605216190728212666e+01 3.085421437008152523e+00 1.636881839171610977e+02
9.550032063016654149e+01 2.624851164218207078e+00 1.646490365426963649e+02
9.494866475950165352e+01 2.164205473332904806e+00 1.656097271534095228e+02
9.439719466819560978e+01 1.703484791412779753e+00 1.665702550250317699e+02
9.384591072879847218e+01 1.242689545352879898e+00 1.675306194338216130e+02
9.329481331350218909e+01 7.818201618827643751e-01 1.684908196565645255e+02
9.274390279414068061e+01 3.208770675665058025e-01 1.694508549705730616e+02
9.219317954218981015e+01 -1.401393111973129879e-01 1.704107246536869980e+02
9.164264392876735599e+01 -6.012285481755953453e-01 1.713704279842729363e+02
9.109229632463296866e+01 -1.062390217300734685e+00 1.723299642412248431e+02
9.054213710018829886e+01 -1.523623892670609825e+00 1.732893327039635665e+02
8.999216662547691215e+01 -1.984929148548587818e+00 1.742485326524371771e+02
8.944238006119209672e+01 -2.446313090345675789e+00 1.752075742404956316e+02
8.889273610143325755e+01 -2.907835578739356386e+00 1.761665437631247642e+02
8.834322606917993426e+01 -3.369509359199618803e+00 1.771254594401551969e+02
8.779385031845463061e+01 -3.831334124599245605e+00 1.780843206423185734e+02
8.724460920733238822e+01 -4.293309560831416682e+00 1.790431267312226851e+02
8.669550309794087184e+01 -4.755435346809703034e+00 1.800018770593515001e+02
8.614653235646019880e+01 -5.217711154468079648e+00 1.809605709700649925e+02
8.559769735312310956e+01 -5.680136648760916174e+00 1.819192077975992845e+02
8.504899846221481141e+01 -6.142711487662975145e+00 1.828777868670666749e+02
8.450043606207313474e+01 -6.605435322169420864e+00 1.838363074944555251e+02
8.395201053508841937e+01 -7.068307796295814072e+00 1.847947689866303165e+02
8.340372226770352881e+01 -7.531328547078109281e+00 1.857531706413316499e+02
8.285557165041393546e+01 -7.994497204572660998e+00 1.867115117471763597e+02
8.230755907776762115e+01 -8.457813391856218388e+00 1.876697915836572008e+02
8.175968494836509137e+01 -8.921276725025931498e+00 1.886280094211432186e+02
8.121194966485941791e+01 -9.384886813199340594e+00 1.895861645208794641e+02
8.066435363395626723e+01 -9.848643258514389487e+00 1.905442561349871085e+02
8.011689726641374421e+01 -1.031254565612941754e+01 1.915022835064635842e+02
7.956958097704261945e+01 -1.077659359422315255e+01 1.924602458691822449e+02
7.902240518470613040e+01 -1.124078665399473387e+01 1.934181424478926772e+02
