2.540000000000000000e+02 7.000000000000000000e+00 0.000000000000000000e+00
2.527639351740352254e+02 7.462653880613674851e+00 8.013085963352741814e-01
2.515050120162620999e+02 7.935551987161561627e+00 1.616005111352016188e+00
2.502227883708121112e+02 8.418890613189880412e+00 2.444349880391857965e+00
2.489168134478426850e+02 8.912869887212115927e+00 3.286608320943343653e+00
2.475866277093227268e+02 9.417693823438460399e+00 4.143050999872035511e+00
2.462311001658712826e+02 9.933216256625637897e+00 5.014984154648411518e+00
2.448487091699570612e+02 1.045910211396262746e+01 5.904302195325007219e+00
2.434388741333223436e+02 1.099553707678190584e+01 6.811418610578761523e+00
2.420007583722295692e+02 1.154258848400474768e+01 7.737127727425559875e+00
2.405308800114033261e+02 1.209879393456352759e+01 8.686496531921383379e+00
2.390253736367751287e+02 1.265990258960743553e+01 9.667974728775668325e+00
2.374827413802313458e+02 1.322479503310047022e+01 1.068429671805212777e+01
2.359021711890898416e+02 1.379357210148174140e+01 1.173621056567115772e+01
2.342806449037430241e+02 1.436322029409508616e+01 1.282956811156551602e+01
2.326146949958231289e+02 1.493012727322677335e+01 1.397122991584452301e+01
2.309033413675179816e+02 1.549426104868959442e+01 1.516224000358381296e+01
2.291455655667830342e+02 1.605556452558399627e+01 1.640370484095432246e+01
2.273403254934165432e+02 1.661397929301353926e+01 1.769675657413575109e+01
2.254865550494138233e+02 1.716944560462215819e+01 1.904255340900719418e+01
2.235831641389671915e+02 1.772190237859418360e+01 2.044227961114716408e+01
2.216290379528649623e+02 1.827128715782096791e+01 2.189714628292605880e+01
2.196230371978594178e+02 1.881753612266816944e+01 2.340839111443014531e+01
2.175639970800802416e+02 1.936058403438863351e+01 2.497727948740138970e+01
2.154507255281575908e+02 1.990036413621367117e+01 2.660510640480307032e+01
2.132820031860935615e+02 2.043680815295627795e+01 2.829319649856059371e+01
2.110565834132621319e+02 2.096984629101114450e+01 3.004290402956150885e+01
2.087731918795224999e+02 2.149940721581682013e+01 3.185561332733443507e+01
2.064305252304614271e+02 2.202541797755753450e+01 3.373274023950205702e+01
2.040272504802119329e+02 2.254780397736482911e+01 3.567573279113984341e+01
2.015620045685202513e+02 2.306648894266180250e+01 3.768607166576664014e+01
1.990333935936317857e+02 2.358139488446256138e+01 3.976527103838101596e+01
1.964399195743051507e+02 2.409252871770903326e+01 4.191489587845996567e+01
1.937836537678032869e+02 2.459540171796692576e+01 4.413585413389575507e+01
1.910671752963498875e+02 2.508637910948367633e+01 4.642836508778616178e+01
1.883121900804696054e+02 2.555154293868556437e+01 4.878448431280788355e+01
1.855267222726834859e+02 2.598560288682512720e+01 5.120153675633839185e+01
1.827110503547471012e+02 2.638814266157448074e+01 5.367966663023439366e+01
1.798681395993799299e+02 2.675187335726466031e+01 5.622535594376709867e+01
1.770031893882905365e+02 2.706712844918926919e+01 5.884589847620109992e+01
1.741416003915510373e+02 2.733377693586642465e+01 6.151426229854804717e+01
1.712956157734881231e+02 2.755201978401122176e+01 6.421716693539737264e+01
1.684659440387062830e+02 2.772212378026068436e+01 6.695360971702706365e+01
1.656532058192014460e+02 2.784436630143584424e+01 6.972267058853549315e+01
1.628580139843365657e+02 2.791903600300310728e+01 7.252342564565267935e+01
1.600809725677942765e+02 2.794643152868178149e+01 7.535494956978402570e+01
1.573226765953872643e+02 2.792686131239981506e+01 7.821631600936149198e+01
1.545837120850586075e+02 2.786064357829382487e+01 8.110659757984376483e+01
1.518646560468817484e+02 2.774810634070905380e+01 8.402486586371604460e+01
1.491660764830602943e+02 2.758958740419939559e+01 8.697019141049027269e+01
1.464885324389671553e+02 2.738543431932090044e+01 8.994164373082688257e+01
1.438560036846912453e+02 2.713516540281981548e+01 9.291494172139992713e+01
1.413578184188589262e+02 2.683689210487965227e+01 9.579970151659492217e+01
1.389968638370017402e+02 2.649285147604390644e+01 9.859060486959235448e+01
1.367675848660180407e+02 2.610552996608832999e+01 1.012908017310632260e+02
1.346646259514868120e+02 2.567731626709115034e+01 1.039033375770248426e+02
1.326828268040277692e+02 2.521050348263550589e+01 1.064311555490465935e+02
1.308172221226073475e+02 2.470728925011071553e+01 1.088770966127309379e+02
1.290630309309972574e+02 2.416978116412562017e+01 1.112439049380054428e+02
1.274156546092694526e+02 2.359996867187609837e+01 1.135342600042568080e+02
1.258677566759234026e+02 2.300579189595000074e+01 1.157472805618411087e+02
1.243970080289541755e+02 2.241081676353712382e+01 1.178771520913960700e+02
1.229941998140001971e+02 2.181890506815928887e+01 1.199257437059116711e+02
1.216567123146937774e+02 2.123006934233846366e+01 1.218960565361986994e+02
1.203818469616353894e+02 2.064448461609057972e+01 1.237911154284315955e+02
1.191628725704767220e+02 2.006563624351837305e+01 1.256163138189163249e+02
1.179956195973893500e+02 1.949507405328191112e+01 1.273754216058253093e+02
1.168783932984371177e+02 1.893244007826454833e+01 1.290706675186069958e+02
1.158093727927146972e+02 1.837753425885473391e+01 1.307043160585413659e+02
1.147868203095304125e+02 1.783015153651577123e+01 1.322785383145719607e+02
1.138090607706749182e+02 1.729009384481705780e+01 1.337954273233558524e+02
1.128744745347001981e+02 1.675716930751105593e+01 1.352570070977342596e+02
1.119814973788142396e+02 1.623119223653228715e+01 1.366652326492628902e+02
1.111286206015639237e+02 1.571198314332750456e+01 1.380219898604533171e+02
1.103143916253512344e+02 1.519936880510885047e+01 1.393290947352739693e+02
1.095374084381878959e+02 1.469318165057878822e+01 1.405883003153899153e+02
1.087963177222897428e+02 1.419325955305216347e+01 1.418012990088301990e+02
1.080898383688683992e+02 1.369944860615288995e+01 1.429696929452990730e+02
1.074170493739990349e+02 1.321163440166254510e+01 1.440946332177710474e+02
1.067692583759235276e+02 1.272911360753518295e+01 1.451867963419688294e+02
1.061379641244850234e+02 1.225203124915469388e+01 1.462559408550410467e+02
1.055193912421193687e+02 1.178089631151611805e+01 1.473060300817963935e+02
1.049130818563198488e+02 1.131564773201249352e+01 1.483376377858316459e+02
1.043188509231473944e+02 1.085620037757268186e+01 1.493510403813825462e+02
1.037365161387709520e+02 1.040247037053818779e+01 1.503465101930557068e+02
1.031658978945173288e+02 9.954375068076553035e+00 1.513243155229115189e+02
1.026068192146678371e+02 9.511833033694045980e+00 1.522847207432958783e+02
1.020591057445751915e+02 9.074764031793568719e+00 1.532279863145727461e+02
1.015224871013599284e+02 8.643044749363513191e+00 1.541545186985985367e+02
1.009960552719707039e+02 8.216265732469675953e+00 1.550656935614750580e+02
1.004789360538825207e+02 7.794006544369151079e+00 1.559628355022276480e+02
9.996496041882335248e+01 7.373166551044986861e+00 1.568553162552420304e+02
9.945102746037171926e+01 6.952186386577746902e+00 1.577478474278087219e+02
9.893725979441565244e+01 6.531127898669851106e+00 1.586402425909177225e+02
9.842363921586746756e+01 6.109982132602369553e+00 1.595325292710294320e+02
9.791016604888439190e+01 5.688749447893639122e+00 1.604247068436574182e+02
9.739684061736308252e+01 5.267430203969957425e+00 1.613167746846783928e+02
9.688366324493070181e+01 4.846024760149604482e+00 1.622087321703554608e+02
9.637063425494496016e+01 4.424533475642665081e+00 1.631005786773375235e+02
9.585775397049408753e+01 4.002956709551019898e+00 1.639923135826594773e+02
9.534502271439679078e+01 3.581294820868353490e+00 1.648839362637423562e+02
9.483244080920226793e+01 3.159548168480150743e+00 1.657754460983930471e+02
9.432000857719030762e+01 2.737717111163697314e+00 1.666668424648045175e+02
9.380772634037110436e+01 2.315802007588077416e+00 1.675581247415558153e+02
9.329559442048542905e+01 1.893803216314178917e+00 1.684492923076118132e+02
9.278361313900451535e+01 1.471721095794688905e+00 1.693403445423234928e+02
9.227178281713014485e+01 1.049556004374093687e+00 1.702312808254278593e+02
9.176010377579456190e+01 6.273083002886807868e-01 1.711221005370478281e+02
9.124857633566057302e+01 2.049783416665416635e-01 1.720128030576924516e+02
9.073720081712144747e+01 -2.174335134724354190e-01 1.729033877682567208e+02
9.022597754030097406e+01 -6.399269072165602035e-01 1.737938540500215083e+02
8.971490693803600891e+01 -1.062501255762343888e+00 1.746842010107850740e+02
8.920399631917693739e+01 -1.485142214556306239e+00 1.755744110870288637e+02
8.869324293421018979e+01 -1.907855545976542944e+00 1.764644910888525828e+02
8.818263791156891784e+01 -2.330659271907608243e+00 1.773544626741951049e+02
8.767217360453300046e+01 -2.753568982718713087e+00 1.782443445430627662e+02
8.716184359122898684e+01 -3.176597837263724244e+00 1.791341524375292238e+02
8.665164267463006809e+01 -3.599756562881165411e+00 1.800238991417355123e+02
8.614156688255623351e+01 -4.023053455394216549e+00 1.809135944818901294e+02
8.563161346767410009e+01 -4.446494379110713879e+00 1.818032453262689216e+02
8.512178090749701198e+01 -4.870082766823151665e+00 1.826928555852150566e+02
8.461206890438498363e+01 -5.293819619808680876e+00 1.835824262111391647e+02
8.410247820914887029e+01 -5.717703853055213337e+00 1.844719556215454190e+02
8.359300910194951939e+01 -6.141735284624243896e+00 1.853614433518328610e+02
