2.540000000000000000e+02 7.000000000000000000e+00 0.000000000000000000e+00
2.525528065299474747e+02 7.551036308654136775e+00 9.129526690147143908e-01
2.510790707945073166e+02 8.114130893396717781e+00 1.841087398463017166e+00
2.495779374454503738e+02 8.689327651574510369e+00 2.785235623088979651e+00
2.480474526623100076e+02 9.276089727560234977e+00 3.747931043350615887e+00
2.464846146500746045e+02 9.873431620909592255e+00 4.733227705027155174e+00
2.448864095592072374e+02 1.047970473995342822e+01 5.745900504280156085e+00
2.432494823489399778e+02 1.109063959379000330e+01 6.793868048484633881e+00
2.415732684822739316e+02 1.170662535720291686e+01 7.877439451754288058e+00
2.398554896489218322e+02 1.232573171194549388e+01 9.000702193701027198e+00
2.380931411889612264e+02 1.294501913948319682e+01 1.016940475908842600e+01
2.362838732718034862e+02 1.356251516883749453e+01 1.138774765618093454e+01
2.344259908961936958e+02 1.417721437658586581e+01 1.265838341674388801e+01
2.325183389470219595e+02 1.478891449539751157e+01 1.398268282228125514e+01
2.305598318738583430e+02 1.539754368108935978e+01 1.536182681650192627e+01
2.285493670026384621e+02 1.600303800431798962e+01 1.679700686707469615e+01
2.264858172159508172e+02 1.660533240920492304e+01 1.828944058841407383e+01
2.243680307524552404e+02 1.720436043023060790e+01 1.984037220326212392e+01
2.221948307067537201e+02 1.780005416362113024e+01 2.145107308268591595e+01
2.199650149600863926e+02 1.839234426338311934e+01 2.312284182090591500e+01
2.176773557482857200e+02 1.898115991658561796e+01 2.485700470178291610e+01
2.153305975490644357e+02 1.956642872248812992e+01 2.665491797994598855e+01
2.129234570335597425e+02 2.014807668976841271e+01 2.851796793311066835e+01
2.104546230663335393e+02 2.072602823652244552e+01 3.044757086207894048e+01
2.079227564333960458e+02 2.130020617470395194e+01 3.244517338439742815e+01
2.053264885186748074e+02 2.187053163440295478e+01 3.451225386339172729e+01
2.026646787927432740e+02 2.243658249474268374e+01 3.665029083424391843e+01
1.999395166533526265e+02 2.299357743236588192e+01 3.886031531549451756e+01
1.971520037391060214e+02 2.353893883910436458e+01 4.114317822509736544e+01
1.943166365267063895e+02 2.406296959415913150e+01 4.349400591090630996e+01
1.914493423502554492e+02 2.455512983380441483e+01 4.590763734342496605e+01
1.885518132146586652e+02 2.501413999869794580e+01 4.838370094753388884e+01
1.856243374232919621e+02 2.543965573099167798e+01 5.092224991947296076e+01
1.826685747415059211e+02 2.582783535167124711e+01 5.352652273389816884e+01
1.796968725860998290e+02 2.616501473766111729e+01 5.620147594635606936e+01
1.767385456267979009e+02 2.645035466205439789e+01 5.891719151564544177e+01
1.737980696165025734e+02 2.668416676609015070e+01 6.166863499865913667e+01
1.708761193951706616e+02 2.686678174993173585e+01 6.445478173172448066e+01
1.679733596808860341e+02 2.699854201393269904e+01 6.727460505350340725e+01
1.650904444792317634e+02 2.707980084142915445e+01 7.012707775193626958e+01
1.622280170832898989e+02 2.711092239873984511e+01 7.301117206424173389e+01
1.593867100736415807e+02 2.709228173516610028e+01 7.592585967691677240e+01
1.565671453183670963e+02 2.702426478299186030e+01 7.887011172573674855e+01
1.537699340227470373e+02 2.690726830691223270e+01 8.184289879839340642e+01
1.509956767796564634e+02 2.674169944424254197e+01 8.484319136299812669e+01
1.482449630437841961e+02 2.652797541222814459e+01 8.786996060293947153e+01
1.455183717999855162e+02 2.626652336617442884e+01 9.092217788086574615e+01
1.428784845795908609e+02 2.595551954845651110e+01 9.393761725748068159e+01
1.403846356898531837e+02 2.559469069321988144e+01 9.685575430381453543e+01
1.380327446511703045e+02 2.518672495721808602e+01 9.967796328794206318e+01
1.358174729857859120e+02 2.473427985229275095e+01 1.024069395254122981e+02
1.337326004561417392e+02 2.423995931156295214e+01 1.050463377635705342e+02
1.317727125790887612e+02 2.370621925455681023e+01 1.075991414288692170e+02
1.299325629476851418e+02 2.313541738317518082e+01 1.100682640979934064e+02
1.282070650465860808e+02 2.252990323956000651e+01 1.124564617769647299e+02
1.265868567198068320e+02 2.190177934186690223e+01 1.147604641742895382e+02
1.250473670587246886e+02 2.127466690312422415e+01 1.169759835765370752e+02
1.235804378473484775e+02 2.065140635108050660e+01 1.191049955311522126e+02
1.221830154683775902e+02 2.003217758647950930e+01 1.211509185825647279e+02
1.208492164076935609e+02 1.941952039603085467e+01 1.231187538337351981e+02
1.195741961357907854e+02 1.881523976260932685e+01 1.250128215937977672e+02
1.183543836551013726e+02 1.822021695156608700e+01 1.268366240946536578e+02
1.171874129138645770e+02 1.763446045595167888e+01 1.285928887342407165e+02
1.160713324816498471e+02 1.705771013721802021e+01 1.302840540860157148e+02
1.150042587107828496e+02 1.648971950229901395e+01 1.319124707436643291e+02
1.139843858017379148e+02 1.593024021732949969e+01 1.334804006362903976e+02
1.130099710310418146e+02 1.537903223541149345e+01 1.349900269458325113e+02
1.120793343432196849e+02 1.483586374337822633e+01 1.364434546162449351e+02
1.111908579480910788e+02 1.430051110902448563e+01 1.378427108561616308e+02
1.103429863073165507e+02 1.377275887946289146e+01 1.391897451556058058e+02
1.095342167892927421e+02 1.325239856252663984e+01 1.404864409466807444e+02
1.087630986765230006e+02 1.273922849731046369e+01 1.417346168421724997e+02
1.080282331678397583e+02 1.223305385446018079e+01 1.429360266327765601e+02
1.073282741130245626e+02 1.173368673175476395e+01 1.440923583705933311e+02
1.066584867252990279e+02 1.124070682483551487e+01 1.452093906562646737e+02
1.060086129302482902e+02 1.075337932920650097e+01 1.462995182660176283e+02
1.053740249422086066e+02 1.027219491082695946e+01 1.473676564405392639e+02
1.047521774121355236e+02 9.797435402996898191e+00 1.484164948517598361e+02
1.041429697706246174e+02 9.328986816614028399e+00 1.494462332772436071e+02
1.035461881799248403e+02 8.866755704523903603e+00 1.504571851973687160e+02
1.029616369581044353e+02 8.410647635640975395e+00 1.514496441409518752e+02
1.023891234536576320e+02 7.960569636574402530e+00 1.524238990942145904e+02
1.018284579672601211e+02 7.516430154001434438e+00 1.533802346180637812e+02
1.012794537399171872e+02 7.078139048968021818e+00 1.543189308658572543e+02
1.007417479448150033e+02 6.645517050258940905e+00 1.552405362225013334e+02
1.002082870908159009e+02 6.214929422840230977e+00 1.561557931003992508e+02
9.967494764599001655e+01 5.784240617926066363e+00 1.570709832879539363e+02
9.914178950489950637e+01 5.353481981307337101e+00 1.579860153911264149e+02
9.860881301207339789e+01 4.922653901047581826e+00 1.589008887448557914e+02
9.807601851170916518e+01 4.491756765062776324e+00 1.598156026845626911e+02
9.754340634767204676e+01 4.060790961119690401e+00 1.607301565461517896e+02
9.701097686349504556e+01 3.629756876835873669e+00 1.616445496660114713e+02
9.647873040237892894e+01 3.198654899679662211e+00 1.625587813810137732e+02
9.594666730719222869e+01 2.767485416970178580e+00 1.634728510285146967e+02
9.541478792047121260e+01 2.336248815877330021e+00 1.643867579463539528e+02
9.488309258441992711e+01 1.904945483421809582e+00 1.653005014728549611e+02
9.435158164091012623e+01 1.473575806475095007e+00 1.662140809468251348e+02
9.382025543148162683e+01 1.042140171759126765e+00 1.671274957075562213e+02
9.328911429734066019e+01 6.106389658458527547e-01 1.680407450948235919e+02
9.275815857936179043e+01 1.790725751573736535e-01 1.689538284488884017e+02
9.222738861808628030e+01 -2.525586140354144637e-01 1.698667451104974191e+02
9.169680475372216222e+01 -6.842542156128801345e-01 1.707794944208838217e+02
9.116640732614439457e+01 -1.116013843606654676e+00 1.716920757217668267e+02
9.063619667489473386e+01 -1.547837112199634158e+00 1.726044883553522595e+02
9.010617026014897135e+01 -1.979726946515226071e+00 1.735167371736434063e+02
8.957629945032198293e+01 -2.411717740480085137e+00 1.744288778334471601e+02
8.904657826110265262e+01 -2.843820651291123713e+00 1.753409243324360034e+02
8.851700850170468016e+01 -3.276038066100874779e+00 1.762528758695138720e+02
8.798759196369726965e+01 -3.708372284480538461e+00 1.771647316127649958e+02
8.745833042100503008e+01 -4.140825518419984697e+00 1.780764906994539842e+02
8.692922562990813162e+01 -4.573399892327750571e+00 1.789881522360259112e+02
8.640027932904212093e+01 -5.006097443031041649e+00 1.798997152981060879e+02
8.587149323939806322e+01 -5.438920119775732864e+00 1.808111789305002333e+02
8.534286906432248543e+01 -5.871869784226364075e+00 1.817225421471944742e+02
8.481440848951736200e+01 -6.304948210466146286e+00 1.826338039313552031e+02
8.428611318304017175e+01 -6.738157084996959867e+00 1.835449632353292770e+02
8.375798479530385521e+01 -7.171498006739351005e+00 1.844560189806438757e+02
8.323002495907675780e+01 -7.604972487032533479e+00 1.853669700580064443e+02
8.270223528948278613e+01 -8.038581949634389545e+00 1.862778153273049782e+02
8.217461738400129434e+01 -8.472327730721476158e+00 1.871885536176076812e+02
8.164717282246704144e+01 -8.906211078889004540e+00 1.880991837271631653e+02
8.111990316707031923e+01 -9.340233155150871269e+00 1.890097044234004215e+02
8.059280996235683858e+01 -9.774395032939628081e+00 1.899201144429288206e+02
8.006589473522785738e+01 -1.020869769810649963e+01 1.908304124915380271e+02
