2.540000000000000000e+02 7.000000000000000000e+00 0.000000000000000000e+00
2.525948020823645095e+02 7.526062604356178021e+00 9.039224589665911802e-01
2.511625214366506498e+02 8.064704530305355945e+00 1.822557306579678515e+00
2.497022774118813686e+02 8.615983657623520031e+00 2.756731529472369324e+00
2.482121680499154195e+02 9.179416596457834032e+00 3.708835618880502949e+00
2.466892264480458437e+02 9.752569339648157865e+00 4.684363530898721706e+00
2.451277981015354328e+02 1.033047471717298293e+01 5.694063078276580647e+00
2.435267909167565676e+02 1.091309580207309082e+01 6.739067986924667686e+00
2.418852259386732442e+02 1.150039818140180614e+01 7.820389447694216400e+00
2.401991208194973240e+02 1.208807035828968424e+01 8.945926762595981074e+00
2.384658771878577568e+02 1.267381992532014223e+01 1.012036199553029725e+01
2.366844441063877582e+02 1.325760732451886525e+01 1.134478382673264996e+01
2.348537517651582789e+02 1.383939760045177714e+01 1.262029566712871187e+01
2.329727060548532904e+02 1.441915500316859955e+01 1.394802598946866823e+01
2.310401879102960265e+02 1.499684296673483175e+01 1.532912900540227774e+01
2.290550533104492956e+02 1.557242410923174880e+01 1.676478466547884594e+01
2.270161325501562146e+02 1.614586020894096663e+01 1.825619941025951576e+01
2.249222306025014575e+02 1.671711221619408860e+01 1.980460579658779707e+01
2.227721257266509554e+02 1.728614020784666749e+01 2.141126393343398249e+01
2.205645680021612236e+02 1.785290333934689855e+01 2.307746299358500863e+01
2.182982793285812591e+02 1.841735984472265741e+01 2.480452121405399168e+01
2.159719534117899968e+02 1.897946703613459363e+01 2.659378591017228288e+01
2.135842550619645408e+02 1.953918128091873285e+01 2.844663419965128170e+01
2.111338190196672429e+02 2.009645796319662736e+01 3.036447421333603813e+01
2.086192493635058725e+02 2.065125146450510130e+01 3.234874570613263245e+01
2.060390990451174673e+02 2.120354051980860888e+01 3.440092263507774106e+01
2.033930456539052898e+02 2.175183581807526778e+01 3.652239042100583077e+01
2.006839504119143669e+02 2.229074826774205675e+01 3.871410213368403674e+01
1.979111725396936095e+02 2.281970546993792226e+01 4.097716656606083774e+01
1.950866153012418920e+02 2.333028518204672963e+01 4.330807342740819621e+01
1.922280372018684602e+02 2.381035588965393757e+01 4.570154170833024665e+01
1.893387609764511694e+02 2.425749152577017043e+01 4.815678800333090948e+01
1.864190404165506152e+02 2.467137991855416956e+01 5.067386303610557263e+01
1.834690891049358754e+02 2.505174997093071454e+01 5.325280532553448865e+01
1.805072959400114030e+02 2.539206617321624648e+01 5.588279275114405920e+01
1.775622572718000072e+02 2.567996194556271661e+01 5.855002863333293561e+01
1.746348249188413604e+02 2.591536315715066863e+01 6.125384528549810170e+01
1.717256874836072598e+02 2.609862439708324899e+01 6.399319246827772645e+01
1.688355230830446203e+02 2.623011239343514589e+01 6.676701786322961141e+01
1.659649986899590033e+02 2.631020503069921546e+01 6.957426874029705743e+01
1.631147701326920867e+02 2.633929134931999272e+01 7.241389195860966765e+01
1.602854820951216368e+02 2.631777154569371646e+01 7.528483396648333326e+01
1.574777681166614229e+02 2.624605697216829725e+01 7.818604080142020507e+01
1.546922506567658218e+02 2.612457007464245962e+01 8.111645809025040421e+01
1.519295411009453005e+02 2.595374388116397668e+01 8.407503157009141148e+01
1.491902392558588986e+02 2.573402170438418324e+01 8.706070789710935287e+01
1.464749334418633850e+02 2.546585704884756041e+01 9.007243464999915261e+01
1.438009261474720120e+02 2.514898986581813389e+01 9.309299758985478945e+01
1.412586559170642033e+02 2.478083225447435467e+01 9.603364014306900742e+01
1.388625363505066730e+02 2.436329890801587794e+01 9.887781411201733306e+01
1.366061328845933929e+02 2.389926867406489919e+01 1.016290528019578829e+02
1.344835080970240426e+02 2.339146909976463462e+01 1.042905429863587301e+02
1.324890153860949056e+02 2.284251271964907559e+01 1.068652959504050841e+02
1.306172088163137346e+02 2.225490187112019669e+01 1.093562336856728336e+02
1.288628504722318269e+02 2.163103204757599940e+01 1.117661780047424855e+02
1.272165753398497827e+02 2.098065369596337604e+01 1.140933686339816546e+02
1.256531965606154841e+02 2.033038914181936008e+01 1.163291227958716263e+02
1.241636016866539052e+02 1.968520689761961151e+01 1.184773401423203296e+02
1.227439907230333489e+02 1.904576395651062626e+01 1.205418726863146759e+02
1.213865905872689268e+02 1.841606800553197587e+01 1.225287453929928461e+02
1.200874426272794722e+02 1.779716608990815985e+01 1.244417277455563351e+02
1.188440508977718508e+02 1.718900431676390994e+01 1.262837002171749248e+02
1.176544809250768253e+02 1.659115253876452201e+01 1.280571693004270060e+02
1.165167372733200182e+02 1.600330164918964471e+01 1.297646255302401812e+02
1.154288903636460475e+02 1.542515890456855487e+01 1.314084728782254388e+02
1.143890860996990284e+02 1.485643592673291380e+01 1.329910262622655068e+02
1.133955365528530592e+02 1.429685424933027527e+01 1.345145182425560222e+02
1.124465230234897035e+02 1.374614577355356637e+01 1.359810952132184525e+02
1.115403896993550745e+02 1.320405182384793363e+01 1.373928252917874033e+02
1.106755376190566267e+02 1.267032224905828208e+01 1.387517058290968350e+02
1.098504246668289284e+02 1.214471542164981166e+01 1.400596634157903679e+02
1.090635658949078959e+02 1.162699828564998228e+01 1.413185534813034110e+02
1.083135327542219812e+02 1.111694624179867397e+01 1.425301612511438520e+02
1.075989473420705451e+02 1.061434229113375771e+01 1.436962089031432015e+02
1.069184017915589635e+02 1.011901438244124662e+01 1.448184167292348548e+02
1.062655344524633847e+02 9.631777332623334686e+00 1.459033222074484399e+02
1.056308737896794554e+02 9.152206394443229698e+00 1.469619908956979941e+02
1.050095317920807787e+02 8.679540487695710738e+00 1.480005673097364252e+02
1.044007650982316306e+02 8.213457359396750590e+00 1.490201454962518710e+02
1.038044617345782967e+02 7.753842080665599212e+00 1.500209364366209002e+02
1.032203601795194885e+02 7.300591802270009367e+00 1.510033109399919908e+02
1.026482637204029089e+02 6.853606891364178111e+00 1.519675639367187614e+02
1.020879787758420747e+02 6.412789297284295920e+00 1.529139856649558169e+02
1.015393148409221027e+02 5.978042523866650804e+00 1.538428617527665097e+02
1.009993169999229821e+02 5.547783630702928903e+00 1.547586817830944028e+02
1.004599942264711245e+02 5.117719192470508105e+00 1.556735957038042670e+02
9.992089040238326447e+01 4.687604107622199479e+00 1.565882969483477893e+02
9.938199790093619868e+01 4.257434448286525175e+00 1.575027969677939268e+02
9.884330868352789423e+01 3.827206456193708028e+00 1.584171078563169317e+02
9.830481600802448838e+01 3.396917013718752099e+00 1.593312397362658146e+02
9.776651463529864827e+01 2.966563746333386042e+00 1.602452004437768380e+02
9.722840082922981253e+01 2.536145022606048460e+00 1.611589955287733460e+02
9.669047235670410601e+01 2.105659954201894557e+00 1.620726282549658492e+02
9.615272848761429714e+01 1.675108395882796586e+00 1.629860995998520536e+02
9.561516999485984059e+01 1.244490945507340740e+00 1.638994082547167750e+02
9.507779915434690565e+01 8.138089440308277078e-01 1.648125506246320526e+02
9.454061907044575719e+01 3.830641425038295300e-01 1.657255218541592967e+02
9.400362872171177742e+01 -4.774374469544528238e-02 1.666383233614280641e+02
9.346682794371808711e+01 -4.786145811285975049e-01 1.675509552620647469e+02
9.293021708221969845e+01 -9.095479785765899772e-01 1.684634168959546798e+02
9.239379648262310241e+01 -1.340543548981943056e+00 1.693757076034884790e+02
9.185756648998615503e+01 -1.771600904448733749e+00 1.702878267255619846e+02
9.132152892896922936e+01 -2.202716611429612836e+00 1.711997699908004904e+02
9.078569275974646757e+01 -2.633872536687011046e+00 1.721115157002516582e+02
9.025005062237262621e+01 -3.065084121025999142e+00 1.730230819865276146e+02
8.971459293290749315e+01 -3.496371403811818102e+00 1.739344924243135608e+02
8.917931147137613834e+01 -3.927751641821301209e+00 1.748457672734819255e+02
8.864419938176877167e+01 -4.359239309242878946e+00 1.757569234790920802e+02
8.810925117204077139e+01 -4.790846097676571880e+00 1.766679746713904251e+02
8.757446271411276939e+01 -5.222580916133997775e+00 1.775789311658103315e+02
8.703983124387049486e+01 -5.654449891038367149e+00 1.784897999629721994e+02
8.650535536116493063e+01 -6.086456366224483716e+00 1.794005847486834284e+02
8.597103502981225631e+01 -6.518600902938745278e+00 1.803112858939385035e+02
8.543687156739245836e+01 -6.950881300462961931e+00 1.812219004795969397e+02
8.490286566202578911e+01 -7.383296612154030214e+00 1.821324270980630899e+02
8.436901716337720813e+01 -7.815847592261763843e+00 1.830428663735772830e+02
8.383532654177473376e+01 -8.248533742440660177e+00 1.839532174302221108e+02
8.330179426716026114e+01 -8.681354564447634203e+00 1.848634793925904205e+02
8.276842080908956234e+01 -9.114309560142020317e+00 1.857736513857856835e+02
8.223520663673227205e+01 -9.547398231485573206e+00 1.866837325354216262e+02
8.170215221887190182e+01 -9.980620080542452754e+00 1.875937219676224004e+02
8.116925802390584010e+01 -1.041397460947924891e+01 1.885036188090226403e+02
8.063652451984535219e+01 -1.084746132056496570e+01 1.894134221867673205e+02
8.010395217431559445e+01 -1.128107971617102478e+01 1.903231312285116985e+02
