2.540000000000000000e+02 7.000000000000000000e+00 0.000000000000000000e+00
2.527882237866548110e+02 7.423198876042208738e+00 8.013997726463756299e-01
2.515517769154010921e+02 7.858009919180673819e+00 1.615415130283750944e+00
2.502901433039269534e+02 8.304671514041281455e+00 2.442314136180052664e+00
2.490027960973124550e+02 8.763427027611021103e+00 3.282370443139507099e+00
2.476892054112659594e+02 9.234529522426749182e+00 4.135851109264027770e+00
2.463477910123081926e+02 9.717625057342354822e+00 5.004644093577413244e+00
2.449770782954130937e+02 1.021215501000106940e+01 5.890751580957815925e+00
2.435741811611321168e+02 1.071440507259454478e+01 6.800782212810240424e+00
2.421362361218071158e+02 1.122274405503741512e+01 7.739132408013109199e+00
2.406601894224689602e+02 1.173604087604866919e+01 8.709847956927529111e+00
2.391424847514672365e+02 1.225058037121665855e+01 9.719708109915652372e+00
2.375805665071438000e+02 1.276411871978937640e+01 1.077320026049484092e+01
2.359734029805663340e+02 1.327664405637530365e+01 1.187133148536496563e+01
2.343199390587627136e+02 1.378814619731909374e+01 1.301512995167635545e+01
2.326190962247212326e+02 1.429861664070155669e+01 1.420564491702975651e+01
2.308697713800094959e+02 1.480804766318130028e+01 1.544394867941740479e+01
2.290708350825991317e+02 1.531642995580232203e+01 1.673114040679874392e+01
2.272211319534043810e+02 1.582375427876705309e+01 1.806834425519252463e+01
2.253194785632780395e+02 1.633001116724921786e+01 1.945671167421308212e+01
2.233646633912414643e+02 1.683519091157057090e+01 2.089742146525308186e+01
2.213554467941170856e+02 1.733928355693745615e+01 2.239167981104979788e+01
2.192905597265549318e+02 1.784227889233408604e+01 2.394072152189218272e+01
2.171687047666417243e+02 1.834416645942157587e+01 2.554580903706822781e+01
2.149885535489032407e+02 1.884493553026493728e+01 2.720823492414202960e+01
2.127487455439886048e+02 1.934457509674462727e+01 2.892932306707584189e+01
2.104478880586704577e+02 1.984307387055654459e+01 3.071042866623010070e+01
2.080845562251083152e+02 2.034042028311889538e+01 3.255293824881709241e+01
2.056572921313448887e+02 2.083660247802651710e+01 3.445827051546618947e+01
2.031646597679282706e+02 2.133154002193807841e+01 3.642787217990769477e+01
2.006075941567051473e+02 2.182230508072886366e+01 3.846293888624512647e+01
1.979878338724354023e+02 2.230515398323141696e+01 4.056447347674665593e+01
1.953047373405080123e+02 2.277957453311196190e+01 4.273353120899997037e+01
1.925723856346141076e+02 2.323554237931391953e+01 4.496631411596039385e+01
1.898076485247785001e+02 2.366129730606954240e+01 4.725835747674943832e+01
1.870124737783584408e+02 2.405533605074657544e+01 4.960930450105859535e+01
1.841866888973724770e+02 2.441742227599291937e+01 5.201954583201118965e+01
1.813374926255694106e+02 2.474606234599456300e+01 5.448356776204692409e+01
1.784964632007505827e+02 2.503571376221213995e+01 5.697628508430153715e+01
1.756700227013181177e+02 2.527810665420487624e+01 5.950169225166222731e+01
1.728605082300720994e+02 2.546904472998779667e+01 6.206282166711653758e+01
1.700685421338729668e+02 2.560901985780662216e+01 6.465854599597739139e+01
1.672947795830806683e+02 2.569841749855109114e+01 6.728784099367042870e+01
1.645398654090668344e+02 2.573763491089150790e+01 6.994968048249005221e+01
1.618044333457306152e+02 2.572707983165118861e+01 7.264303842128067856e+01
1.590891060165751867e+02 2.566717045402935327e+01 7.536688893998470462e+01
1.563944949347075521e+02 2.555833542760113275e+01 7.812020633964252170e+01
1.537212005028389399e+02 2.540101385831757952e+01 8.090196509239254397e+01
1.510698120572738503e+02 2.519565527969794161e+01 8.371113982805002252e+01
1.484409079570316408e+02 2.494271918636716379e+01 8.654670571993727890e+01
1.458350550932969441e+02 2.464267464317805434e+01 8.940763935527454009e+01
1.432646083835252853e+02 2.429550856325344910e+01 9.228181168656834643e+01
1.408212397659412147e+02 2.389869121056280221e+01 9.508162834540016206e+01
1.385203682101140430e+02 2.345415266261730736e+01 9.778996765582752460e+01
1.363559067544601362e+02 2.296473408958202711e+01 1.004099360103912062e+02
1.343220008442009146e+02 2.243315323731100364e+01 1.029445361487126860e+02
1.324130165729731914e+02 2.186201374600627645e+01 1.053966692980573470e+02
1.306235399010274136e+02 2.125380556595062487e+01 1.077691355216008020e+02
1.289483277488594695e+02 2.061092801487380655e+01 1.100646191979452908e+02
1.273712572186629046e+02 1.994560910503911799e+01 1.122805865384833055e+02
1.258716542115466979e+02 1.928167652456764358e+01 1.144097712836993566e+02
1.244441350134823949e+02 1.862433142677652143e+01 1.164543306581804245e+02
1.230812846705309767e+02 1.797709942630424607e+01 1.184200087482637116e+02
1.217773246131960718e+02 1.734238941817151058e+01 1.203115461189792370e+02
1.205299111703830022e+02 1.671989570957894244e+01 1.221317611889532913e+02
1.193369288359276368e+02 1.610920816047051929e+01 1.238832917212519220e+02
1.181963143966435865e+02 1.550995224629761893e+01 1.255686924706031107e+02
1.171060823054110926e+02 1.492176469692980412e+01 1.271904239966238208e+02
1.160643265912210182e+02 1.434429639341546370e+01 1.287508485173436270e+02
1.150692093579847182e+02 1.377721033075535040e+01 1.302522441172131948e+02
1.141189582392219677e+02 1.322018116705477020e+01 1.316968078914530338e+02
1.132118663438792936e+02 1.267289521392217466e+01 1.330866560129892946e+02
1.123462912410282257e+02 1.213505025641082469e+01 1.344238249868531341e+02
1.115206562718754100e+02 1.160635578543308988e+01 1.357102700293757209e+02
1.107334412996712274e+02 1.108653135917127663e+01 1.369478764953691439e+02
1.099831801077525597e+02 1.057530614209071373e+01 1.381384630925219881e+02
1.092684603995428745e+02 1.007241890493974168e+01 1.392837818813992499e+02
1.085879244107368322e+02 9.577618133055718630e+00 1.403855175192667843e+02
1.079394812535566928e+02 9.090780643450445453e+00 1.414460635085979163e+02
1.073153960310046102e+02 8.612681258425451958e+00 1.424733385086884709e+02
1.067110052688655060e+02 8.143691706487196313e+00 1.434721879103705078e+02
1.061260182022013794e+02 7.683547983372188028e+00 1.444431300130971465e+02
1.055598790810535093e+02 7.232030526371970858e+00 1.453869409611319270e+02
1.050120718274611704e+02 6.788922511226624934e+00 1.463043512077308321e+02
1.044819295828035450e+02 6.353970963918436077e+00 1.471962869086168837e+02
1.039652543098530941e+02 5.925874305260686370e+00 1.480684031495055990e+02
1.034586516175517801e+02 5.503412377805415368e+00 1.489253969804695714e+02
1.029619808590858128e+02 5.086514601919652101e+00 1.497674747210726593e+02
1.024705579959055370e+02 4.672495894081625245e+00 1.506017147234846618e+02
1.019793358758315236e+02 4.258461147644299061e+00 1.514357455198989726e+02
1.014883572474203817e+02 3.844435085103556915e+00 1.522695023633067990e+02
1.009976223416688867e+02 3.430418035577881941e+00 1.531029847732435769e+02
1.005071313892047726e+02 3.016410327938678027e+00 1.539361922698206229e+02
1.000168846202868878e+02 2.602412290810176554e+00 1.547691243737253615e+02
9.952688226480502465e+01 2.188424252569434625e+00 1.556017806062210980e+02
9.903712455227997680e+01 1.774446541346338835e+00 1.564341604891473025e+02
9.854761171186362390e+01 1.360479485023601498e+00 1.572662635449193260e+02
9.805834397233931554e+01 9.465234112361592400e-01 1.580980892965290252e+02
9.756932156212418761e+01 5.325786473684558375e-01 1.589296372675418922e+02
9.708054470926217050e+01 1.186455205628758613e-01 1.597609069821020000e+02
9.659201364142818136e+01 -2.952756422852756968e-01 1.605918979649289895e+02
9.610372858592921830e+01 -7.091845145290587293e-01 1.614226097413180696e+02
9.561568976970433198e+01 -1.123080769769899234e+00 1.622530418371402448e+02
9.512789741932465404e+01 -1.536964081857585152e+00 1.630831937788420305e+02
9.464035176099334024e+01 -1.950834124890273413e+00 1.639130650934458231e+02
9.415305302054564152e+01 -2.364690573214482505e+00 1.647426553085494447e+02
9.366600142344894664e+01 -2.778533101425096685e+00 1.655719639523265414e+02
9.317919719480251217e+01 -3.192361384365367094e+00 1.664009905535264124e+02
9.269264055933786040e+01 -3.606175097126906870e+00 1.672297346414739820e+02
9.220633174141849508e+01 -4.019973915049694924e+00 1.680581957460699130e+02
9.172027096503992993e+01 -4.433757513722077270e+00 1.688863733977904360e+02
9.123445845382987329e+01 -4.847525568980762145e+00 1.697142671276875205e+02
9.074889443104794395e+01 -5.261277756910823555e+00 1.705418764673887608e+02
9.026357911958567115e+01 -5.675013753845409958e+00 1.713692009490973760e+02
8.977852031530524357e+01 -6.088717265951466118e+00 1.721962216499993303e+02
8.929371739787308115e+01 -6.502389719570486726e+00 1.730229401402594362e+02
8.880915924771660741e+01 -6.916054687525462263e+00 1.738493835794208451e+02
8.832483644563689040e+01 -7.329732183204697549e+00 1.746755749991132234e+02
8.784074127280878486e+01 -7.743438660561809073e+00 1.755015333030524687e+02
8.735686771078084689e+01 -8.157187014115729440e+00 1.763272732670409653e+02
8.687321144147530561e+01 -8.570986578950693158e+00 1.771528055389674705e+02
8.638976984718816254e+01 -8.984843130716260617e+00 1.779781366388071717e+02
8.590654201058903539e+01 -9.398758885627302107e+00 1.788032689586215724e+02
8.542352871472135689e+01 -9.812732500463996033e+00 1.796282007625585777e+02
