2.540000000000000000e+02 7.000000000000000000e+00 0.000000000000000000e+00
2.528104595891084614e+02 7.395400243308698940e+00 8.166936833340844304e-01
2.515960820843198746e+02 7.803308409574444937e+00 1.645196896726988545e+00
2.503561847811504038e+02 8.223724604340905131e+00 2.486066909685150872e+00
2.490900931118003712e+02 8.656685832382143175e+00 3.339829480156985664e+00
2.477972053292345436e+02 9.102383861694052669e+00 4.206846898174983806e+00
2.464760596956335803e+02 9.560169055639880398e+00 5.089194746182847950e+00
2.451227834761974691e+02 1.002587144857935009e+01 5.994862750092375236e+00
2.437356074679691176e+02 1.049858670429735419e+01 6.926445645520280081e+00
2.423090681593590716e+02 1.097383611465372333e+01 7.893295721730445358e+00
2.408397691984563664e+02 1.144882733663176921e+01 8.901222280595300518e+00
2.393266910752007277e+02 1.192356745064505574e+01 9.951190239091863177e+00
2.377687915356887913e+02 1.239806866599113100e+01 1.104418168080735008e+01
2.361650026793852533e+02 1.287234345611205732e+01 1.218120289180591698e+01
2.345142309493699315e+02 1.334640455869591058e+01 1.336328436983126622e+01
2.328153564844730568e+02 1.382026498241873114e+01 1.459148143562221911e+01
2.310672332793369605e+02 1.429393800527717495e+01 1.586687408187609094e+01
2.292686878362293328e+02 1.476743718862078936e+01 1.719056824538063211e+01
2.274185176069693455e+02 1.524077639336741896e+01 1.856369727717816431e+01
2.255154909898285212e+02 1.571396978003547495e+01 1.998742194549104667e+01
2.235583470957762131e+02 1.618703181117627565e+01 2.146293065628760743e+01
2.215457946496538000e+02 1.665997726280671287e+01 2.299144049012022606e+01
2.194765127826297544e+02 1.713282121616321874e+01 2.457419645437383693e+01
2.173491478308607441e+02 1.760557909101679641e+01 2.621247450399484080e+01
2.151623128772709777e+02 1.807826665044130365e+01 2.790758197385965289e+01
2.129145877515520624e+02 1.855090000081344570e+01 2.966085757877471707e+01
2.106045188622456408e+02 1.902349559355953446e+01 3.147367157192119436e+01
2.082306177446590425e+02 1.949607024026171942e+01 3.334742711502074997e+01
2.057913599296070970e+02 1.996864112443314454e+01 3.528356134576831948e+01
2.032849915958713609e+02 2.044144697593333859e+01 3.728356716341074417e+01
2.007125457972924778e+02 2.091145828679037066e+01 3.934868253030061425e+01
1.980757374944573996e+02 2.137500280460819368e+01 4.147996627566833894e+01
1.953736913829627326e+02 2.183157736534957394e+01 4.367862756336686658e+01
1.926175085276607888e+02 2.227296893855799809e+01 4.594199587710611610e+01
1.898269908690881209e+02 2.268517158688528923e+01 4.826515101941566854e+01
1.870054624728705335e+02 2.306569981356423327e+01 5.064743257326796311e+01
1.841526917866585222e+02 2.341431737200377228e+01 5.308928520084612046e+01
1.812908733987036385e+02 2.372688831059192083e+01 5.557341500779735100e+01
1.784401479937634178e+02 2.400001661316027324e+01 5.808379538308624745e+01
1.756014257205411866e+02 2.423344142219808717e+01 6.061993213304540262e+01
1.727786310458661205e+02 2.441826560530322965e+01 6.318910922260372587e+01
1.699737121775488049e+02 2.455134501388558022e+01 6.579342151624358337e+01
1.671873430031910743e+02 2.463307323331631693e+01 6.843182575516335930e+01
1.644201800148846644e+02 2.466387440312546531e+01 7.110326041686599297e+01
1.616728684844186148e+02 2.464418406707901354e+01 7.380666324786361088e+01
1.589460419435158371e+02 2.457444815899587809e+01 7.654097279051474345e+01
1.562403221838323759e+02 2.445512300274690531e+01 7.930512838302577450e+01
1.535563192569569821e+02 2.428667531225485732e+01 8.209807015945114017e+01
1.508946314744114261e+02 2.406958219149444034e+01 8.491873904969308740e+01
1.482558455118904135e+02 2.380433104221008733e+01 8.776607677246596495e+01
1.456405363296059363e+02 2.349141894683425136e+01 9.063902653639509310e+01
1.430497095536049699e+02 2.313133373714406815e+01 9.353611922854908300e+01
1.405554328532398642e+02 2.272201624103118789e+01 9.638891133597621774e+01
1.382071032687980789e+02 2.226384269102336688e+01 9.914867421798533087e+01
1.359999790777554551e+02 2.175970197674480389e+01 1.018171208272656969e+02
1.339281509305443194e+02 2.121243412979050902e+01 1.043971562105563891e+02
1.319852466017753159e+02 2.062478746093113102e+01 1.068922312156336289e+02
1.301656746817409669e+02 1.999935418581780411e+01 1.093051905271305770e+02
1.284635551952223977e+02 1.933913233937993681e+01 1.116388238406106836e+02
1.268594140392047791e+02 1.866490472961363523e+01 1.138868896469918894e+02
1.253340486739459294e+02 1.799710826718391132e+01 1.160436816585519182e+02
1.238819547173200988e+02 1.733780846610878967e+01 1.181135744596676460e+02
1.224943335123286658e+02 1.669161503731248075e+01 1.201030526594463907e+02
1.211667783482834153e+02 1.605966910472282194e+01 1.220161843564481785e+02
1.198970348681010591e+02 1.544142978546869216e+01 1.238558412413293013e+02
1.186828719036908097e+02 1.483642932487364874e+01 1.256248179580932174e+02
1.175221470013027840e+02 1.424421824033041339e+01 1.273257982505868426e+02
1.164127949418209909e+02 1.366436296241756487e+01 1.289613693093608333e+02
1.153528271575742252e+02 1.309644571506509081e+01 1.305340225005142543e+02
1.143403310745222541e+02 1.254006438033306559e+01 1.320461541878372884e+02
1.133734707258268344e+02 1.199483262435301789e+01 1.335000649660884449e+02
1.124504812569827124e+02 1.146037876826368240e+01 1.348979665282265898e+02
1.115696613616768502e+02 1.093634423377752540e+01 1.362419911188478636e+02
1.107293730764876614e+02 1.042238350098826061e+01 1.375341917907663571e+02
1.099280421676092203e+02 9.918164187788015340e+00 1.387765419217365945e+02
1.091641562280228328e+02 9.423366658693941744e+00 1.399709375926390464e+02
1.084362590857286079e+02 8.937682875814161321e+00 1.411192045758629945e+02
1.077429501802133700e+02 8.460816270634804681e+00 1.422230991146238921e+02
1.070825435303707991e+02 7.992531143135751748e+00 1.432846431640788580e+02
1.064475025080012074e+02 7.533495346360235878e+00 1.443115668693550617e+02
1.058328862516192856e+02 7.084067960087844007e+00 1.453089964760325472e+02
1.052375402150596102e+02 6.644079533296566531e+00 1.462783207472107847e+02
1.046611758389134792e+02 6.213245020876667191e+00 1.472200696864454983e+02
1.041032150013808746e+02 5.791328649984566646e+00 1.481350524718985469e+02
1.035631421407996555e+02 5.378094764555196861e+00 1.490240098433615685e+02
1.030402523984017762e+02 4.973245620605102779e+00 1.498879393079982663e+02
1.025293710041164843e+02 4.574920202175049688e+00 1.507339695349863575e+02
1.020255925501728314e+02 4.180689371310041480e+00 1.515692751983840481e+02
1.015222765079079892e+02 3.786582329920429757e+00 1.524039843385395159e+02
1.010191619021708078e+02 3.392443149204747765e+00 1.532384949134221017e+02
1.005162490032579683e+02 2.998272150942112191e+00 1.540728064045951271e+02
1.000135380811370283e+02 2.604069656732857396e+00 1.549069182941057363e+02
9.951102940544660669e+01 2.209835987998259199e+00 1.557408300644854933e+02
9.900872324549615655e+01 1.815571465980532428e+00 1.565745411987502393e+02
9.850661987026629163e+01 1.421276411742833590e+00 1.574080511803998661e+02
9.800471954840837441e+01 1.026951146169259754e+00 1.582413594934187131e+02
9.750302254824471504e+01 6.325959899644577611e-01 1.590744656222767617e+02
9.700152913776868502e+01 2.382112636506736325e-01 1.599073690519277022e+02
9.650023958464460350e+01 -1.562027124242874043e-01 1.607400692678086784e+02
9.599915415620782255e+01 -5.506456180916140530e-01 1.615725657558403441e+02
9.549827311946462771e+01 -9.451171333631835925e-01 1.624048580024287389e+02
9.499759674109219532e+01 -1.339616938431559712e+00 1.632369454944652034e+02
9.449712528743867779e+01 -1.734144713669993454e+00 1.640688277193266345e+02
9.399685902452318942e+01 -2.128700139632424548e+00 1.649005041648752581e+02
9.349679821803572111e+01 -2.523282897053479079e+00 1.657319743194587147e+02
9.299694313333718299e+01 -2.917892666848469929e+00 1.665632376719100591e+02
9.249729403545950390e+01 -3.312529130113399223e+00 1.673942937115478742e+02
9.199785118910548931e+01 -3.707191968124955217e+00 1.682251419281758729e+02
9.149861485864887811e+01 -4.101880862340512302e+00 1.690557818120834668e+02
9.099958530813432844e+01 -4.496595494398135884e+00 1.698862128540453114e+02
9.050076293502650060e+01 -4.891335264279484285e+00 1.707164342187719512e+02
9.000215702150815389e+01 -5.286080839619160976e+00 1.715464233724402732e+02
8.950376090096780501e+01 -5.680846477790208127e+00 1.723761967096974388e+02
8.900555985291131833e+01 -6.075663436543449869e+00 1.732057903066500728e+02
8.850754241230951891e+01 -6.470556151573706671e+00 1.740352323142109299e+02
8.800970036959827780e+01 -6.865542236519792674e+00 1.748645429580986956e+02
8.751202877067841257e+01 -7.260632482964514800e+00 1.756937345388382994e+02
8.701452591691572991e+01 -7.655830860434676310e+00 1.765228114317606583e+02
8.651719336514101144e+01 -8.051134516401072361e+00 1.773517700870027340e+02
8.602003475556742274e+01 -8.446536225946520204e+00 1.781806018788849997e+02
8.552304908618783941e+01 -8.842038460926469057e+00 1.790093094637643105e+02
8.502623633715127482e+01 -9.237641648910479120e+00 1.798378931154688587e+02
8.452959690015211436e+01 -9.633345357320107993e+00 1.806663521073280094e+02
8.403313116649869130e+01 -1.002914915371942506e+01 1.814946857131955937e+02
