2.540000000000000000e+02 7.000000000000000000e+00 0.000000000000000000e+00
2.526806435783203710e+02 7.445157801542155340e+00 8.925901445905265463e-01
2.513336518196046825e+02 7.904524600311011895e+00 1.798151330250835622e+00
2.499579143058394664e+02 8.377534792938112318e+00 2.718370846774990301e+00
2.485505765677566501e+02 8.861055891986829636e+00 3.659317813973855582e+00
2.471070548173762234e+02 9.351545844175371158e+00 4.628963722028909267e+00
2.456214694049108971e+02 9.843871435516044599e+00 5.637823145073125986e+00
2.440919532516480217e+02 1.033748689519009289e+01 6.688240571860947448e+00
2.425174398470324775e+02 1.083243864752289021e+01 7.781207494846670514e+00
2.408968335483657199e+02 1.132877406902083095e+01 8.917743091631528785e+00
2.392290534122898862e+02 1.182661902870326820e+01 1.009880397004918962e+01
2.375127354590370317e+02 1.232562782725339723e+01 1.132590915224189665e+01
2.357464425615186769e+02 1.282536443971801887e+01 1.260070328902584436e+01
2.339288419153006657e+02 1.332562940086202197e+01 1.392458468227492396e+01
2.320586800088054531e+02 1.382641985211517266e+01 1.529875408907917844e+01
2.301346934085667613e+02 1.432777031197866435e+01 1.672439866242045881e+01
2.281555862849747029e+02 1.482971368292119685e+01 1.820273755323204767e+01
2.261200312441987990e+02 1.533228362985711790e+01 1.973501964852771451e+01
2.240266685660817529e+02 1.583551459863010713e+01 2.132252428929144727e+01
2.218741070618984281e+02 1.633944179520759477e+01 2.296656046248680383e+01
2.196609207741887815e+02 1.684410126572473132e+01 2.466846990975095721e+01
2.173856484084330134e+02 1.734952991026889180e+01 2.642962766274565212e+01
2.150467933330523351e+02 1.785576548287960108e+01 2.825144204315722618e+01
2.126428232963595519e+02 1.836284659841224354e+01 3.013535492932414783e+01
2.101721688165203545e+02 1.887081277158472403e+01 3.208284327286918369e+01
2.076332220780525404e+02 1.937970444374393963e+01 3.409542013817138439e+01
2.050243865391819895e+02 1.988950064685865016e+01 3.617463323252490426e+01
2.023467451686393588e+02 2.039687440280766140e+01 3.832190511045183001e+01
1.996018703198502919e+02 2.089806450917519598e+01 4.053850811392853615e+01
1.967914465072653343e+02 2.139087783386627351e+01 4.282481254856620723e+01
1.939335303112675604e+02 2.186234986446737594e+01 4.517635370246484428e+01
1.910416776393745693e+02 2.230260023618610887e+01 4.759016554065281213e+01
1.881180842619484110e+02 2.270993076409352440e+01 5.006587472713626852e+01
1.851727421697316629e+02 2.308219524141361134e+01 5.259591640702878124e+01
1.822364660991089806e+02 2.341367443361948020e+01 5.515609427986426994e+01
1.793126302754548647e+02 2.370405371097927372e+01 5.774346357294445653e+01
1.764027199299298729e+02 2.395117276792667127e+01 6.035935397334232988e+01
1.735113807146756244e+02 2.414459607715927092e+01 6.301238296961977881e+01
1.706396575960966402e+02 2.428384841361947011e+01 6.570222338785768557e+01
1.677882505686799277e+02 2.436937249701746921e+01 6.842773850120832435e+01
1.649578442288099893e+02 2.440163235865155400e+01 7.118778269878851006e+01
1.621491102426560360e+02 2.438110334487679509e+01 7.398121128197969654e+01
1.593627073386583106e+02 2.430827210189510978e+01 7.680688048744374896e+01
1.565992813075283152e+02 2.418363657575524428e+01 7.966364748712268806e+01
1.538594650022488111e+02 2.400770601235276658e+01 8.255037038823894591e+01
1.511438784560274655e+02 2.378100083513481522e+01 8.546590824466289860e+01
1.484531287810986839e+02 2.350405200807290029e+01 8.840912181297596817e+01
1.457878097989333526e+02 2.317740071720874084e+01 9.137887424126908797e+01
1.431498357011267899e+02 2.280153144408173560e+01 9.437278148045326986e+01
1.406188594639552321e+02 2.237355792029212864e+01 9.731507057270643202e+01
1.382416209381759415e+02 2.189379932411941354e+01 1.001591938939151021e+02
1.360113147350940608e+02 2.136547559168861454e+01 1.029085511591944027e+02
1.339214146069426192e+02 2.079165758976671796e+01 1.055664200096563974e+02
1.319656172628833133e+02 2.017528076147636540e+01 1.081359974482976583e+02
1.301378739278850105e+02 1.951914779789567334e+01 1.106203658858355823e+02
1.284274284788502314e+02 1.883306161647360710e+01 1.130177215781860269e+02
1.268065846988313723e+02 1.814847325168311087e+01 1.153165421614689876e+02
1.252649676726460939e+02 1.747259423426826430e+01 1.175210190657895737e+02
1.237961151654120897e+02 1.680783132101323218e+01 1.196366171106682685e+02
1.223921204513648462e+02 1.615799673571157768e+01 1.216693979612188627e+02
1.210496517144299276e+02 1.552322451424432082e+01 1.236229721316617400e+02
1.197663120573644591e+02 1.490296954154044151e+01 1.255003972712220559e+02
1.185397839333392511e+02 1.429672131027935755e+01 1.273046179117514356e+02
1.173678417823064706e+02 1.370398927650508902e+01 1.290384619177229695e+02
1.162483418218936180e+02 1.312430064828629916e+01 1.307046534315629458e+02
1.151792218213725079e+02 1.255720033675722291e+01 1.323058131602618630e+02
1.141585000879045424e+02 1.200225073645170859e+01 1.338444596608909762e+02
1.131842764866802042e+02 1.145903194620942678e+01 1.353230080470860628e+02
1.122547232122160352e+02 1.092713977017033855e+01 1.367437816912305664e+02
1.113680799600517588e+02 1.040618467185942819e+01 1.381090183468861028e+02
1.105226539452649348e+02 9.895791778195645705e+00 1.394208701253150480e+02
1.097168203782973706e+02 9.395600982459212602e+00 1.406814028921972977e+02
1.089490176452296453e+02 8.905265900218990893e+00 1.418926023791900661e+02
1.082177436478114316e+02 8.424453076521576378e+00 1.430563788248674939e+02
1.075215548188442938e+02 7.952841772541417775e+00 1.441745682232912600e+02
1.068570531295900565e+02 7.490425155765342069e+00 1.452509138254611116e+02
1.062154415553515605e+02 7.038070955955324948e+00 1.462944209836837501e+02
1.055942614328174756e+02 6.595765468320422542e+00 1.473078031014243550e+02
1.049926688822656189e+02 6.163273600899707105e+00 1.482921682780489050e+02
1.044103046066793183e+02 5.740300262762101369e+00 1.492481379482886723e+02
1.038466329995529236e+02 5.326610211900765890e+00 1.501764806191487480e+02
1.032989826349157454e+02 4.921224940991644203e+00 1.510809177976615558e+02
1.027625895892267920e+02 4.522469212605700228e+00 1.519680406703018321e+02
1.022370379573312675e+02 4.130102175608970860e+00 1.528384864857297600e+02
1.017157122545283130e+02 3.740122159695861814e+00 1.537025068365300626e+02
1.011945488721440967e+02 3.350068666418821728e+00 1.545664000674100009e+02
1.006735568889086494e+02 2.959947320636669321e+00 1.554301520252784599e+02
1.001527294978256464e+02 2.569754139800499271e+00 1.562937731651219622e+02
9.963206701842801749e+01 2.179489457587992174e+00 1.571572628980146646e+02
9.911156976995469847e+01 1.789153607567799842e+00 1.580206206354329481e+02
9.859123807134359652e+01 1.398746923183580071e+00 1.588838457892736074e+02
9.807107224123063816e+01 1.008269737751906314e+00 1.597469377718568353e+02
9.755107259794981189e+01 6.177223844622662385e-01 1.606098959959260526e+02
9.703123945953312557e+01 2.271051963770615301e-01 1.614727198746480781e+02
9.651157314371057794e+01 -1.635814935683906624e-01 1.623354088216129298e+02
9.599207396791017288e+01 -5.543373525658602530e-01 1.631979622508339958e+02
9.547274224925799047e+01 -9.451620479342007775e-01 1.640603795767478346e+02
9.495357830457804482e+01 -1.336055247119353195e+00 1.649226602142144600e+02
9.443458245039245469e+01 -1.727016617694342004e+00 1.657848035785170566e+02
9.391575500292127288e+01 -2.118045827359279709e+00 1.666468090853621220e+02
9.339709627808267101e+01 -2.509142543941361492e+00 1.675086761508795519e+02
9.287860659149272635e+01 -2.900306435394868654e+00 1.683704041916224696e+02
9.236028625846559237e+01 -3.291537169801171725e+00 1.692319926245671695e+02
9.184213559401349869e+01 -3.682834415368720471e+00 1.700934408671134577e+02
9.132415491284653797e+01 -4.074197840433055440e+00 1.709547483370842826e+02
9.080634452937238166e+01 -4.465627113457470543e+00 1.718159144527265596e+02
9.028870475769475945e+01 -4.857121903039720578e+00 1.726769386327192422e+02
8.977123591161753779e+01 -5.248681877897378278e+00 1.735378202961557577e+02
8.925393830464288669e+01 -5.640306706875017895e+00 1.743985588625527612e+02
8.873681224996967387e+01 -6.031996058947510342e+00 1.752591537518542282e+02
8.821985806049335110e+01 -6.423749603220026749e+00 1.761196043844309713e+02
8.770307604880603947e+01 -6.815567008928028692e+00 1.769799101810809248e+02
8.718646652719657197e+01 -7.207447945437281511e+00 1.778400705630292578e+02
8.667002980765035147e+01 -7.599392082243847213e+00 1.787000849519280052e+02
8.615376620184947853e+01 -7.991399088974079135e+00 1.795599527698564088e+02
8.563767602117273725e+01 -8.383468635384637935e+00 1.804196734393206896e+02
8.512175957669550996e+01 -8.775600391362470276e+00 1.812792463832542182e+02
8.460601717918986253e+01 -9.167794026924831030e+00 1.821386710250174872e+02
8.409044913912450170e+01 -9.560049212219267289e+00 1.829979467883978543e+02
8.357505576666486036e+01 -9.952365617523616592e+00 1.838570730976099981e+02
8.305983737167287018e+01 -1.034474291324603179e+01 1.847160493772954339e+02
8.254479426370727424e+01 -1.073718076992494375e+01 1.855748750525229696e+02
8.202991751033277978e+01 -1.112969848099857906e+01 1.864335725631333105e+02
8.151519263587027808e+01 -1.152232719394244853e+01 1.872921782057103712e+02
