2.540000000000000000e+02 7.000000000000000000e+00 0.000000000000000000e+00
2.527087925727474271e+02 7.427352446048383072e+00 8.696054686434321335e-01
2.513905515328130207e+02 7.868903218977432168e+00 1.751719666235365791e+00
2.500446695130499108e+02 8.324971683009570356e+00 2.646623544312085574e+00
2.486692496327566744e+02 8.793628108896788476e+00 3.558224700444767574e+00
2.472620473581798706e+02 9.272813219999187950e+00 4.490911213028581095e+00
2.458164588199734055e+02 9.756477818362087717e+00 5.457020393048449769e+00
2.443282916041352166e+02 1.024196265368106040e+01 6.463236707172258733e+00
2.427964436853360723e+02 1.072930832901379539e+01 7.510603903426404493e+00
2.412198325577154776e+02 1.121857763952260356e+01 8.600123740361167890e+00
2.395973484443706809e+02 1.170983493148380639e+01 9.732823246376755222e+00
2.379278533720340079e+02 1.220314615499349742e+01 1.090975557706395449e+01
2.362101810609669315e+02 1.269857887023885290e+01 1.213200011722005200e+01
2.344431361290610027e+02 1.319620229283059665e+01 1.340066321827712770e+01
2.326254943662052597e+02 1.369608727817497851e+01 1.471687794409052863e+01
2.307560001508124117e+02 1.419830646862495804e+01 1.608180646461037000e+01
2.288333660015630358e+02 1.470293431901207271e+01 1.749664047120442945e+01
2.268562725679601613e+02 1.521004709718441816e+01 1.896260118541066930e+01
2.248233679446299220e+02 1.571972292306110752e+01 2.048093999425913836e+01
2.227332664780369953e+02 1.623204183659943212e+01 2.205293955589160149e+01
2.205845475808342826e+02 1.674708586532744548e+01 2.367991489810275141e+01
2.183756536350545616e+02 1.726474678334714952e+01 2.536343352162966625e+01
2.161046890968169407e+02 1.778433572609142033e+01 2.710575590704704396e+01
2.137698561360525105e+02 1.830540800804320156e+01 2.890889341195825324e+01
2.113695583401284352e+02 1.882796428193799088e+01 3.077438105649287792e+01
2.089022399491809949e+02 1.935215522691124335e+01 3.270361961388966421e+01
2.063662432973105467e+02 1.987801849826416145e+01 3.469817963868369759e+01
2.037598825360649926e+02 2.040561587979028957e+01 3.675964348360584921e+01
2.010824817276719045e+02 2.093367174609658221e+01 3.888960038394800733e+01
1.983369391854701576e+02 2.145644984037667768e+01 4.108946085334144982e+01
1.955297584695723287e+02 2.196830774002774334e+01 4.335827196479469592e+01
1.926764089482825568e+02 2.245797663747227801e+01 4.569239130404598370e+01
1.897905302072410905e+02 2.291529279262863028e+01 4.808918949780012042e+01
1.868749000921826564e+02 2.333912665046493728e+01 5.054710596698459568e+01
1.839580206491701233e+02 2.372376307260842765e+01 5.304410850861739846e+01
1.810534173938549998e+02 2.406681332775648485e+01 5.556942939007155502e+01
1.781611000331181174e+02 2.436934902066100861e+01 5.812178867252235648e+01
1.752827212994413628e+02 2.462881467136007529e+01 6.070287044203614357e+01
1.724218345324778454e+02 2.483782001182938970e+01 6.331861737655027866e+01
1.695806649009572595e+02 2.499269661208738569e+01 6.597157952772226963e+01
1.667602142588016250e+02 2.509311488870546469e+01 6.866129223202351284e+01
1.639611640495436120e+02 2.513955136542750068e+01 7.138658797551249791e+01
1.611841869005719161e+02 2.513249098274078008e+01 7.414630010752112810e+01
1.584299422960130528e+02 2.507243070077184299e+01 7.693926225980132472e+01
1.556990765532464991e+02 2.495987932426166722e+01 7.976430855284431232e+01
1.529922226906387834e+02 2.479535711622215999e+01 8.262027413006525478e+01
1.503100003708934480e+02 2.457939557760308702e+01 8.550599544405837094e+01
1.476530158352423143e+02 2.431253716980360124e+01 8.842031061168364658e+01
1.450218618346229107e+02 2.399533503097158160e+01 9.136205977861374095e+01
1.424171405687053777e+02 2.362835128629798831e+01 9.433006404827544600e+01
1.398942677910431769e+02 2.320923242548341747e+01 9.727161788250369057e+01
1.375261955195220764e+02 2.273620731440118448e+01 1.001159343398311421e+02
1.353065701063308950e+02 2.221261130752978374e+01 1.028658398484369911e+02
1.332287016999660807e+02 2.164166752110433478e+01 1.055246132009245343e+02
1.312861691541939706e+02 2.102645434692991344e+01 1.080954172716742647e+02
1.294731146551629308e+02 2.036946800292726678e+01 1.105816081359868974e+02
1.277739810302905283e+02 1.968635775251492959e+01 1.129791559201430289e+02
1.261602397021449065e+02 1.900928086807269679e+01 1.152782301277115664e+02
1.246254632736356740e+02 1.834151326929210413e+01 1.174823476262877762e+02
1.231624999571753847e+02 1.768606649744237913e+01 1.195972954166442861e+02
1.217635348248622478e+02 1.704670745379045016e+01 1.216290642404207745e+02
1.204259700264755111e+02 1.642291051028123405e+01 1.235809395384128209e+02
1.191473788590353138e+02 1.581411407130420343e+01 1.254560416837055072e+02
1.179254317624202599e+02 1.521977875760751076e+01 1.272573663227747858e+02
1.167578856744794109e+02 1.463938497542216233e+01 1.289877980404980065e+02
1.156425838101978911e+02 1.407243286603235255e+01 1.306501106436425061e+02
1.145774545541504637e+02 1.351844205278213096e+01 1.322469685826900729e+02
1.135605124865478928e+02 1.297695187534481853e+01 1.337809256347137818e+02
1.125898480771595160e+02 1.244751903618648825e+01 1.352544381334728030e+02
1.116636231732922795e+02 1.192971657013647580e+01 1.366698707616063757e+02
1.107800708877766453e+02 1.142313381880293122e+01 1.380294966944320549e+02
1.099374947654070240e+02 1.092737624011690833e+01 1.393354986700695406e+02
1.091342689170346603e+02 1.044206543895999317e+01 1.405899688173015818e+02
1.083688283060609905e+02 9.966836948832533238e+00 1.417949211250555379e+02
1.076396668156140635e+02 9.501339790424379927e+00 1.429522939236332775e+02
1.069456473408088613e+02 9.045189298454495486e+00 1.440636443963466320e+02
1.062840145932337776e+02 8.598264644512381594e+00 1.451321101048332878e+02
1.056461265281395470e+02 8.161390285061594696e+00 1.461665884622638885e+02
1.050284122694713460e+02 7.734706719369894401e+00 1.471709112274589870e+02
1.044301721871163551e+02 7.317949541861356266e+00 1.481460562559894925e+02
1.038508219584081615e+02 6.910846110534938802e+00 1.490928805886825046e+02
1.032898467889832546e+02 6.513138447284145371e+00 1.500121526282327693e+02
1.027423541117307337e+02 6.123006370937586595e+00 1.509107581748270377e+02
1.022058396969799361e+02 5.739501157483393179e+00 1.517922329644942749e+02
1.016800958154979924e+02 5.362500407121664203e+00 1.526568991558110611e+02
1.011649277371210758e+02 4.991887296048481026e+00 1.535050601237460342e+02
1.006592984680800811e+02 4.627022270106286861e+00 1.543383440097286154e+02
1.001556631118963878e+02 4.263225959375061436e+00 1.551686156115849542e+02
9.965218234527617369e+01 3.899357316666592688e+00 1.559987675872755801e+02
9.914885113758107593e+01 3.535413338235746217e+00 1.568288077695747518e+02
9.864566978539654940e+01 3.171394322412601330e+00 1.576587356151773633e+02
9.814263858504936877e+01 2.807300567433030469e+00 1.584885505811329551e+02
9.763975783260643482e+01 2.443132371436365080e+00 1.593182521248486694e+02
9.713702782387487389e+01 2.078890032465398718e+00 1.601478397040891650e+02
9.663444885440195264e+01 1.714573848466383277e+00 1.609773127769767314e+02
9.613202121947510648e+01 1.350184117289030761e+00 1.618066708019912312e+02
9.562974521412189688e+01 9.857211366865140656e-01 1.626359132379701009e+02
9.512762113311013934e+01 6.211852043154643122e-01 1.634650395441084072e+02
9.462564927094773282e+01 2.565766177359748990e-01 1.642940491799587903e+02
9.412382992188277342e+01 -1.081043255884030496e-01 1.651229416054314356e+02
9.362216337990355441e+01 -4.728573282906564645e-01 1.659517162807941304e+02
9.312064993873846674e+01 -8.376820931003136073e-01 1.667803726666722639e+02
9.261928989185622640e+01 -1.202578322844076508e+00 1.676089102240506463e+02
9.211808353246364334e+01 -1.567545720447244495e+00 1.684373284142712066e+02
9.161703115350987048e+01 -1.932583988929356122e+00 1.692656266990333904e+02
9.111613304768306421e+01 -2.297692831408121528e+00 1.700938045403953822e+02
9.061538950741048382e+01 -2.662871951099923695e+00 1.709218614007757253e+02
9.011480082485849152e+01 -3.028121051319812906e+00 1.717497967429531514e+02
8.961436729193265194e+01 -3.393439835481511846e+00 1.725776100300667508e+02
8.911408920027753311e+01 -3.758828007097415824e+00 1.734053007256158594e+02
8.861396684127684864e+01 -4.124285269778587448e+00 1.742328682934601431e+02
8.811400050605345768e+01 -4.489811327234765059e+00 1.750603121978195418e+02
8.761419048546926547e+01 -4.855405883274348078e+00 1.758876319032742401e+02
8.711453707012536540e+01 -5.221068641804419208e+00 1.767148268747647535e+02
8.661504055036201066e+01 -5.586799306830807943e+00 1.775418965775922118e+02
8.611570121625803154e+01 -5.952597582458598602e+00 1.783688404774179332e+02
8.561651935763114807e+01 -6.318463172892512247e+00 1.791956580402655561e+02
8.511749526403748689e+01 -6.684395782437301925e+00 1.800223487325203280e+02
8.461862922477159543e+01 -7.050395115497794407e+00 1.808489120209297027e+02
8.411992152886642771e+01 -7.416460876578891082e+00 1.816753473726030848e+02
8.362137057298902221e+01 -7.782601487669074558e+00 1.825016623632570827e+02
8.312295762301656055e+01 -8.148893623461100688e+00 1.833279303682821535e+02
8.262467414181236336e+01 -8.515347735283452124e+00 1.841541673435292523e+02
8.212651572309520986e+01 -8.881954782688664451e+00 1.849803712154815685e+02
