5.000000000000000000e+01 2.528716778400159981e+01
1.000000000000000000e+02 2.039293942579957530e+01
1.500000000000000000e+02 1.494047592900730947e+01
2.000000000000000000e+02 1.109056067347209051e+01
2.500000000000000000e+02 8.940193911716784569e+00
3.000000000000000000e+02 7.929288049631654900e+00
3.500000000000000000e+02 7.109292034565919849e+00
4.000000000000000000e+02 6.346170158215985957e+00
4.500000000000000000e+02 6.010662249068106533e+00
5.000000000000000000e+02 5.597477511043829956e+00
5.500000000000000000e+02 5.829524489600726334e+00
6.000000000000000000e+02 5.236684970505412373e+00
6.500000000000000000e+02 5.024690819838902200e+00
7.000000000000000000e+02 5.202909743561415112e+00
7.500000000000000000e+02 3.265151534802877453e+00
8.000000000000000000e+02 2.633746032717137808e+00
8.500000000000000000e+02 2.616263792628092943e+00
9.000000000000000000e+02 3.603002771474828947e+00
9.500000000000000000e+02 2.619822872363887445e+00
1.000000000000000000e+03 3.834307471587056870e+00
1.050000000000000000e+03 1.972531316328268947e+00
1.100000000000000000e+03 2.848406003571214207e+00
1.150000000000000000e+03 1.994212616884996292e+00
1.200000000000000000e+03 2.206786383924173478e+00
1.250000000000000000e+03 2.467673143867918917e+00
1.300000000000000000e+03 2.603888978444963698e+00
1.350000000000000000e+03 1.908134571927462941e+00
1.400000000000000000e+03 1.948578115491281126e+00
1.450000000000000000e+03 1.877853016675848474e+00
1.500000000000000000e+03 2.278669136443258303e+00
1.550000000000000000e+03 2.129017772688277965e+00
1.600000000000000000e+03 2.479236532857973963e+00
1.650000000000000000e+03 2.444424695041677698e+00
1.700000000000000000e+03 2.815492463134537715e+00
1.750000000000000000e+03 3.361237588959720579e+00
1.800000000000000000e+03 2.257873381965231907e+00
1.850000000000000000e+03 1.972647375529498870e+00
1.900000000000000000e+03 1.709522098607854979e+00
1.950000000000000000e+03 1.563922385520527314e+00
2.000000000000000000e+03 1.223081563606459365e+00
