1.000000000000000000e+00 2.177384376525878906e+00
1.000000000000000000e+02 1.821294307708740234e+00
1.100000000000000000e+02 1.549045324325561523e+00
1.200000000000000000e+02 1.618968367576599121e+00
1.300000000000000000e+02 1.702955842018127441e+00
1.400000000000000000e+02 1.410787224769592285e+00
1.500000000000000000e+02 1.525835037231445312e+00
1.600000000000000000e+02 1.381118059158325195e+00
1.700000000000000000e+02 1.539801478385925293e+00
1.800000000000000000e+02 1.394328474998474121e+00
1.900000000000000000e+02 1.518840670585632324e+00
2.000000000000000000e+02 1.326212286949157715e+00
2.100000000000000000e+02 1.349664926528930664e+00
2.200000000000000000e+02 1.417943954467773438e+00
2.300000000000000000e+02 1.278812766075134277e+00
2.400000000000000000e+02 1.176260590553283691e+00
2.500000000000000000e+02 1.607398509979248047e+00
2.600000000000000000e+02 9.667529463768005371e-01
2.610000000000000000e+02 1.481367468833923340e+00
2.700000000000000000e+02 1.516147613525390625e+00
2.800000000000000000e+02 1.708103775978088379e+00
2.900000000000000000e+02 1.696925640106201172e+00
3.000000000000000000e+02 1.376178026199340820e+00
3.100000000000000000e+02 1.405507206916809082e+00
3.200000000000000000e+02 1.072287082672119141e+00
3.300000000000000000e+02 1.365593671798706055e+00
3.400000000000000000e+02 1.350688815116882324e+00
3.500000000000000000e+02 1.554834008216857910e+00
3.600000000000000000e+02 1.383981466293334961e+00
3.700000000000000000e+02 1.568081617355346680e+00
3.800000000000000000e+02 1.422823548316955566e+00
3.900000000000000000e+02 1.358299493789672852e+00
4.000000000000000000e+02 1.528893470764160156e+00
4.100000000000000000e+02 1.489152312278747559e+00
4.200000000000000000e+02 1.468352556228637695e+00
4.300000000000000000e+02 1.552547574043273926e+00
4.400000000000000000e+02 1.285293221473693848e+00
4.500000000000000000e+02 1.177681446075439453e+00
4.600000000000000000e+02 1.658461570739746094e+00
4.700000000000000000e+02 1.656122207641601562e+00
4.800000000000000000e+02 1.382727742195129395e+00
4.900000000000000000e+02 1.500195026397705078e+00
5.000000000000000000e+02 1.507399320602416992e+00
5.100000000000000000e+02 1.362592816352844238e+00
5.200000000000000000e+02 1.273054122924804688e+00
5.300000000000000000e+02 1.427395105361938477e+00
5.400000000000000000e+02 1.433541417121887207e+00
5.500000000000000000e+02 1.400969982147216797e+00
5.600000000000000000e+02 1.392268300056457520e+00
5.700000000000000000e+02 1.495879650115966797e+00
5.800000000000000000e+02 1.465844750404357910e+00
5.900000000000000000e+02 1.308713436126708984e+00
6.000000000000000000e+02 1.323930025100708008e+00
6.100000000000000000e+02 1.316740036010742188e+00
6.200000000000000000e+02 1.679428219795227051e+00
6.300000000000000000e+02 1.625324368476867676e+00
6.400000000000000000e+02 1.674732208251953125e+00
6.500000000000000000e+02 1.822350740432739258e+00
6.600000000000000000e+02 1.586670517921447754e+00
6.700000000000000000e+02 1.506741762161254883e+00
6.800000000000000000e+02 1.482279181480407715e+00
6.900000000000000000e+02 1.729667067527770996e+00
7.000000000000000000e+02 1.554948568344116211e+00
7.100000000000000000e+02 1.714618563652038574e+00
7.200000000000000000e+02 1.543918490409851074e+00
7.300000000000000000e+02 1.396449685096740723e+00
7.400000000000000000e+02 1.590155720710754395e+00
7.500000000000000000e+02 1.684372663497924805e+00
7.600000000000000000e+02 1.429451942443847656e+00
7.700000000000000000e+02 1.565786957740783691e+00
7.800000000000000000e+02 1.582144975662231445e+00
7.900000000000000000e+02 1.532487273216247559e+00
8.000000000000000000e+02 1.687461376190185547e+00
8.100000000000000000e+02 1.870631933212280273e+00
8.200000000000000000e+02 1.784335970878601074e+00
8.300000000000000000e+02 1.586984753608703613e+00
8.400000000000000000e+02 1.651328563690185547e+00
8.500000000000000000e+02 1.737717390060424805e+00
8.600000000000000000e+02 1.405662655830383301e+00
8.700000000000000000e+02 1.613473773002624512e+00
8.800000000000000000e+02 1.331882476806640625e+00
8.900000000000000000e+02 1.420853495597839355e+00
9.000000000000000000e+02 1.364860892295837402e+00
9.100000000000000000e+02 1.521695494651794434e+00
9.200000000000000000e+02 1.479423403739929199e+00
9.300000000000000000e+02 1.455732345581054688e+00
9.400000000000000000e+02 1.402710437774658203e+00
9.500000000000000000e+02 1.573101639747619629e+00
9.600000000000000000e+02 1.500596761703491211e+00
9.700000000000000000e+02 1.301979541778564453e+00
9.800000000000000000e+02 1.520468115806579590e+00
9.900000000000000000e+02 1.681832194328308105e+00
1.000000000000000000e+03 1.486120820045471191e+00
