2.540000000000000000e+02 7.000000000000000000e+00 0.000000000000000000e+00
2.519105240021417274e+02 7.517529080708311717e+00 1.506751436015643320e+00
2.498061830662533112e+02 8.032263524153828271e+00 3.030353670440159686e+00
2.476869284228275205e+02 8.544173717127744538e+00 4.570881832903425313e+00
2.455527113162648618e+02 9.053229918620672834e+00 6.128411163860965516e+00
2.434034830054611120e+02 9.559402259742503460e+00 7.703017014114052152e+00
2.412391947650811517e+02 1.006266074354049422e+01 9.294774843773272011e+00
2.390597700261538989e+02 1.056290310339661787e+01 1.090387474582023941e+01
2.368650124076835937e+02 1.105971477294310645e+01 1.253100170850546036e+01
2.346548383450333972e+02 1.155288585770794008e+01 1.417647128926357247e+01
2.324288941427182351e+02 1.204174863986384736e+01 1.584134512155724828e+01
2.301863095113290285e+02 1.252552422094701079e+01 1.752731955653361950e+01
2.279253918196616269e+02 1.300231268951706909e+01 1.923779798872607216e+01
2.256452730333414820e+02 1.347117497149901588e+01 2.097449745884484429e+01
2.233458871476616707e+02 1.393201081250360218e+01 2.273758054563015207e+01
2.210270841055587709e+02 1.438401741019170643e+01 2.452798952025700174e+01
2.186887478043285853e+02 1.482405441112119604e+01 2.634891343055091184e+01
2.163307664833693593e+02 1.524957105395337997e+01 2.820286170391254998e+01
2.139531088395452514e+02 1.566012194897803944e+01 3.009028649389860988e+01
2.115557667871810281e+02 1.605554663276648597e+01 3.201135359405723335e+01
2.091387334404202534e+02 1.643568337402164303e+01 3.396622885158419791e+01
2.067020172865338168e+02 1.680033995743139741e+01 3.595509141550377308e+01
2.042461699995882896e+02 1.714817767014667282e+01 3.797865305409782621e+01
2.017715890825198528e+02 1.747822691358678782e+01 4.003743423122605805e+01
1.992783974158009244e+02 1.779011753508971339e+01 4.213166796614714116e+01
1.967666806541595008e+02 1.808356543926654325e+01 4.426154391759000362e+01
1.942364872265789586e+02 1.835837258800147964e+01 4.642720838375390713e+01
1.916878141690579866e+02 1.861442994245268423e+01 4.862877550800475035e+01
1.891206519483598356e+02 1.885159697072766605e+01 5.086639523453892053e+01
1.865352732122549071e+02 1.906952620467763282e+01 5.314013234598510138e+01
1.839319753684309262e+02 1.926786352508707978e+01 5.545003353218366726e+01
1.813110381251166245e+02 1.944627232876541001e+01 5.779614669841063090e+01
1.786727234910812001e+02 1.960443352854696641e+01 6.017852096537765760e+01
1.760169405843998334e+02 1.974227001470267595e+01 6.259731815207089767e+01
1.733468320693299347e+02 1.985799481672276201e+01 6.505121674470871085e+01
1.706671673013112525e+02 1.994873852962087923e+01 6.753835119762491956e+01
1.679787170385169190e+02 2.001389841015557280e+01 7.005855344876142965e+01
1.652817260553409540e+02 2.005331690381085608e+01 7.261174229296192095e+01
1.625764118696229446e+02 2.006685110332551147e+01 7.519784876236300875e+01
1.598645772641852716e+02 2.005369523061935411e+01 7.781590712054041603e+01
1.571778427093711343e+02 2.000182491817403729e+01 8.044693275033016278e+01
1.545656904390482964e+02 1.989581809519268418e+01 8.305762013656973863e+01
1.520370243345093684e+02 1.973350455887019095e+01 8.564136776589617739e+01
1.495907926605003126e+02 1.951617715515903839e+01 8.819796625419917291e+01
1.472259453558461928e+02 1.924514093734927300e+01 9.072719132283584997e+01
1.449427971104801713e+02 1.892413698137332290e+01 9.322498012052641059e+01
1.427421311764103962e+02 1.855792010463658315e+01 9.568576861856109872e+01
1.406228896195221978e+02 1.814939029234184531e+01 9.810772687444448081e+01
1.385835056018514706e+02 1.770005846692090401e+01 1.004909281587927694e+02
1.366246177022126744e+02 1.721182297745570366e+01 1.028322450713868648e+02
1.347473790668961158e+02 1.668834832165646986e+01 1.051270995806832786e+02
1.329468795433076878e+02 1.613627249422485477e+01 1.073746826172180704e+02
1.312150241416326537e+02 1.556463636329067590e+01 1.095712866386342057e+02
1.295310827783063132e+02 1.499723381263473598e+01 1.117036248988217011e+02
1.278921844096040417e+02 1.443609197306825997e+01 1.137716336339012884e+02
1.262947922696511824e+02 1.388256352600432741e+01 1.157818520206644877e+02
1.247336926998779916e+02 1.333904394088179224e+01 1.177443258555926775e+02
1.232074533765009647e+02 1.280573666990366455e+01 1.196614369847386854e+02
1.217153219959977122e+02 1.228243079054216480e+01 1.215341722296030014e+02
1.202565267758575800e+02 1.176864498029019934e+01 1.233633236944825740e+02
1.188303319334786892e+02 1.126403458909564392e+01 1.251497414985926611e+02
1.174360370119259187e+02 1.076840955898975949e+01 1.268943497159278166e+02
1.160729557630477160e+02 1.028157949852913333e+01 1.285980501930752098e+02
1.147398536491061662e+02 9.803189419651399561e+00 1.302624549463088783e+02
1.134352495350121472e+02 9.332809762778300211e+00 1.318894949446349187e+02
1.121584322678815937e+02 8.870241055124417073e+00 1.334801029580496277e+02
1.109088672753613878e+02 8.415336402318727593e+00 1.350349826829880158e+02
1.096859943012924816e+02 7.967940957026246274e+00 1.365548708809562868e+02
1.084892694960528985e+02 7.527904519421634966e+00 1.380404828320585011e+02
1.073208974579455770e+02 7.095344055986972265e+00 1.394894073564491919e+02
1.061911929698953259e+02 6.671141698757229399e+00 1.408900316885766983e+02
1.051017241530460637e+02 6.255312847819770816e+00 1.422407103769019159e+02
1.040506133123208770e+02 5.847424349551696210e+00 1.435437366333839293e+02
1.030356722890548582e+02 5.446896302435762394e+00 1.448017699550293571e+02
1.020556338182270792e+02 5.053458254213232692e+00 1.460163793442066549e+02
1.011096288958110989e+02 4.666935486466790906e+00 1.471886309858400637e+02
1.001959931696268171e+02 4.287029974617583505e+00 1.483206457225456631e+02
9.931219153836552493e+01 3.913309531106093253e+00 1.494157021392838942e+02
9.845677747029306204e+01 3.545511075263227507e+00 1.504756434564153835e+02
9.762906710602543114e+01 3.183491407692566444e+00 1.515013065930662606e+02
9.682822262018800075e+01 2.827087083875948537e+00 1.524937320977731474e+02
9.605372115265659261e+01 2.476195577935990766e+00 1.534535754244728025e+02
9.530484617088926313e+01 2.130625405114321413e+00 1.543817810754775337e+02
9.457666401096879838e+01 1.789272505439878369e+00 1.552844568199292041e+02
9.386491284452119999e+01 1.451203326216233380e+00 1.561668774424068431e+02
9.316676031337014763e+01 1.115815872901589678e+00 1.570325623309058756e+02
9.248080352953707006e+01 7.828397091087816451e-01 1.578832754768376105e+02
9.180674452234299565e+01 4.522394675812105302e-01 1.587194042528198565e+02
9.114438302811414871e+01 1.239717929873302982e-01 1.595411876343374331e+02
9.049358350345447377e+01 -2.019864905671514832e-01 1.603487915546269562e+02
8.985411001940229880e+01 -5.256765413480298799e-01 1.611425062256329568e+02
8.922512082760053431e+01 -8.472480341180531616e-01 1.619233718124377219e+02
8.860597883439021416e+01 -1.166814109986038961e+00 1.626921752761037965e+02
8.799636382919405264e+01 -1.484429111621256014e+00 1.634493119514047805e+02
8.739582448204751586e+01 -1.800097158177559775e+00 1.641953570669101055e+02
8.680298425945417762e+01 -2.113801750927330136e+00 1.649320743803681353e+02
8.621691199665575311e+01 -2.425692297670430708e+00 1.656606106323519327e+02
8.563730702799625760e+01 -2.735859559055977996e+00 1.663813237757194088e+02
8.506413958598093927e+01 -3.044309069423361436e+00 1.670942502138161672e+02
8.449734656640036690e+01 -3.351055971019811786e+00 1.677994661755615482e+02
8.393686026785705678e+01 -3.656115968526138182e+00 1.684970545206846282e+02
8.338255213143489186e+01 -3.959517180507083900e+00 1.691871782689868837e+02
8.283429950788793406e+01 -4.261286496582014749e+00 1.698699927828633065e+02
8.229202496584879611e+01 -4.561441550390614275e+00 1.705455940256756548e+02
8.175570707991336405e+01 -4.859970542929206161e+00 1.712140127010432309e+02
8.122523817135544277e+01 -5.156949639363348048e+00 1.718753603427403220e+02
8.070039436705432934e+01 -5.452590261225020107e+00 1.725298496789824299e+02
8.018106673422087738e+01 -5.746973472392156168e+00 1.731775919814400879e+02
7.966724331251751323e+01 -6.040069419365846848e+00 1.738186133517887413e+02
7.915887681429607881e+01 -6.331888693297410775e+00 1.744529709293773578e+02
7.865592082828139553e+01 -6.622441354011884940e+00 1.750807209098278463e+02
7.815833077467651435e+01 -6.911735716235602567e+00 1.757019177552191991e+02
7.766606636554195120e+01 -7.199780736282199278e+00 1.763166102630715955e+02
7.717908855876704877e+01 -7.486585473170978666e+00 1.769248456106037395e+02
7.669734921678227124e+01 -7.772157243309646191e+00 1.775266830941963576e+02
7.622080046775134576e+01 -8.056503291860646954e+00 1.781221816935509992e+02
7.574939491792268598e+01 -8.339630830667907446e+00 1.787113997895763475e+02
7.528308565162927835e+01 -8.621547038256835549e+00 1.792943951643881633e+02
7.482182623128871057e+01 -8.902259059834330301e+00 1.798712250013095684e+02
7.436557069740320003e+01 -9.181774007288776573e+00 1.804419458848707620e+02
7.391427356855955111e+01 -9.460098959190041512e+00 1.810066138008091343e+02
7.346788984142912682e+01 -9.737240960789470989e+00 1.815652841360692662e+02
7.302637499076800509e+01 -1.001320702401990737e+01 1.821180116788029011e+02
7.258968496941675141e+01 -1.028800412749567528e+01 1.826648506183690301e+02
