2.540000000000000000e+02 7.000000000000000000e+00 0.000000000000000000e+00
2.529290725528101689e+02 7.475239843443617360e+00 5.869390183945151218e-01
2.518346943165117295e+02 7.952497798042845290e+00 1.195920908479677358e+00
2.507162615924867737e+02 8.431891466784774636e+00 1.827482372984853276e+00
2.495724288956319299e+02 8.913436240258077348e+00 2.483061770816608060e+00
2.484014531144358102e+02 9.397142387454936241e+00 3.164539486299459359e+00
2.472027237906033577e+02 9.883042267222581501e+00 3.872519875671720069e+00
2.459756608598121090e+02 1.037116968570895814e+01 4.607571440182580247e+00
2.447196722200504269e+02 1.086155913444943977e+01 5.370274498369935756e+00
2.434341534600935404e+02 1.135424580580287390e+01 6.161221452643699692e+00
2.421184444721766340e+02 1.184922240106586955e+01 6.981108722657062060e+00
2.407699179362523125e+02 1.234588767670356368e+01 7.833291227001318191e+00
2.393840144572492648e+02 1.284404121167280088e+01 8.722880945511132467e+00
2.379565782573479282e+02 1.334232212673374462e+01 9.656365290572155757e+00
2.364848023450210519e+02 1.384006738331768105e+01 1.063763556731666426e+01
2.349662755950114956e+02 1.433797856322331654e+01 1.166858242221683994e+01
2.333995526502004054e+02 1.483608736102423009e+01 1.275072326293176062e+01
2.317832183866796072e+02 1.533437762669327320e+01 1.388559045526392843e+01
2.301158167240490684e+02 1.583283271548110882e+01 1.507476075145317829e+01
2.283958477962902975e+02 1.633143545366216998e+01 1.631985835633787474e+01
2.266217678225179952e+02 1.683016813696975689e+01 1.762255506743304423e+01
2.247919883706901203e+02 1.732901252168089101e+01 1.898457107290874646e+01
2.229048742948921245e+02 1.782794979964128146e+01 2.040767718713166445e+01
2.209587740962998907e+02 1.832697547507225622e+01 2.189365173111423246e+01
2.189536586414891985e+02 1.882666089035476631e+01 2.344199258307639511e+01
2.168930213712901320e+02 1.932685646950374903e+01 2.504737498171985166e+01
2.147777216029064107e+02 1.982702234763334914e+01 2.670820567108336618e+01
2.126080121730152257e+02 2.032748514257142602e+01 2.842400184280950981e+01
2.103832253305386075e+02 2.082848682411436414e+01 3.019524794461630179e+01
2.081065292230282466e+02 2.132831137163261559e+01 3.202054543297006717e+01
2.057825557358808624e+02 2.182474074481060811e+01 3.389754223619817708e+01
2.034105059096432626e+02 2.231767580362134851e+01 3.582715713985241734e+01
2.009895888165757469e+02 2.280700699941442977e+01 3.781031184151527924e+01
1.985189921528472325e+02 2.329262697210786115e+01 3.984794746763316908e+01
1.959978904850182175e+02 2.377442642969457509e+01 4.194102056854252680e+01
1.934254447804978838e+02 2.425229407734972753e+01 4.409050367200510578e+01
1.908008024075444382e+02 2.472611661743070854e+01 4.629738528320812208e+01
1.881230971352649135e+02 2.519577874947713170e+01 4.856266988476419755e+01
1.853914491336152821e+02 2.566116317021084470e+01 5.088737793671136700e+01
1.826049649280847120e+02 2.612215056664644308e+01 5.327254592998514937e+01
1.797627367881743226e+02 2.657861952341826495e+01 5.571922710770544995e+01
1.768635738422149757e+02 2.703055785514996501e+01 5.822865147092072391e+01
1.739162829361249294e+02 2.747377459817537115e+01 6.079613991489186020e+01
1.709339006392529257e+02 2.789820316768691200e+01 6.341862960750881228e+01
1.679520293566116322e+02 2.828129223510554624e+01 6.608274543632292364e+01
1.649945247210098103e+02 2.861268705616104668e+01 6.877468806261289558e+01
1.620692253318808298e+02 2.888070407683062513e+01 7.149845300715148255e+01
1.591894154836627138e+02 2.906156844248781823e+01 7.426481197174292959e+01
1.563595464207246266e+02 2.915033204500494435e+01 7.707433362182077019e+01
1.535895404743865811e+02 2.914229996577925874e+01 7.992171670739482181e+01
1.509401434716027666e+02 2.900390940995421118e+01 8.277958052105624631e+01
1.484312166624820861e+02 2.872966589323062792e+01 8.563340378926181984e+01
1.460441123737836051e+02 2.835562789450419174e+01 8.846536836313173069e+01
1.437849148720024459e+02 2.788743463710076753e+01 9.126356785790076742e+01
1.416622261493336623e+02 2.733200587738350862e+01 9.401212489322666954e+01
1.396728872482053703e+02 2.669467470646677398e+01 9.670879255568662813e+01
1.378134421229762552e+02 2.597919997730075181e+01 9.935324101586543577e+01
1.360575339533720864e+02 2.521963723760365994e+01 1.019357855052479778e+02
1.343506584923395337e+02 2.447582631988165502e+01 1.044492766603088540e+02
1.326899655068038157e+02 2.375037624798509128e+01 1.068945877574074643e+02
1.310743889023358975e+02 2.304286765256648195e+01 1.092732954083279537e+02
1.295028333890004433e+02 2.235286829649175644e+01 1.115870185623600577e+02
1.279741744813553481e+02 2.167993307484024257e+01 1.138374185062989312e+02
1.264872584984522774e+02 2.102360401490466302e+01 1.160261988644453055e+02
1.250409298523219945e+02 2.038342167161322749e+01 1.181550656433785633e+02
1.236341936173239020e+02 1.975895415325242865e+01 1.202254656350818749e+02
1.222700608408711958e+02 1.915114650532879992e+01 1.222328007201587781e+02
1.209533295606429135e+02 1.856216345327819184e+01 1.241701434111499225e+02
1.196829178129359690e+02 1.799166341562609617e+01 1.260391447454512956e+02
1.184577531192384043e+02 1.743927424955042227e+01 1.278414209377008177e+02
1.172780304830480418e+02 1.690526500868665138e+01 1.295768002441874955e+02
1.161424513762142396e+02 1.638914745228380099e+01 1.312472166965121687e+02
1.150495339361765161e+02 1.589033528011091612e+01 1.328548597223636989e+02
1.139977511763221258e+02 1.540821394916078191e+01 1.344019791192145590e+02
1.129855377521983968e+02 1.494214596986408417e+01 1.358908766456405317e+02
1.120114786950428538e+02 1.449155186381948468e+01 1.373236309820102861e+02
1.110736931723482854e+02 1.405573036500845774e+01 1.387028886926520386e+02
1.101829233793967830e+02 1.363809326473787564e+01 1.400191559142491542e+02
1.093455305687210029e+02 1.324048530846381411e+01 1.412675164385844937e+02
1.085541918712952594e+02 1.286003245288764951e+01 1.424570678053983386e+02
1.078022654663709403e+02 1.249429974345912342e+01 1.435962380138088008e+02
1.070864206498869606e+02 1.214224115260116577e+01 1.446892746085868282e+02
1.064042881762217405e+02 1.180370843486565668e+01 1.457392034550354651e+02
1.057544093389607838e+02 1.147814825711259878e+01 1.467478909547461399e+02
1.051354197827208878e+02 1.116501259718653216e+01 1.477170829143994411e+02
1.045460147251668985e+02 1.086377603647140866e+01 1.486484489137650655e+02
1.039849408553140506e+02 1.057393413440058083e+01 1.495435927713830040e+02
1.034508695526454574e+02 1.029496265815588352e+01 1.504042171060015107e+02
1.029390800301950151e+02 1.002516609792234625e+01 1.512364531787652595e+02
1.024447890298054489e+02 9.762798370263720216e+00 1.520465737877559320e+02
1.019675017244111075e+02 9.507632774811998644e+00 1.528352651960287858e+02
1.015066847539093686e+02 9.259444543677203043e+00 1.536032021072351768e+02
1.010614968314723967e+02 9.017773368651440080e+00 1.543514588584683054e+02
1.006309575841456905e+02 8.782049041433616310e+00 1.550812909375507047e+02
1.002146198255931751e+02 8.552076836971519214e+00 1.557932636163166080e+02
9.981206566841140670e+01 8.327679563039179556e+00 1.564879045870219443e+02
9.942290215923350161e+01 8.108694441641913997e+00 1.571657096172028218e+02
9.904676127872923530e+01 7.894973109016302004e+00 1.578271425496758980e+02
9.868329234835840680e+01 7.686376402651744932e+00 1.584726451204437296e+02
9.833214088643376272e+01 7.482759388758653429e+00 1.591026643470089255e+02
9.799296642877573049e+01 7.283983810353965360e+00 1.597176294602454902e+02
9.766543763695408131e+01 7.089915221389929023e+00 1.603179581740129720e+02
9.734923188249997850e+01 6.900422709974680657e+00 1.609040572217976717e+02
9.704403524690592064e+01 6.715378898372244443e+00 1.614763223567126715e+02
9.674954252162586954e+01 6.534659943002528948e+00 1.620351383514976931e+02
9.646545733535415934e+01 6.358145586086056511e+00 1.625808788380619490e+02
9.619120281557840713e+01 6.185598729397273843e+00 1.631142738589578300e+02
9.592434691672276870e+01 6.016009572190840871e+00 1.636384091686472573e+02
9.566408660102213446e+01 5.849045531472591541e+00 1.641542999568438574e+02
9.541010720392766586e+01 5.684577271669189358e+00 1.646623418709109785e+02
9.516217459046897886e+01 5.522509021031540399e+00 1.651628292774017552e+02
9.492013515525422918e+01 5.362778571634786218e+00 1.656559552620591091e+02
9.468391582246999860e+01 5.205357279378300284e+00 1.661418116298158907e+02
9.445347136927269105e+01 5.050228096829732394e+00 1.666204551568465888e+02
9.422866898574440597e+01 4.897337416091200879e+00 1.670920527808103202e+02
9.400940480530276488e+01 4.746643659812677996e+00 1.675567350387631222e+02
9.379557816629795752e+01 4.598106556676659018e+00 1.680146284386731566e+02
9.358709019622556013e+01 4.451686551105868972e+00 1.684658572400748255e+02
9.338384381172640758e+01 4.307344803263258193e+00 1.689105434540688293e+02
9.318574371373827603e+01 4.165043183149297334e+00 1.693488068470080918e+02
9.299269633833114312e+01 4.024744211206444433e+00 1.697807649781548207e+02
9.280461007936777662e+01 3.886411384047902651e+00 1.702065330635700491e+02
9.262139479143226595e+01 3.750008640734852960e+00 1.706262243975411934e+02
9.244298025589947088e+01 3.615522434633999804e+00 1.710399360831154638e+02
