2.540000000000000000e+02 7.000000000000000000e+00 0.000000000000000000e+00
2.527072633203869430e+02 7.508874228043451282e+00 7.516164671473877235e-01
2.513838048413203410e+02 8.020103602814458554e+00 1.532165219352348950e+00
2.500289834643460836e+02 8.533723766143623379e+00 2.342266535066849897e+00
2.486421446874257981e+02 9.049771085241028246e+00 3.182553685240467889e+00
2.472226204666557408e+02 9.568282660165561282e+00 4.053673067379062189e+00
2.457695894562974388e+02 1.008917358081252402e+01 4.956564791766306932e+00
2.442785805719590826e+02 1.061166943036413457e+01 5.896787468705941393e+00
2.427423835077028116e+02 1.113418565772916224e+01 6.884308733171206285e+00
2.411572747582898160e+02 1.165702530972590978e+01 7.923006123015419178e+00
2.395213402766885622e+02 1.218013704156854438e+01 9.014994214103062120e+00
2.378330692357262137e+02 1.270344862392105689e+01 1.016195179154451012e+01
2.360909165946635824e+02 1.322694046285920599e+01 1.136553609395474140e+01
2.342932929408991072e+02 1.375059288752906816e+01 1.262745143190944574e+01
2.324385614525814674e+02 1.427438560586149841e+01 1.394945299972420827e+01
2.305250364465532300e+02 1.479829768549849156e+01 1.533334843399247660e+01
2.285511064704750481e+02 1.532235926370429269e+01 1.678081877413628575e+01
2.265183020955279858e+02 1.584738046275830214e+01 1.828901145688498175e+01
2.244304235132584893e+02 1.637281557010466315e+01 1.985200849819619506e+01
2.222870115497462677e+02 1.689849681745775811e+01 2.146999561512773269e+01
2.200882602174502551e+02 1.742475559123473516e+01 2.314254631201188772e+01
2.178337402079836806e+02 1.795177366948527009e+01 2.486995977523854862e+01
2.155222682491564115e+02 1.847951037097328708e+01 2.665345961419294341e+01
2.131588094111954206e+02 1.900560637469282455e+01 2.849061105245434078e+01
2.107462853759656696e+02 1.952853120657828612e+01 3.038013356886275673e+01
2.082840692835116840e+02 2.004811651347162993e+01 3.232283358679454466e+01
2.057713514079118795e+02 2.056425747301624796e+01 3.431963220904582812e+01
2.032073090183914132e+02 2.107684734865614118e+01 3.637146558194732648e+01
2.005911075321784836e+02 2.158577766784161511e+01 3.847928355258817845e+01
1.979218997540965574e+02 2.209093810651852152e+01 4.064405055231563324e+01
1.951988248872064275e+02 2.259221633894672365e+01 4.286674674612724800e+01
1.924210085328063826e+02 2.308949803770002163e+01 4.514836803267085941e+01
1.895875626904320654e+02 2.358266687366620573e+01 4.748992604424465469e+01
1.866975857578564444e+02 2.407160451604701379e+01 4.989244814679712903e+01
1.837501625274819901e+02 2.455619063180425599e+01 5.235697744412549781e+01
1.807443638127183192e+02 2.503630282855982259e+01 5.488457321235109276e+01
1.776792032128563790e+02 2.551183418351045873e+01 5.747633607995061311e+01
1.745612223902570577e+02 2.597956879378928718e+01 6.012904156651748622e+01
1.714071641173637488e+02 2.642772395770394667e+01 6.283801585124849964e+01
1.682585086811257042e+02 2.683100411347963643e+01 6.558760513775580137e+01
1.651392462354319548e+02 2.717770695238741752e+01 6.836579750785949727e+01
1.620627084336842643e+02 2.744715125034095848e+01 7.118057377378973172e+01
1.590389669008454518e+02 2.762117336338035045e+01 7.404055816879588292e+01
1.560697901282630085e+02 2.769900683063125513e+01 7.694480051367344231e+01
1.531614223118503162e+02 2.767826830591269527e+01 7.988950932812413441e+01
1.503649321567943389e+02 2.753088903202336013e+01 8.285264805635391383e+01
1.477082872635723163e+02 2.726403132457674516e+01 8.579908094770046034e+01
1.451805797164401781e+02 2.689768885543608334e+01 8.871917659193313455e+01
1.427830733518412387e+02 2.644192343483506136e+01 9.160125545997996710e+01
1.405309968305785731e+02 2.589688905984887413e+01 9.442998220791834285e+01
1.384231318965843798e+02 2.526442788502822623e+01 9.720470453993650040e+01
1.364547838378912274e+02 2.455359501396308275e+01 9.992080185717568952e+01
1.346137335526441632e+02 2.378285970954780737e+01 1.025715340311107724e+02
1.328439158862844351e+02 2.301030126520183572e+01 1.051526857981627643e+02
1.311260224701253776e+02 2.225519161022587511e+01 1.076623477959773965e+02
1.294566899774403055e+02 2.151934274576202810e+01 1.101013012366399693e+02
1.278342967934509460e+02 2.080256325810811191e+01 1.124713180990635379e+02
1.262576881173486214e+02 2.010416948761388412e+01 1.147743774339737399e+02
1.247255803803583234e+02 1.942368796373538231e+01 1.170123037623448425e+02
1.232367846128405802e+02 1.876063696929094959e+01 1.191868354760703994e+02
1.217898181060154172e+02 1.811445797537446012e+01 1.213001649301437368e+02
1.203869975592004096e+02 1.748581480540986988e+01 1.233487454160576533e+02
1.190340647387189676e+02 1.687717271827396104e+01 1.253242625332606650e+02
1.177302689216772507e+02 1.628837792954583108e+01 1.272279011745223585e+02
1.164738450444065023e+02 1.571871529761078179e+01 1.290622420286741772e+02
1.152645464345191613e+02 1.516824361118508158e+01 1.308277378645313433e+02
1.141018347276635154e+02 1.463687230468968004e+01 1.325252498436973667e+02
1.129841185734506723e+02 1.412396658172331243e+01 1.341571104511515671e+02
1.119097717137350685e+02 1.362886760861990965e+01 1.357256974689631761e+02
1.108771311729462496e+02 1.315089236304520348e+01 1.372334369598160322e+02
1.098843996874791173e+02 1.268933648628315680e+01 1.386829705197381770e+02
1.089298915176501623e+02 1.224354216485417446e+01 1.400767774753175274e+02
1.080113295604830483e+02 1.181255751613750427e+01 1.414182167995904535e+02
1.071383221093082767e+02 1.139955620248401402e+01 1.426986357383352981e+02
1.063150176709418417e+02 1.100576167980376674e+01 1.439156365283551509e+02
1.055332051871050680e+02 1.062887371013273352e+01 1.450795714960393070e+02
1.047882624099620728e+02 1.026728055425366470e+01 1.461963335636739032e+02
1.040785830340034863e+02 9.920316028102597272e+00 1.472679792384351458e+02
1.034026374870925338e+02 9.587345240700685167e+00 1.482964669034340091e+02
1.027589664703191659e+02 9.267762225937881126e+00 1.492836650213180860e+02
1.021461735177160364e+02 8.960987108698537540e+00 1.502313616046112372e+02
1.015629437016596057e+02 8.666472858771767207e+00 1.511412404982887949e+02
1.010064589850532997e+02 8.383135752330730384e+00 1.520169337919768964e+02
1.004700996390882750e+02 8.108498700007306326e+00 1.528669829186717664e+02
9.995193598620846842e+01 7.841776354025837392e+00 1.536939058947254182e+02
9.945138262591713385e+01 7.582711789586920048e+00 1.544984511326294694e+02
9.896746681996717143e+01 7.330737952742263808e+00 1.552819189881832074e+02
9.849935891733031212e+01 7.085382188999878927e+00 1.560454212033808403e+02
9.804652141205077953e+01 6.846387187913081540e+00 1.567896594038496403e+02
9.760847031315444156e+01 6.613532540123811643e+00 1.575152578124066167e+02
9.718477514464889566e+01 6.386634737362642866e+00 1.582227632490588292e+02
9.677505505645780204e+01 6.165544212034712146e+00 1.589126509430141994e+02
9.637891776160063273e+01 5.950098701263107692e+00 1.595854158884846186e+02
9.599597399935228736e+01 5.740134221050929852e+00 1.602415512488849743e+02
9.562585017364918372e+01 5.535495064729241577e+00 1.608815292182514440e+02
9.526817104941459036e+01 5.336024736535325275e+00 1.615058242010213689e+02
9.492099677960895576e+01 5.140900731072899355e+00 1.621169063492592386e+02
9.458262098055169531e+01 4.949399307403720805e+00 1.627169488218503943e+02
9.425260258518700596e+01 4.761334941170093593e+00 1.633065113095502738e+02
9.393085195551319089e+01 4.576671746355181369e+00 1.638857066781014851e+02
9.361708529676690205e+01 4.395290520403408507e+00 1.644548908942587957e+02
9.331058544934509769e+01 4.216885962025373580e+00 1.650149621956963699e+02
9.301100178092119108e+01 4.041309905167553396e+00 1.655663603223344751e+02
9.271824473430896774e+01 3.868526147294879092e+00 1.661091985574177272e+02
9.243217507255802445e+01 3.698477153638860315e+00 1.666436522921518133e+02
9.215266892669312426e+01 3.531111934896153493e+00 1.671698776738922447e+02
9.187960471731734913e+01 3.366380444199691180e+00 1.676880279639103151e+02
9.161286314045510437e+01 3.204233571291799088e+00 1.681982535552377840e+02
9.135232712294011037e+01 3.044623124160525052e+00 1.687007020289021284e+02
9.109788173866606087e+01 2.887501794566950775e+00 1.691955182594952021e+02
9.084941419820950159e+01 2.732823153773610514e+00 1.696828444282537873e+02
9.060681382677890383e+01 2.580541643468185153e+00 1.701628200508557995e+02
9.036997199718516072e+01 2.430612548172402576e+00 1.706355820619127712e+02
9.013877714439810518e+01 2.282985555761539054e+00 1.711012685602684087e+02
8.991320660761280692e+01 2.137716670949116882e+00 1.715599468674768104e+02
8.969323592656692767e+01 1.994878881771452228e+00 1.720116942646088773e+02
8.947851046849443435e+01 1.854330258792055819e+00 1.724569282490220417e+02
8.926880323788336113e+01 1.715984505011635575e+00 1.728959219554482445e+02
8.906402379167107597e+01 1.579801555555704118e+00 1.733287889156640631e+02
8.886402687328575212e+01 1.445724822430801915e+00 1.737557080198373853e+02
8.866851766159820158e+01 1.313652568784136498e+00 1.741770365371996547e+02
8.847736477746809669e+01 1.183533585051575798e+00 1.745929363101091383e+02
8.829046344147634784e+01 1.055325013499023523e+00 1.750035373177942972e+02
8.810772070234148146e+01 9.289878206343544775e-01 1.754089553222638358e+02
