2.540000000000000000e+02 7.000000000000000000e+00 0.000000000000000000e+00
2.527997085825680870e+02 7.474070109177337606e+00 6.552692860396523988e-01
2.515714324974985630e+02 7.949826766152527924e+00 1.336061219562312941e+00
2.503145880842114082e+02 8.427289379021074112e+00 2.042928058513523659e+00
2.490286052750411159e+02 8.906478641283404940e+00 2.776405888922645726e+00
2.477129025782929261e+02 9.387415640450212706e+00 3.537041564288669004e+00
2.463668870054156912e+02 9.870121860544111669e+00 4.325392774232756032e+00
2.449899539273226878e+02 1.035461918703475348e+01 5.142028179946897204e+00
2.435815860762265856e+02 1.084090081660700911e+01 5.987447998656069359e+00
2.421392383611025991e+02 1.132804116296516383e+01 6.865253194830319039e+00
2.406555967657425015e+02 1.181450596009562126e+01 7.784855166136583904e+00
2.391271607122108094e+02 1.229971822840016671e+01 8.750584839334997866e+00
2.375512635051127859e+02 1.278443287004837714e+01 9.764414000007272776e+00
2.359260997155552673e+02 1.326884100382973131e+01 1.082798568764745895e+01
2.342503350078069673e+02 1.375256638359504358e+01 1.194304026352467041e+01
2.325225202296127804e+02 1.423552903661950175e+01 1.311112360798051313e+01
2.307411847076369042e+02 1.471768255591999797e+01 1.433376636963404493e+01
2.289048165454502168e+02 1.519897919754383331e+01 1.561254214874863777e+01
2.270123027130599098e+02 1.567929125257231959e+01 1.694848744849331368e+01
2.250657834690591130e+02 1.615755445622739828e+01 1.833839465032185956e+01
2.230677243157159921e+02 1.663447935427370084e+01 1.977853392523697096e+01
2.210186645465737172e+02 1.711070898432524245e+01 2.126775622487043549e+01
2.189181626473006474e+02 1.758636914600478107e+01 2.280639724165964211e+01
2.167664514425945299e+02 1.806175786201635347e+01 2.439402336828830897e+01
2.145629344552989721e+02 1.853696872557400965e+01 2.603114106362372127e+01
2.123089424907448404e+02 1.901103056410566694e+01 2.771749600403182967e+01
2.100098723126517655e+02 1.948161347053074977e+01 2.945040391171418293e+01
2.076664132734669295e+02 1.994812108633055914e+01 3.122983642442484609e+01
2.052776315189710203e+02 2.041054595210553302e+01 3.305669067220733837e+01
2.028428966123146893e+02 2.086876326802212844e+01 3.493169842911169098e+01
2.003615260847990669e+02 2.132266223478440637e+01 3.685562627619113130e+01
1.978328287800099190e+02 2.177213044789347762e+01 3.882925076038836210e+01
1.952561041841076417e+02 2.221705376791129893e+01 4.085335916916156407e+01
1.926306416887977662e+02 2.265731617781612783e+01 4.292875038283623468e+01
1.899557205913307882e+02 2.309279978300252978e+01 4.505623487460515975e+01
1.872306100945023104e+02 2.352338481128139946e+01 4.723663471052847740e+01
1.844545693066529566e+02 2.394894961287992530e+01 4.947078354953359280e+01
1.816268472416684574e+02 2.436937066044161071e+01 5.175952664341527054e+01
1.787466827770818441e+02 2.478452254079617845e+01 5.410372088541691937e+01
1.758138109902674842e+02 2.519407523700632368e+01 5.650395742417980927e+01
1.728381360783926652e+02 2.559366124414671972e+01 5.895522197579897039e+01
1.698307691531167052e+02 2.597484451705564013e+01 6.145536567814269802e+01
1.668332283127925280e+02 2.631322437320704211e+01 6.398934678392299702e+01
1.638645936058098869e+02 2.660066404135019980e+01 6.654715259234153280e+01
1.609308032008367206e+02 2.682991205919456235e+01 6.913050876733326788e+01
1.580461306593346080e+02 2.697714558916978334e+01 7.174993679085027054e+01
1.552159493954515312e+02 2.703375511202706605e+01 7.440905333126151788e+01
1.524454614381056388e+02 2.699790399974076038e+01 7.710476237526529530e+01
1.497463404424365763e+02 2.686434718236974106e+01 7.983126896023760821e+01
1.471823693466625969e+02 2.660038110311965909e+01 8.256107114802559011e+01
1.447493699277452208e+02 2.623195105137439143e+01 8.527197806773783384e+01
1.424398273325673756e+02 2.577214005591469714e+01 8.795793157262455964e+01
1.402537546327483540e+02 2.522964426072819322e+01 9.061006513547508234e+01
1.382055473294584829e+02 2.460660347172074935e+01 9.321251212933657371e+01
1.362936553679386122e+02 2.390561880430821873e+01 9.576413630859583748e+01
1.345088320782786298e+02 2.313767225193111798e+01 9.826264942894874821e+01
1.327927302868262132e+02 2.236748439561805313e+01 1.006978230295787853e+02
1.311300330603278610e+02 2.161210469915037891e+01 1.030665282928216584e+02
1.295163085730501393e+02 2.087517829873590358e+01 1.053680540364618139e+02
1.279488635242075532e+02 2.015773509169124367e+01 1.076034780203992796e+02
1.264264125453424299e+02 1.945921347862677209e+01 1.097746642763297871e+02
1.249477354155259121e+02 1.877903706683332530e+01 1.118834379331484570e+02
1.235115953383283340e+02 1.811670450924645337e+01 1.139315426735538637e+02
1.221167190962455606e+02 1.747163779206707446e+01 1.159207702432692457e+02
1.207665703289136161e+02 1.684510238344682875e+01 1.178460772881006875e+02
1.194652272244702260e+02 1.623884268982279266e+01 1.197016657887440374e+02
1.182118372750666282e+02 1.565269995558901250e+01 1.214888612096765712e+02
1.170047279798151578e+02 1.508597480777938316e+01 1.232100501980703484e+02
1.158423220508563531e+02 1.453801944577024763e+01 1.248674900110393793e+02
1.147243259469811107e+02 1.400882861259100132e+01 1.264616642627880907e+02
1.136503868852152124e+02 1.349837598889487467e+01 1.279931431492739620e+02
1.126185900930284305e+02 1.300591621949881471e+01 1.294646895203326551e+02
1.116270949236558891e+02 1.253067684592229547e+01 1.308789284379622302e+02
1.106743920790786717e+02 1.207201292462730358e+01 1.322380060481324335e+02
1.097588973252776015e+02 1.162924812180906464e+01 1.335441753996469174e+02
1.088780975746996234e+02 1.120130439568769987e+01 1.348010076818149230e+02
1.080305301428170281e+02 1.078754267354765162e+01 1.360106606591428147e+02
1.072220043270429812e+02 1.038987451047964150e+01 1.371682198577369718e+02
1.064542089046042150e+02 1.000851735759795424e+01 1.382741016674099797e+02
1.057232663711277070e+02 9.642541648859648262e+00 1.393333348108113228e+02
1.050268111378077265e+02 9.291454806721612059e+00 1.403488900738037159e+02
1.043633206585355424e+02 8.954628187115636351e+00 1.413226948924448720e+02
1.037313599374916038e+02 8.631440619315016605e+00 1.422565674517233560e+02
1.031295570489642301e+02 8.321298288728799619e+00 1.431522460208143741e+02
1.025566028043303248e+02 8.023634416939568581e+00 1.440113893269312655e+02
1.020106559259335910e+02 7.737683324250965278e+00 1.448363384267943275e+02
1.014855765387143549e+02 7.461001953971622136e+00 1.456349453488727477e+02
1.009783151751034893e+02 7.192357393032978941e+00 1.464110982816046942e+02
1.004882172645005056e+02 6.931460013993321567e+00 1.471656240990213860e+02
1.000146952808190974e+02 6.678026336237991245e+00 1.478992653176168517e+02
9.955676978491507612e+01 6.431470118160930838e+00 1.486132649101813854e+02
9.911373027139748615e+01 6.191397154972452910e+00 1.493085226568348673e+02
9.868502107332744799e+01 5.957523549535144625e+00 1.499857451263089274e+02
9.827017799976114532e+01 5.729628510215622583e+00 1.506455269974328814e+02
9.786882833574979657e+01 5.507554350884533712e+00 1.512883510591332481e+02
9.748065970856862350e+01 5.291180528715261566e+00 1.519146420440002032e+02
9.710530757953915781e+01 5.080344982758399297e+00 1.525248910994002074e+02
9.674240657063187143e+01 4.874889308312011060e+00 1.531195567382443983e+02
9.639160152137613125e+01 4.674659735693124318e+00 1.536990841339683129e+02
9.605254716515702285e+01 4.479506778838324266e+00 1.542639060586547259e+02
9.572493523947009919e+01 4.289297201006046834e+00 1.548144086657751188e+02
9.540841575354096449e+01 4.103879287247618635e+00 1.553510308390154080e+02
9.510095023310090312e+01 3.922355876094073324e+00 1.558763427884835551e+02
9.480129149683219225e+01 3.744178596378315849e+00 1.563919164706963159e+02
9.450915928218002193e+01 3.569225592394575930e+00 1.568981037069896445e+02
9.422438156269640785e+01 3.397422723975283443e+00 1.573951195358458790e+02
9.394638114405107387e+01 3.228515655651046146e+00 1.578836812031541115e+02
9.367477549147636751e+01 3.062336383674025164e+00 1.583642644420390582e+02
9.340942038074433640e+01 2.898822757405705275e+00 1.588370494421751289e+02
9.315018112334284694e+01 2.737916826488012489e+00 1.593022045426646400e+02
9.289693256647541375e+01 2.579564840843313167e+00 1.597598862320375872e+02
9.264955909306135595e+01 2.423717250674414903e+00 1.602102391482518158e+02
9.240795462173571195e+01 2.270328706464567414e+00 1.606533960786929072e+02
9.217204620554161920e+01 2.119357038800295800e+00 1.610894470157950309e+02
9.194166297112884934e+01 1.970739707202892932e+00 1.615186030290054191e+02
9.171647277088666783e+01 1.824403774659098199e+00 1.619412822389990936e+02
9.149620231851571361e+01 1.680289006161763243e+00 1.623578306382378003e+02
9.128064480248541201e+01 1.538348366502506837e+00 1.627685123432343630e+02
9.106966008260972956e+01 1.398547489879781169e+00 1.631735090593145401e+02
9.086316499696778237e+01 1.260851291017856868e+00 1.635729260559587885e+02
9.066108501578770529e+01 1.125222617705444961e+00 1.639668557994524178e+02
9.046334513519191489e+01 9.916261059813471501e-01 1.643553921031057712e+02
9.026987158405938771e+01 8.600269730985659056e-01 1.647386272384035806e+02
9.008059182402587339e+01 7.303910175243060188e-01 1.651166519350046542e+02
