2.540000000000000000e+02 7.000000000000000000e+00 0.000000000000000000e+00
2.527277878232400781e+02 7.511804574459608475e+00 7.515904596104753255e-01
2.514237771223051539e+02 8.026200393581353509e+00 1.532842817888673492e+00
2.500872879764123411e+02 8.543227943332272645e+00 2.344408664557180444e+00
2.487176259316454434e+02 9.062928551441412850e+00 3.186953544346438960e+00
2.473140818476903178e+02 9.585344396258410171e+00 4.061157104184289324e+00
2.458759367569002166e+02 1.011052328564306180e+01 4.967702991671587576e+00
2.444011667299475619e+02 1.063777841182961303e+01 5.909528482940101135e+00
2.428816720798759263e+02 1.116551811180210940e+01 6.897278019696188700e+00
2.413122589262595454e+02 1.169353234732087721e+01 7.936766679672285996e+00
2.396900648745053957e+02 1.222233456129176865e+01 9.030535067021778772e+00
2.380134581978161066e+02 1.275161190683753532e+01 1.018062570464853778e+01
2.362807971501898407e+02 1.328132263489997378e+01 1.138880346399270316e+01
2.344903930901991203e+02 1.381145023714226028e+01 1.265685559150846196e+01
2.326404533884107479e+02 1.434199178020307563e+01 1.398669286569302805e+01
2.307315117335957950e+02 1.487237599586549486e+01 1.537710902917211442e+01
2.287656842606187126e+02 1.540182871038762791e+01 1.682481884211598100e+01
2.267446918856666116e+02 1.593152188975810191e+01 1.832697841967233643e+01
2.246684175029887740e+02 1.646191702333619844e+01 1.988327091123704093e+01
2.225363915773434371e+02 1.699321396231329473e+01 2.149401592384357684e+01
2.203489696395821795e+02 1.752581735153277265e+01 2.315856383360830861e+01
2.181049917775400218e+02 1.805975818618280471e+01 2.487804513709028598e+01
2.158040828173706132e+02 1.859469996255402435e+01 2.665318741105311062e+01
2.134530303410762144e+02 1.912759748114702418e+01 2.848043002983948213e+01
2.110530412077555411e+02 1.965759176842882994e+01 3.035947419480602250e+01
2.086032254092965843e+02 2.018462152645586372e+01 3.229127159608393072e+01
2.061027731766326099e+02 2.070858833691902134e+01 3.427673301842089160e+01
2.035508634361729889e+02 2.122939221471437676e+01 3.631678216659759073e+01
2.009466622480866533e+02 2.174693138247678448e+01 3.841235745992316453e+01
1.982893224499942448e+02 2.226110221915314114e+01 4.056441244163698201e+01
1.955779836569682004e+02 2.277179926000236421e+01 4.277391577890875141e+01
1.928117722615325533e+02 2.327891519659543462e+01 4.504185126283842067e+01
1.899898014336631888e+02 2.378234087681535769e+01 4.736921780845623431e+01
1.871111710607272585e+02 2.428196529610015020e+01 4.975702952382766142e+01
1.841749671533974038e+02 2.477767551125229772e+01 5.220631639313570815e+01
1.811802616063633025e+02 2.526935660626261537e+01 5.471812455124649688e+01
1.781261657833251491e+02 2.575686895969846901e+01 5.729348585680142492e+01
1.750199189015730497e+02 2.623665382654436939e+01 5.992878764383373635e+01
1.718727262246393366e+02 2.670271966739609937e+01 6.261889943065548891e+01
1.687354064599741150e+02 2.712382586533619389e+01 6.534451830171646236e+01
1.656266274036428570e+02 2.748969936259664593e+01 6.809736275996809240e+01
1.625530691215652439e+02 2.779146816761731742e+01 7.087978780137675017e+01
1.595305937701490961e+02 2.800292184195218326e+01 7.370252063906279716e+01
1.565648905254812178e+02 2.811475328241606420e+01 7.656935113708659912e+01
1.536591372664344419e+02 2.812652535212503935e+01 7.947756398024280600e+01
1.508301749716826521e+02 2.802990514604593741e+01 8.241882622948124038e+01
1.481299907449311775e+02 2.781707006078874755e+01 8.534945829675538675e+01
1.455625007026125957e+02 2.749812532368656548e+01 8.825539623186975291e+01
1.431249656576085272e+02 2.708079195937767736e+01 9.113152426876965251e+01
1.408137961547618886e+02 2.657870753266092834e+01 9.396752443182124637e+01
1.386409208290922379e+02 2.598955232269756266e+01 9.675392130975713201e+01
1.366123064863406000e+02 2.531415906297402074e+01 9.948397512513609797e+01
1.347204992204347320e+02 2.456830317391444396e+01 1.021491562783518248e+02
1.329323352272739953e+02 2.378726623484273617e+01 1.047467398254810860e+02
1.312013333670535928e+02 2.301966741442041098e+01 1.072733047614130726e+02
1.295208523205773190e+02 2.227132945533755404e+01 1.097278926762980262e+02
1.278886408414126237e+02 2.154270716241529726e+01 1.121120288613571176e+02
1.263033481467439287e+02 2.083324708633469058e+01 1.144276891582865829e+02
1.247636593321387437e+02 2.014241333682720381e+01 1.166767932375455104e+02
1.232682962192257321e+02 1.946968499042598921e+01 1.188612071515440363e+02
1.218160164095000084e+02 1.881455570486849638e+01 1.209827447160363789e+02
1.204060016698423965e+02 1.817660213402159286e+01 1.230425508687681031e+02
1.190445728125463489e+02 1.755841909029123826e+01 1.250314080156904453e+02
1.177338166818686034e+02 1.696102916598655952e+01 1.269463645350682555e+02
1.164716776870717609e+02 1.638358439576891001e+01 1.287904158121519060e+02
1.152562138682297928e+02 1.582526784296328159e+01 1.305663829008232995e+02
1.140864573778764566e+02 1.528576620354512450e+01 1.322757235972893000e+02
1.129618301687910389e+02 1.476498312047760209e+01 1.339193586884521494e+02
1.118812410633658487e+02 1.426257553652688337e+01 1.354989373492559537e+02
1.108431515779056724e+02 1.377795904190930898e+01 1.370167291834791001e+02
1.098459374652397713e+02 1.331044965922610324e+01 1.384750933250550986e+02
1.088879726084743282e+02 1.285936726936379415e+01 1.398763941887986846e+02
1.079666747245828020e+02 1.242362358556844448e+01 1.412243819216257634e+02
1.070801147036800103e+02 1.200240772321802041e+01 1.425218592672649720e+02
1.062262300634326095e+02 1.159511613432793986e+01 1.437719681844669424e+02
1.054009174192152756e+02 1.120091432564769995e+01 1.449811619712065749e+02
1.046016585330952324e+02 1.081873972362965297e+01 1.461531730657756043e+02
1.038332963997591492e+02 1.045033528230117703e+01 1.472835620294192438e+02
1.031010714939455681e+02 1.009759471320604973e+01 1.483674362569109348e+02
1.024033625669613201e+02 9.759815981597750323e+00 1.494068777709692313e+02
1.017386642468099325e+02 9.436345543376759792e+00 1.504038296417917024e+02
1.011056330721700647e+02 9.126594815894952362e+00 1.513600213795839409e+02
1.004998709303411175e+02 8.828800689013155178e+00 1.522811424599055954e+02
9.991448462231682015e+01 8.540202606014474895e+00 1.531761391459840524e+02
9.934851702800783357e+01 8.260393917714385026e+00 1.540462517446799211e+02
9.880111302199240697e+01 7.988911516264826318e+00 1.548925855409139842e+02
9.827092837350024013e+01 7.724919868102457343e+00 1.557168891030569000e+02
9.775736888172365013e+01 7.468128955733373431e+00 1.565199271494994946e+02
9.725995953530561167e+01 7.218332640247989040e+00 1.573023083564613671e+02
9.677824021247661790e+01 6.975331244266328667e+00 1.580646223209043058e+02
9.631176361128628116e+01 6.738930653735201837e+00 1.588074422126977652e+02
9.586009459568509783e+01 6.508942034151781186e+00 1.595313256125386943e+02
9.542281019552423516e+01 6.285181830563609573e+00 1.602368145119514224e+02
9.499950011618798840e+01 6.067472037224715287e+00 1.609244353467422570e+02
9.458979379656220488e+01 5.855655420434191072e+00 1.615947146984946983e+02
9.419201804472560013e+01 5.648998779201821918e+00 1.622498432100933314e+02
9.380396985434332180e+01 5.446531419369516236e+00 1.628926454012904799e+02
9.342502327351880353e+01 5.247978845602500719e+00 1.635239222228058509e+02
9.305511560762016643e+01 5.053315224640861025e+00 1.641437517486835986e+02
9.269383284178051952e+01 4.862369513032565038e+00 1.647526529186048663e+02
9.233996084884275035e+01 4.674656935269410951e+00 1.653521308576940498e+02
9.199318261091781324e+01 4.490044226184352283e+00 1.659425837950980736e+02
9.165333857094266534e+01 4.308460695057492629e+00 1.665242152361385877e+02
9.132028287673037426e+01 4.129841874044118732e+00 1.670972113094863971e+02
9.099388338096999007e+01 3.954129518174689828e+00 1.676617407671611488e+02
9.067402164122660224e+01 3.781271605354848298e+00 1.682179549845316160e+02
9.036059291994139642e+01 3.611222336365413454e+00 1.687659879603154423e+02
9.005349451440760333e+01 3.443936807105106190e+00 1.693059710939262175e+02
8.975260947332803596e+01 3.279363572252085302e+00 1.698380538026837598e+02
8.945782914295212152e+01 3.117454939853691709e+00 1.703623749733539512e+02
8.916904685366110073e+01 2.958164091006579621e+00 1.708790709580817690e+02
8.888615779337699507e+01 2.801445022073651980e+00 1.713882757346954975e+02
8.860909025910568459e+01 2.647300003313412198e+00 1.718900977099216050e+02
8.833781327353176493e+01 2.495792817034397704e+00 1.723846149848743039e+02
8.807223737205862335e+01 2.346897999161513315e+00 1.728719489401727571e+02
8.781226896217339117e+01 2.200582099779366363e+00 1.733522231753345864e+02
8.755781218605258687e+01 2.056806492005594844e+00 1.738255621153887489e+02
8.730876892056224392e+01 1.915527371990861649e+00 1.742920910108757937e+02
8.706503877725792506e+01 1.776695758918857448e+00 1.747519359378476054e+02
8.682652265337520703e+01 1.640262709278231590e+00 1.752052210617113985e+02
8.659312801174164065e+01 1.506187028080621104e+00 1.756520645528825071e+02
8.636476237565868530e+01 1.374425898086719888e+00 1.760925836902981416e+02
8.614133484482782421e+01 1.244937204488781646e+00 1.765268937403664893e+02
8.592275612276533536e+01 1.117679575484240573e+00 1.769551079359902985e+02
