2.540000000000000000e+02 7.000000000000000000e+00 0.000000000000000000e+00
2.527052845500809894e+02 7.492633671660761330e+00 7.516140512761588788e-01
2.513793118365364876e+02 7.987282281002900497e+00 1.532411155140191550e+00
2.500214304289103779e+02 8.483973333265590000e+00 2.343017042583807275e+00
2.486309753173077013e+02 8.982734884258688268e+00 3.184070515879280805e+00
2.472072677871485951e+02 9.483595559799004704e+00 4.056223553162052298e+00
2.457492771872775847e+02 9.986263644065346057e+00 4.960839199147690337e+00
2.442535345869372350e+02 1.048965843565707523e+01 5.902759009801330059e+00
2.427118050546834809e+02 1.099186986986802772e+01 6.893123547711538457e+00
2.411214797260093690e+02 1.149263709383797760e+01 7.935045377223381990e+00
2.394795482417321182e+02 1.199288661587958416e+01 9.030745889426817996e+00
2.377843580122107028e+02 1.249265787919862625e+01 1.018190295222187380e+01
2.360343326817095146e+02 1.299191494365857658e+01 1.139018896758932797e+01
2.342278572040880817e+02 1.349061578265492400e+01 1.265732248107079450e+01
2.323632690742623765e+02 1.398871709458096468e+01 1.398507259255201163e+01
2.304388569540330423e+02 1.448617426585246193e+01 1.537526042013723249e+01
2.284540239191796616e+02 1.498343560781164285e+01 1.682810340091047507e+01
2.264106848520831647e+02 1.548167454338202909e+01 1.834027352597820126e+01
2.243119075294578408e+02 1.598004585238737896e+01 1.990707249002797852e+01
2.221591981201115118e+02 1.647877545945097921e+01 2.152633989810654569e+01
2.199520514515360503e+02 1.697802194390062525e+01 2.319845373770814945e+01
2.176892716946904898e+02 1.747777617922079330e+01 2.492459743309920128e+01
2.153731803565101188e+02 1.797676036499724361e+01 2.670386247039431638e+01
2.130099591212735106e+02 1.847235879828464888e+01 2.853298625203259675e+01
2.105991519812168633e+02 1.896436918576855390e+01 3.041263341763582062e+01
2.081400719115092670e+02 1.945266722453820663e+01 3.234361173305588721e+01
2.056319942591553911e+02 1.993713678999405658e+01 3.432675713338316115e+01
2.030741567429956831e+02 2.041766993584770518e+01 3.636293372294645820e+01
2.004657681082972545e+02 2.089416351630452340e+01 3.845302890235594617e+01
1.978060513149150381e+02 2.136650287317809571e+01 4.059792846902793428e+01
1.950942151047442792e+02 2.183457294801925030e+01 4.279853261027891165e+01
1.923294548948602767e+02 2.229825728100429316e+01 4.505575610050344437e+01
1.895109541535718733e+02 2.275743744834830551e+01 4.737052755376891611e+01
1.866378844004209157e+02 2.321199306230508341e+01 4.974378942381545698e+01
1.837094052061825664e+02 2.366180177116719108e+01 5.217649800405605021e+01
1.807246641637561311e+02 2.410673925424396558e+01 5.466962346154910080e+01
1.776827175785439294e+02 2.454671116288330524e+01 5.722419478966229889e+01
1.745868737265109019e+02 2.497989342567769100e+01 5.983884903379135523e+01
1.714493564345673633e+02 2.540097050907196774e+01 6.250706390608459628e+01
1.683114615361314463e+02 2.578628135122085041e+01 6.521247736209018342e+01
1.652047070652111529e+02 2.611661246382588075e+01 6.794382956612902547e+01
1.621337514726683082e+02 2.638652465463500718e+01 7.070219202175393036e+01
1.591146213023155553e+02 2.657115708842140833e+01 7.349749623050182379e+01
1.561558068978235667e+02 2.665631473392571138e+01 7.633608507450379932e+01
1.532582979684117959e+02 2.664291696673827303e+01 7.921605689768659886e+01
1.504284827621474676e+02 2.652939483679082144e+01 8.213276549998076348e+01
1.477098532208321160e+02 2.630996911147384054e+01 8.504963720305157437e+01
1.451283612583135323e+02 2.598391568049432365e+01 8.794206670618522992e+01
1.426817621622612364e+02 2.555547680764474450e+01 9.080788566210796375e+01
1.403652018555365828e+02 2.503959128012713720e+01 9.363634464974091998e+01
1.381769317762938840e+02 2.444280263910195927e+01 9.642238846471938984e+01
1.361337311843648195e+02 2.376056154575485024e+01 9.915433337074519216e+01
1.342323760270007540e+02 2.300449186288125958e+01 1.018233592036480957e+02
1.324440072856376673e+02 2.220711227640273222e+01 1.044242074227403521e+02
1.307136020087742736e+02 2.142458457592762144e+01 1.069517547826209949e+02
1.290342398089925382e+02 2.066326720519537474e+01 1.094049693487537382e+02
1.274043875513921478e+02 1.992262394209442533e+01 1.117859556117489888e+02
1.258226202792932469e+02 1.920206085146385533e+01 1.140967929691039870e+02
1.242875542638363271e+02 1.850100112537769448e+01 1.163395006255898210e+02
1.227980463106110989e+02 1.781894339656878756e+01 1.185157336190670350e+02
1.213517951963710146e+02 1.715505058721122467e+01 1.206289148128018383e+02
1.199493191841803537e+02 1.650932210172158321e+01 1.226781730341881484e+02
1.185951755177376441e+02 1.588335712815871581e+01 1.246566987514557354e+02
1.172915483069072167e+02 1.527842665249146492e+01 1.265614960267327120e+02
1.160377648717994248e+02 1.469440052714605649e+01 1.283936261616458125e+02
1.148319234623204750e+02 1.413047845673867187e+01 1.301558602784569985e+02
1.136721582976552298e+02 1.358586757153699232e+01 1.318509129973110134e+02
1.125581409255883614e+02 1.306058491972409641e+01 1.334793452706786923e+02
1.114891492862962110e+02 1.255444003377704298e+01 1.350422693827423473e+02
1.104636232510111284e+02 1.206684085390103611e+01 1.365419928603448625e+02
1.094798753354481988e+02 1.159711080993467114e+01 1.379809924080936412e+02
1.085362130573854103e+02 1.114452732048162709e+01 1.393617287254574251e+02
1.076300084720826220e+02 1.070794165317352409e+01 1.406880083832174932e+02
1.067593168582950085e+02 1.028680754989180457e+01 1.419628094454853908e+02
1.059228532486653194e+02 9.881557207662172715e+00 1.431885203186317312e+02
1.051170072052025972e+02 9.490724019988839188e+00 1.443704298999159903e+02
1.043381425613168858e+02 9.112617823103304815e+00 1.455137517494192423e+02
1.035902220247721601e+02 8.748613966983318946e+00 1.466152540214586395e+02
1.028783799404070578e+02 8.400601402610069712e+00 1.476701327370651882e+02
1.022009958207899558e+02 8.067860755973310205e+00 1.486804862095142141e+02
1.015565136953567560e+02 7.749701876643104725e+00 1.496483264560591238e+02
1.009434478406219711e+02 7.445465697785571990e+00 1.505755746396146435e+02
1.003602034463726653e+02 7.154452420747826835e+00 1.514642944120052448e+02
9.979956892642873356e+01 6.873723849690833276e+00 1.523238589612240617e+02
9.925813739771110988e+01 6.601855468195967802e+00 1.531587019371110046e+02
9.873518544744051439e+01 6.338508023019072013e+00 1.539697589779501641e+02
9.822947015308257335e+01 6.082919236660993434e+00 1.547586515499508266e+02
9.774006921092947664e+01 5.834552749607587074e+00 1.555265806492044760e+02
9.726650759869117735e+01 5.593198482471620103e+00 1.562741653058175473e+02
9.680830890329207250e+01 5.358643854978221377e+00 1.570020018555011916e+02
9.636501868889983768e+01 5.130687006978694065e+00 1.577106709900540409e+02
9.593621162069304376e+01 4.909140826689065484e+00 1.584007398803171043e+02
9.552149146486115683e+01 4.693832950690106642e+00 1.590727621761738249e+02
9.512048284983370650e+01 4.484601083156506185e+00 1.597272752216624383e+02
9.473245996644722311e+01 4.281120352601477386e+00 1.603652051754840500e+02
9.435447300225966671e+01 4.082063399133044612e+00 1.609903479336192902e+02
9.398569697257015321e+01 3.887060294058222620e+00 1.616037645218336820e+02
9.362593299190935170e+01 3.696023208056878229e+00 1.622057089835066392e+02
9.327498643240751619e+01 3.508866191955109848e+00 1.627964299237692103e+02
9.293267893229068477e+01 3.325510648082597331e+00 1.633761552980563465e+02
9.259877802175509487e+01 3.145853282256048988e+00 1.639451815695877599e+02
9.227247729604681581e+01 2.969529236217959056e+00 1.645045321642926979e+02
9.195343349299018598e+01 2.796384404647273225e+00 1.650546436203902658e+02
9.164151710074776247e+01 2.626361975846363883e+00 1.655956816387628976e+02
9.133658576317988320e+01 2.459399250236627754e+00 1.661278281643391495e+02
9.103834730651867346e+01 2.295384813499750543e+00 1.666514456083409357e+02
9.074642208970692536e+01 2.134179139973965356e+00 1.671670014893394978e+02
9.046064693957792713e+01 1.975714894444179137e+00 1.676747015435867070e+02
9.018087581072934711e+01 1.819930676320096641e+00 1.681747306498850492e+02
8.990697822627174673e+01 1.666770502810362764e+00 1.686672547132219222e+02
8.963883927782858052e+01 1.516183808922563214e+00 1.691524206647700623e+02
8.937635962553621027e+01 1.368125447463224731e+00 1.696303564618872315e+02
8.911946542667925542e+01 1.222574829637107952e+00 1.701011649553333882e+02
8.886813770172986438e+01 1.079616769145504307e+00 1.705649149518478112e+02
8.862228941340232780e+01 9.392307485728086380e-01 1.710217270148358750e+02
8.838182130082262233e+01 8.013729788895121997e-01 1.714717291835078186e+02
8.814663470695870728e+01 6.659986820899301829e-01 1.719150481167724820e+02
8.791663157862065248e+01 5.330620911922007155e-01 1.723518090932377334e+02
8.769171446646052459e+01 4.025164502382859166e-01 1.727821360112099853e+02
8.747178767204250960e+01 2.743157221760415543e-01 1.732061504840035582e+02
8.725675855577505047e+01 1.484165401097172488e-01 1.736239708115338090e+02
8.704653576857390362e+01 2.477571656517147183e-02 1.740357134432561281e+02
8.684102962357167144e+01 -9.664915161304361846e-02 1.744414927091759751e+02
8.664015209757467062e+01 -2.158996810628084351e-01 1.748414208187136865e+02
