2.540000000000000000e+02 7.000000000000000000e+00 0.000000000000000000e+00
2.528984281233275908e+02 7.487794138085904549e+00 6.195573614843966626e-01
2.517711841984779255e+02 7.978048689168378615e+00 1.263256977550292870e+00
2.506167531848914791e+02 8.470773879474455370e+00 1.932746971734553565e+00
2.494335772327295899e+02 8.965981626615825206e+00 2.629719403935288913e+00
2.482206076658980862e+02 9.463700330060580868e+00 3.355275987878279853e+00
2.469771592965208242e+02 9.963969728363831990e+00 4.110097803270484462e+00
2.457025692035561519e+02 1.046683136079042598e+01 4.894838128477754680e+00
2.443961572205051880e+02 1.097232759924027867e+01 5.710167676187095864e+00
2.430572285195138136e+02 1.148050170769080935e+01 6.556771642427341007e+00
2.416846386024980120e+02 1.199098542833979586e+01 7.436277705777009750e+00
2.402732846973302117e+02 1.250252832702063444e+01 8.355942716782587709e+00
2.388165597313840181e+02 1.301415157703667624e+01 9.324330437879780220e+00
2.373114972334107904e+02 1.352607887479706861e+01 1.034454322216137712e+01
2.357557125033608827e+02 1.403844332232081982e+01 1.141910571989069823e+01
2.341474959310315285e+02 1.455122748291031698e+01 1.254990639513994388e+01
2.324852004184143084e+02 1.506441687728008105e+01 1.373875197896708755e+01
2.307672026211699858e+02 1.557799878928805803e+01 1.498741458855025499e+01
2.289917801842784968e+02 1.609195853865036341e+01 1.629778068506001887e+01
2.271571646237801474e+02 1.660628118129892883e+01 1.767178640482571339e+01
2.252615982880845422e+02 1.712100403074322585e+01 1.911132980338089737e+01
2.233082860383884736e+02 1.763687079054274776e+01 2.061114725949787996e+01
2.213009907792424542e+02 1.815376496472154599e+01 2.216534946369092651e+01
2.192403729050592460e+02 1.867200254173397767e+01 2.377285379182553982e+01
2.171259732401256031e+02 1.919178099314979491e+01 2.543397981350286940e+01
2.149571306464931126e+02 1.971290169289657968e+01 2.714961996700407454e+01
2.127390712063383091e+02 2.023295822047409231e+01 2.891697714819426324e+01
2.104750823212451110e+02 2.075032537427518520e+01 3.073441135225653298e+01
2.081641952975297727e+02 2.126499861872327202e+01 3.260292363968829932e+01
2.058056759955541111e+02 2.177687530161335161e+01 3.452337894499575555e+01
2.033987491009008863e+02 2.228586270910468414e+01 3.649667390594118643e+01
2.009426279408293965e+02 2.279186658269480859e+01 3.852371849816596949e+01
1.984365141904194161e+02 2.329479107768939272e+01 4.060543638196917016e+01
1.958795966957944188e+02 2.379453859725036224e+01 4.274276629058972787e+01
1.932710514715404315e+02 2.429100979203176536e+01 4.493666203325295783e+01
1.906100417007058070e+02 2.478410356017970173e+01 4.718809249517069304e+01
1.878957177348013943e+02 2.527371704733236513e+01 4.949804163754119202e+01
1.851272170937994588e+02 2.575974564661990485e+01 5.186750849754999848e+01
1.823036642203084057e+02 2.624208296373062410e+01 5.429750747866967231e+01
1.794238955614178508e+02 2.672073918877174492e+01 5.678922918045208235e+01
1.764930037404936343e+02 2.719301508900110775e+01 5.934022060719536285e+01
1.735203646802225421e+02 2.765446623545977189e+01 6.194542066596267205e+01
1.705366414936716239e+02 2.808925244047490821e+01 6.458944373842628295e+01
1.675789676158101145e+02 2.847188614833515530e+01 6.726021549278408429e+01
1.646503692102009495e+02 2.880002584399732157e+01 6.995705578351287102e+01
1.617606501927898535e+02 2.906060204522585266e+01 7.268342779961052713e+01
1.589234806984588317e+02 2.923062236291666238e+01 7.544896349817115322e+01
1.561443012916488442e+02 2.930156663443327503e+01 7.825688694027697068e+01
1.534255300855994335e+02 2.927351703370037228e+01 8.110463831781157751e+01
1.507780651426960219e+02 2.914424085523317132e+01 8.398333238746235452e+01
1.482468699953742544e+02 2.890976816230738322e+01 8.685104721910911962e+01
1.458456839771512534e+02 2.856839593976186009e+01 8.969548375315164890e+01
1.435724659929696543e+02 2.812346559689766323e+01 9.251530995964837700e+01
1.414226089111987505e+02 2.758883023690033909e+01 9.530089513873994633e+01
1.393923318807566432e+02 2.697375737949366226e+01 9.804652759764519487e+01
1.374880189225929428e+02 2.627790857437971184e+01 1.007460417705081710e+02
1.357121884370808971e+02 2.551383852623285620e+01 1.033834129109586542e+02
1.340006642286800229e+02 2.475279074728148743e+01 1.059486615344369511e+02
1.323371423282713408e+02 2.401139469987056785e+01 1.084420737422138359e+02
1.307217112718638248e+02 2.328968158486260975e+01 1.108635355016966741e+02
1.291529905943664289e+02 2.258708697362193263e+01 1.132151124866615390e+02
1.276296650298429398e+02 2.190307365337067580e+01 1.154987731092800090e+02
1.261504536868231554e+02 2.123711838519357187e+01 1.177164343017137753e+02
1.247141116028854952e+02 2.058871260621054589e+01 1.198699592256665198e+02
1.233194114454005330e+02 1.995735712456435706e+01 1.219611858245411753e+02
1.219683532740545218e+02 1.934349462839458411e+01 1.239869197296243470e+02
1.206649993562430296e+02 1.874891621959019261e+01 1.259411522739573002e+02
1.194105287824178561e+02 1.817446408520168788e+01 1.278223126212971437e+02
1.182033755301896605e+02 1.761952325971719091e+01 1.296327577188743305e+02
1.170417708166905300e+02 1.708336207650321725e+01 1.313751297538670428e+02
1.159240315576973614e+02 1.656528668753279732e+01 1.330519441708258057e+02
1.148486624504057119e+02 1.606470472108527758e+01 1.346654486980562808e+02
1.138157756832650449e+02 1.558194099162537505e+01 1.362156253609708756e+02
1.128243401440347498e+02 1.511665977438829955e+01 1.377040632175702797e+02
1.118727380063070171e+02 1.466817963540909453e+01 1.391331723959002318e+02
1.109593481821630547e+02 1.423581707862425638e+01 1.405053675128799568e+02
1.100817978766957452e+02 1.381880160803932611e+01 1.418243064222271528e+02
1.092391504818124588e+02 1.341801553072628828e+01 1.430920705547377736e+02
1.084288520440523911e+02 1.303246607035887905e+01 1.443125091969949949e+02
1.076471514518991768e+02 1.266053877133843386e+01 1.454911919743737769e+02
1.068917871584095280e+02 1.230102220706901228e+01 1.466313488816735457e+02
1.061607758665002308e+02 1.195294259480667520e+01 1.477358601205036166e+02
1.054532448761736418e+02 1.161587676103901501e+01 1.488060875629005011e+02
1.047746315021298074e+02 1.129194462147954248e+01 1.498367749452855548e+02
1.041280146216692089e+02 1.098231122817534633e+01 1.508251663719962892e+02
1.035127260535030729e+02 1.068664197664119264e+01 1.517723684221793121e+02
1.029277417478496375e+02 1.040446623631639333e+01 1.526796530602940436e+02
1.023685035452014773e+02 1.013387513373393745e+01 1.535530775009540037e+02
1.018293730641751011e+02 9.872532353266574745e+00 1.544001213166714876e+02
1.013082840432165312e+02 9.619517643576589450e+00 1.552235006499598171e+02
1.008039126051855447e+02 9.373998976161905361e+00 1.560249777002308917e+02
1.003155808050520932e+02 9.135626021226208593e+00 1.568054498485086299e+02
9.984280747115285237e+01 8.904180372349692618e+00 1.575655495808077831e+02
9.938515055056986114e+01 8.679468288899188977e+00 1.583058644793883900e+02
9.894215726085495533e+01 8.461285426980126090e+00 1.590269728646376564e+02
9.851339612898412668e+01 8.249438749920479097e+00 1.597294361526452633e+02
9.809846259453506434e+01 8.043749998320013361e+00 1.604138046986581969e+02
9.769697900968708382e+01 7.844055690050280916e+00 1.610806177970806914e+02
9.730858593470617279e+01 7.650201660300487205e+00 1.617304013404617535e+02
9.693289587486515302e+01 7.462014021240686468e+00 1.623636551450502452e+02
9.656953426287121545e+01 7.279324959392293515e+00 1.629808647147418696e+02
9.621813979760040070e+01 7.101972982948383084e+00 1.635825016358804476e+02
9.587853907238329043e+01 6.929881099782265963e+00 1.641687910368172254e+02
9.554978683925573080e+01 6.762622153421682825e+00 1.647409729116225208e+02
9.523053894321819257e+01 6.599593408809972139e+00 1.653008079584091945e+02
9.491958528465234224e+01 6.440259250105111910e+00 1.658498762052626887e+02
9.461578745253838463e+01 6.284129425709978456e+00 1.663896500761371442e+02
9.431837053931980108e+01 6.130876925368820451e+00 1.669211171069913746e+02
9.402708697702523466e+01 5.980387255960392778e+00 1.674445995558829168e+02
9.374177825498425420e+01 5.832587369251422516e+00 1.679603046317006658e+02
9.346235555992100785e+01 5.687437636779383077e+00 1.684683488138129519e+02
9.318871829722324662e+01 5.544892728428387763e+00 1.689688639037413509e+02
9.292075885224234355e+01 5.404903885322767110e+00 1.694619908232369596e+02
9.265837472432009747e+01 5.267424751744996136e+00 1.699478638226146074e+02
9.240146524372794090e+01 5.132409799965140351e+00 1.704266147543335421e+02
9.214992747618062197e+01 4.999807964919170011e+00 1.708983762423738995e+02
9.190364824710584912e+01 4.869549997976469591e+00 1.713632877202019245e+02
9.166257860270795277e+01 4.741664544612842036e+00 1.718214379884839502e+02
9.142666868489202159e+01 4.616177932637189230e+00 1.722729161480643256e+02
9.119585378865832581e+01 4.493092584380569576e+00 1.727178224334680010e+02
9.097005436210221774e+01 4.372387016696198003e+00 1.731562682129005282e+02
9.074917601654499322e+01 4.254015855664144752e+00 1.735883759798553854e+02
9.053312228087835933e+01 4.137928462687565201e+00 1.740142688469070151e+02
9.032180627827942487e+01 4.024086453394503771e+00 1.744340611726020995e+02
