2.540000000000000000e+02 7.000000000000000000e+00 0.000000000000000000e+00
2.527956640081148691e+02 7.498141872180046796e+00 7.064974917697615098e-01
2.515598843821526032e+02 7.998880580171719323e+00 1.442574723185171104e+00
2.502919407287355114e+02 8.502257941246259776e+00 2.208931222938716576e+00
2.489911179732724236e+02 9.008317244269782975e+00 3.006258182645911603e+00
2.476566850886656255e+02 9.517102719103833763e+00 3.835262242599290605e+00
2.462879044020222068e+02 1.002865749052945077e+01 4.696657694058410826e+00
2.448834794106829804e+02 1.054231748844536476e+01 5.592497786602308452e+00
2.434395370176276856e+02 1.105687869679696433e+01 6.528401460589515537e+00
2.419479576948997135e+02 1.157116498056054965e+01 7.514664670769556132e+00
2.404055819361380486e+02 1.208507804786763451e+01 8.554827554093998643e+00
2.388091619524881537e+02 1.259949756468719428e+01 9.651530690361278531e+00
2.371569625779615933e+02 1.311443385775808146e+01 1.080660544341353990e+01
2.354472289693697178e+02 1.362987615374603578e+01 1.202192385637421346e+01
2.336781539045042280e+02 1.414581208520102429e+01 1.329941505828486825e+01
2.318478723257964020e+02 1.466222884491289058e+01 1.464106997266887866e+01
2.299544610205556978e+02 1.517911318346862970e+01 1.604894165919758819e+01
2.279971422493703130e+02 1.569641229823191431e+01 1.752349154995990332e+01
2.259811177055416920e+02 1.621419160299033990e+01 1.905701340900122531e+01
2.239080105809050565e+02 1.673297701888321143e+01 2.064683998005725130e+01
2.217781611021595154e+02 1.725318655878930585e+01 2.229214669569354967e+01
2.195912919187154273e+02 1.777507874613798222e+01 2.399303081858096220e+01
2.173463471575449546e+02 1.829873095391789306e+01 2.575053813841536865e+01
2.150464591502177427e+02 1.882249598046641026e+01 2.756321532729577584e+01
2.126970915517694038e+02 1.934394297661449258e+01 2.942809695557721383e+01
2.102986535084235413e+02 1.986253262900701344e+01 3.134533371762391241e+01
2.078500607216251694e+02 2.037827771504093377e+01 3.331600410937218726e+01
2.053505389113268222e+02 2.089106667405389217e+01 3.534100417896478774e+01
2.027992613412021115e+02 2.140080180349498562e+01 3.742126834081089015e+01
2.001953880709822897e+02 2.190738360831836218e+01 3.955774617809256455e+01
1.975380674789402065e+02 2.241071101531807841e+01 4.175140068564641638e+01
1.948264348645211896e+02 2.291068117626119971e+01 4.400320988283938561e+01
1.920596117951458837e+02 2.340718937589872439e+01 4.631416756746659757e+01
1.892367061062098514e+02 2.390012903196563343e+01 4.868528331575144819e+01
1.863568119010838871e+02 2.438939169518080519e+01 5.111758248234553292e+01
1.834190095511139020e+02 2.487486704924710423e+01 5.361210620032871788e+01
1.804223656898638239e+02 2.535644291002908446e+01 5.616991138786461590e+01
1.773674130311690078e+02 2.583337474241687559e+01 5.879121296817477571e+01
1.742656822197847077e+02 2.630028904064753803e+01 6.146979413156643801e+01
1.711409639063178645e+02 2.674581120959834735e+01 6.419300507827867364e+01
1.680416829655372908e+02 2.713880840816063866e+01 6.694310764240611888e+01
1.649741273114349553e+02 2.747361900519033284e+01 6.971947207453958129e+01
1.619514653482633832e+02 2.773168861328709767e+01 7.252754213669496153e+01
1.589871126299030664e+02 2.788966337504976067e+01 7.537724213861390865e+01
1.560847846580769271e+02 2.794300836600596583e+01 7.826942207556351150e+01
1.532454502118606001e+02 2.789314696561923412e+01 8.120169348457679348e+01
1.504683655031352600e+02 2.775078136091964254e+01 8.416407351714629215e+01
1.477915579889665310e+02 2.751624738486167132e+01 8.711812269277770326e+01
1.452538551115407301e+02 2.716812422732538224e+01 9.004637379578728940e+01
1.428527755385881335e+02 2.671205437466323929e+01 9.294565655772889556e+01
1.405825210679880399e+02 2.616565467635408737e+01 9.580400999908798099e+01
1.384398306636934137e+02 2.553518483145317219e+01 9.861842008029091744e+01
1.364253049908005551e+02 2.482301279148218498e+01 1.013859321090858430e+02
1.345499926944823130e+02 2.403773318241586665e+01 1.040868657654354479e+02
1.327628049453100232e+02 2.323621489129656936e+01 1.067150196305074701e+02
1.310295233025942139e+02 2.245555173269609028e+01 1.092658658607537490e+02
1.293483316301936270e+02 2.169648293292715735e+01 1.117402181283868146e+02
1.277176851679944889e+02 2.095839137271649122e+01 1.141403204102438593e+02
1.261361008542479851e+02 2.024066270306966331e+01 1.164683518947588965e+02
1.246021393910107236e+02 1.954270070293251749e+01 1.187264274640061217e+02
1.231144028758519653e+02 1.886392629819323474e+01 1.209166011736596573e+02
1.216718503833028393e+02 1.820387079194115998e+01 1.230403830504527320e+02
1.202768585145237097e+02 1.756303885588607372e+01 1.250940315316975955e+02
1.189336030891960547e+02 1.694346177536426268e+01 1.270715674462528000e+02
1.176428566126249109e+02 1.634579808308718540e+01 1.289720316603280139e+02
1.164025164267310686e+02 1.576916120264455401e+01 1.307985056975456928e+02
1.152106696461104605e+02 1.521275404918677943e+01 1.325537978877948433e+02
1.140655407757304687e+02 1.467582245874534763e+01 1.342405074081827365e+02
1.129652026363614965e+02 1.415763292800241580e+01 1.358614997207149315e+02
1.119094979493483351e+02 1.365836324730980067e+01 1.374171322147911667e+02
1.108975957781809285e+02 1.317776040649084024e+01 1.389086732636677652e+02
1.099278912160497157e+02 1.271515935191251678e+01 1.403384809729379583e+02
1.089986739088372616e+02 1.227020448610260850e+01 1.417092519591428186e+02
1.081080584293654567e+02 1.184322697278073022e+01 1.430243347808221870e+02
1.072542788523517174e+02 1.143379045287743523e+01 1.442864776946155132e+02
1.064346291309319668e+02 1.104060440846986779e+01 1.454995687863543594e+02
1.056453051659071178e+02 1.066204997477085037e+01 1.466691753682365800e+02
1.048842377604278084e+02 1.029703776534882032e+01 1.477982171661215034e+02
1.041485987224928635e+02 9.944095173157096568e+00 1.488906933920458187e+02
1.034373216528049397e+02 9.602713866565879997e+00 1.499481363859705425e+02
1.027496026351134333e+02 9.272511746529026766e+00 1.509717018964575175e+02
1.020852300707264817e+02 8.953357763796597979e+00 1.519619183698651455e+02
1.014516648052084093e+02 8.648336337742101421e+00 1.529113972462232027e+02
1.008478768774390772e+02 8.356960226857603757e+00 1.538219481144052452e+02
1.002661552582451066e+02 8.075951949707713240e+00 1.547037076139416456e+02
9.970414589662279070e+01 7.804291947428994902e+00 1.555597601413342659e+02
9.916083165276889133e+01 7.541381844424822845e+00 1.563914450177560411e+02
9.863493192363816320e+01 7.286422782392785180e+00 1.572004528528333651e+02
9.812587068987936334e+01 7.039136690337089775e+00 1.579875363544603886e+02
9.763315045942755432e+01 6.799298835722476397e+00 1.587533456203012747e+02
9.715627786919957032e+01 6.566683066849469341e+00 1.594985190527530108e+02
9.669477726723732758e+01 6.341072154676640871e+00 1.602236760092914380e+02
9.624819447601724676e+01 6.122260979486863874e+00 1.609294218400580121e+02
9.581609689546411346e+01 5.910056608745414941e+00 1.616163480003855000e+02
9.539807458425933362e+01 5.704279142656957902e+00 1.622850327977936331e+02
9.499368724548887144e+01 5.504729357145113688e+00 1.629360618855962173e+02
9.460111439401593714e+01 5.310567149213650140e+00 1.635718083278675010e+02
9.421807796164335969e+01 5.120740372423346898e+00 1.641952429287035784e+02
9.384425703937374408e+01 4.935102028765792959e+00 1.648067824364659657e+02
9.347947146936142815e+01 4.753570212801322192e+00 1.654066599250993193e+02
9.312357774896779006e+01 4.576077360393233207e+00 1.659950633671147386e+02
9.277614107632852836e+01 4.402434188433200113e+00 1.665725473052582117e+02
9.243610252597581223e+01 4.232190162068367734e+00 1.671404519125826482e+02
9.210296092879120522e+01 4.065128028858756792e+00 1.676994147985130894e+02
9.177656506779584333e+01 3.901178370965648678e+00 1.682496321017065952e+02
9.145678711113076531e+01 3.740282234866539213e+00 1.687912701371755588e+02
9.114350478164845981e+01 3.582383033975825359e+00 1.693244881522502681e+02
9.083659805020569422e+01 3.427425221990550774e+00 1.698494424667368037e+02
9.053593104057563323e+01 3.275325992116453921e+00 1.703663004923971016e+02
9.024139779735141076e+01 3.126046398394082715e+00 1.708752050320531737e+02
8.995292356244807763e+01 2.979594360498948102e+00 1.713762738066839688e+02
8.967042806112384312e+01 2.835967761720830982e+00 1.718696281679304434e+02
8.939382549333772943e+01 2.695154435513395175e+00 1.723553931048253673e+02
8.912302453374971378e+01 2.557132165494182541e+00 1.728336972437930683e+02
8.885792833172047267e+01 2.421868685444614755e+00 1.733046728486494601e+02
8.859843451131158076e+01 2.289321679309994195e+00 1.737684558206021848e+02
8.834448140162874097e+01 2.159457952078289278e+00 1.742251308357046184e+02
8.809589431662637082e+01 2.032198409928316796e+00 1.746749165180137879e+02
8.785233587108103848e+01 1.907400207735308939e+00 1.751182252189110784e+02
8.761357628762597471e+01 1.784963563373272555e+00 1.755553405483923370e+02
8.737949943485773474e+01 1.664834161966179060e+00 1.759864101778293843e+02
8.715007730436532540e+01 1.546991299394631314e+00 1.764114734930256816e+02
8.692455473105619035e+01 1.431167157747634811e+00 1.768315160926573526e+02
8.670236806154636611e+01 1.317161216320255734e+00 1.772472745863506134e+02
