2.540000000000000000e+02 7.000000000000000000e+00 0.000000000000000000e+00
2.527580314077601145e+02 7.487097139283799940e+00 7.414779361110712674e-01
2.514836749825277309e+02 7.976408069857289895e+00 1.513145353370120016e+00
2.501762234592869447e+02 8.467909609319397291e+00 2.315736959216230684e+00
2.488349572039304292e+02 8.961381911905450082e+00 3.150202621829131466e+00
2.474591417919114633e+02 9.456802806452373034e+00 4.017303401160683407e+00
2.460474449084162245e+02 9.953665223742353518e+00 4.918913508982083016e+00
2.445963472485177874e+02 1.045060198483289504e+01 5.860383880259129263e+00
2.430992392503979715e+02 1.094604755403368301e+01 6.850638468163666950e+00
2.415516417922240464e+02 1.143991999614776667e+01 7.894311479466296966e+00
2.399502135901918791e+02 1.193322410915272691e+01 8.993923274568228265e+00
2.382927782650295399e+02 1.242621412917532808e+01 1.015148885616369689e+01
2.365776099730677515e+02 1.291884885186673948e+01 1.136883304759778568e+01
2.348029269914334520e+02 1.341108731951387512e+01 1.264783829402350968e+01
2.329668928262579470e+02 1.390288726554230436e+01 1.399044497071075099e+01
2.310691644985237474e+02 1.439392730315387325e+01 1.539660589061531937e+01
2.291128815211614267e+02 1.488337729816883837e+01 1.686169548952224062e+01
2.271005399799464044e+02 1.537261094371664427e+01 1.838185811625906041e+01
2.250323669239434423e+02 1.586221078034254006e+01 1.995632383727838643e+01
2.229087606356960407e+02 1.635258970273112311e+01 2.158439642101812339e+01
2.207295559630687478e+02 1.684402337123199089e+01 2.326603244597215792e+01
2.184935029266293895e+02 1.733651457898493575e+01 2.500245822360006898e+01
2.162031432797941193e+02 1.782871604993251324e+01 2.679256256460071128e+01
2.138654776169905460e+02 1.831774690980718745e+01 2.863242998393956640e+01
2.114801126424103188e+02 1.880339025356662219e+01 3.052267096383058131e+01
2.090463147604431242e+02 1.928554288700154018e+01 3.246411345792281367e+01
2.065633366664561095e+02 1.976410133566495375e+01 3.445759919672280347e+01
2.040304213304873144e+02 2.023896057763735001e+01 3.650398107436551243e+01
2.014468005550793066e+02 2.071001380226796229e+01 3.860412481635483317e+01
1.988116947601968150e+02 2.117715237420460284e+01 4.075890922827628060e+01
1.961243129832268153e+02 2.164026583339368415e+01 4.296922619579693503e+01
1.933838528789783311e+02 2.209924189508022607e+01 4.523598068466548483e+01
1.905895007196825759e+02 2.255396644980783094e+01 4.756009074071219800e+01
1.877404313779337883e+02 2.300432356051899063e+01 4.994248750962351124e+01
1.848358079177612581e+02 2.345019539352160010e+01 5.238411571048493443e+01
1.818747812722809840e+02 2.389146216495756292e+01 5.488593400813552847e+01
1.788564896172488261e+02 2.432800238234185031e+01 5.744891539038025030e+01
1.757847561143537973e+02 2.475775303597884758e+01 6.007134722546469874e+01
1.726736182601045471e+02 2.517460458167333570e+01 6.274546568949573810e+01
1.695679832887693408e+02 2.555457002341019646e+01 6.545064462230702418e+01
1.664943015298753153e+02 2.587813906086935489e+01 6.818013620946389608e+01
1.634597029130901547e+02 2.613672544835878853e+01 7.093550007464006057e+01
1.604792014562397640e+02 2.630727109656197626e+01 7.372488004241921544e+01
1.575615564891158726e+02 2.637444293522429106e+01 7.655487976353758484e+01
1.547082877457480947e+02 2.633837734873672076e+01 7.942389707813995869e+01
1.519200790057369090e+02 2.620115284903647179e+01 8.232921211208653745e+01
1.491864004419650485e+02 2.599137153491908236e+01 8.525283411460203808e+01
1.465621262066404142e+02 2.568737152634300713e+01 8.816244784967479120e+01
1.440785129170475329e+02 2.527164242251151904e+01 9.104476996778220155e+01
1.417314084144256299e+02 2.475469708125529067e+01 9.389340914445976694e+01
1.395149487308819403e+02 2.415261187623066164e+01 9.669808716280485328e+01
1.374262991284418547e+02 2.346932001024910264e+01 9.945769738225452272e+01
1.354645075907607179e+02 2.270877608251914737e+01 1.021692716621093382e+02
1.336269052596106803e+02 2.189319704981849668e+01 1.048133221376155859e+02
1.318580042278420876e+02 2.108499783532611005e+01 1.073819218016651860e+02
1.301437551145312455e+02 2.029934304167755243e+01 1.098722301686084393e+02
1.284822216566715554e+02 1.953603066623372797e+01 1.122862024902964180e+02
1.268718199929545705e+02 1.879439051826177121e+01 1.146261328579429630e+02
1.253110140581353704e+02 1.807377263044061166e+01 1.168942461337038026e+02
1.237983135836306445e+02 1.737354641287750567e+01 1.190927008466619412e+02
1.223322732997071682e+02 1.669310031553975904e+01 1.212235903483985311e+02
1.209119753324832942e+02 1.603194934011721529e+01 1.232881958981409980e+02
1.195411149553843870e+02 1.539127894235469363e+01 1.252809765200076555e+02
1.182227725589414149e+02 1.477271700930998044e+01 1.271976324145552155e+02
1.169569227026478444e+02 1.417648711092316027e+01 1.290383173522114930e+02
1.157416785194859017e+02 1.360180939780478582e+01 1.308057735604719767e+02
1.145750650890899038e+02 1.304784280085950954e+01 1.325028588493406971e+02
1.134547686950078855e+02 1.251359787210657970e+01 1.341329192411821509e+02
1.123795722336506913e+02 1.199868943861964254e+01 1.356977823877032279e+02
1.113490298425749643e+02 1.150309216564843773e+01 1.371981755756110317e+02
1.103621306534639928e+02 1.102646324042552450e+01 1.386356053361888598e+02
1.094171868176165674e+02 1.056802771435015842e+01 1.400124860628958743e+02
1.085120605565922602e+02 1.012762240905159494e+01 1.413322840710172841e+02
1.076455197454226465e+02 9.705995762394939774e+00 1.425974175590807818e+02
1.068152892014196738e+02 9.302062741853594829e+00 1.438111209088696967e+02
1.060175515378791289e+02 8.914085856029705823e+00 1.449788623087085568e+02
1.052503077677309733e+02 8.541161561476926067e+00 1.461035083365654828e+02
1.045111193371039491e+02 8.181966138221055118e+00 1.471884454018468205e+02
1.037971771429039052e+02 7.834993108336197665e+00 1.482375836684583135e+02
1.031075507964508375e+02 7.499792324715043534e+00 1.492522425535662478e+02
1.024414216451256578e+02 7.175967397802225811e+00 1.502335828661032053e+02
1.017979985445399649e+02 6.863135257465418526e+00 1.511827264096951353e+02
1.011762332688022212e+02 6.560803836461682081e+00 1.521010943505402224e+02
1.005734846997809200e+02 6.267808166469460929e+00 1.529927678731213518e+02
9.999063543823606892e+01 5.984509313792456986e+00 1.538583874510851501e+02
9.942760248273368973e+01 5.710798392257314227e+00 1.546984032884577971e+02
9.888296828993352960e+01 5.445783744965911666e+00 1.555145892804364962e+02
9.835585454202823996e+01 5.188958964062926782e+00 1.563081111245872421e+02
9.784572811752481414e+01 4.940074879413978159e+00 1.570796593600948654e+02
9.735207740054039505e+01 4.698894111556405129e+00 1.578298965171408383e+02
9.687439767333385987e+01 4.465179991708622786e+00 1.585594764207332048e+02
9.641243567286964833e+01 4.238815086384795983e+00 1.592687254956287006e+02
9.596566188811279119e+01 4.019551375506404511e+00 1.599583299659769011e+02
9.553193093583840323e+01 3.806377014121015812e+00 1.606310806156752449e+02
9.510957485899790242e+01 3.598505562978178585e+00 1.612891468268609287e+02
9.469755037747241033e+01 3.395445579209444009e+00 1.619338848186320661e+02
9.429542288613494350e+01 3.196993683693320598e+00 1.625658616343209530e+02
9.390299365018030642e+01 3.003064482350005004e+00 1.631853705908256416e+02
9.352003791461849858e+01 2.813556446398171484e+00 1.637927193238664074e+02
9.314634304158819589e+01 2.628370336318678113e+00 1.643881823883172615e+02
9.278170051698364773e+01 2.447408567924011624e+00 1.649720276633548792e+02
9.242561286892754424e+01 2.270434658036136089e+00 1.655448925168192886e+02
9.207739268349263284e+01 2.097120562770149466e+00 1.661076565834721919e+02
9.173682658400075240e+01 1.927366027615819544e+00 1.666605941011546008e+02
9.140372767005945320e+01 1.761083476263973546e+00 1.672039454608014353e+02
9.107792913089734554e+01 1.598194940193871316e+00 1.677379253617793324e+02
9.075928424536427030e+01 1.438632058673203096e+00 1.682627228118868743e+02
9.044765805016879767e+01 1.282327391551757234e+00 1.687785096528847077e+02
9.014292239446062638e+01 1.129238669998655187e+00 1.692854588981654160e+02
8.984500576152944973e+01 9.794096470453942382e-01 1.697836978151662208e+02
8.955381164945586647e+01 8.328423641098138264e-01 1.702733722289443108e+02
8.926920966275913827e+01 6.894839455887505908e-01 1.707546538368437155e+02
8.899098041878566789e+01 5.492330964775683499e-01 1.712278154106661248e+02
8.871867299046087396e+01 4.118950147065887357e-01 1.716934040963451196e+02
8.845211367179419426e+01 2.773889346061206296e-01 1.721516374319841418e+02
8.819119369721559565e+01 1.456608773955611058e-01 1.726026556563786585e+02
8.793580319898191533e+01 1.665659764061352965e-02 1.730466000982348760e+02
8.768508964140158923e+01 -1.099395461669695762e-01 1.734845597099649410e+02
8.743802849676059452e+01 -2.345009350576253426e-01 1.739178420768662932e+02
8.719452921068121043e+01 -3.570700541264203998e-01 1.743465629140059434e+02
8.695452957659409776e+01 -4.776791177322524118e-01 1.747708022582049523e+02
8.671798918469572470e+01 -5.963524068397816347e-01 1.751906127458334481e+02
8.648486022419201902e+01 -7.131167324353778758e-01 1.756060562848212783e+02
8.625509450485593277e+01 -8.279988998657877852e-01 1.760171952330141494e+02
