2.540000000000000000e+02 7.000000000000000000e+00 0.000000000000000000e+00
2.528173139688228446e+02 7.486087495404456504e+00 6.613435400416600718e-01
2.516053354719287256e+02 7.974404172310412875e+00 1.349457975459775083e+00
2.503618088592100150e+02 8.464908312908434596e+00 2.066742343342905297e+00
2.490859729064401336e+02 8.957628280503842078e+00 2.813932511380105694e+00
2.477771184021873125e+02 9.452596119514902639e+00 3.591704289662841720e+00
2.464345204903179365e+02 9.949844552180961088e+00 4.400748430059444161e+00
2.450574420055448854e+02 1.044941002443863276e+01 5.241763954218772170e+00
2.436446007870483754e+02 1.095083267237813374e+01 6.116538356223297335e+00
2.421913126464899619e+02 1.145251429857045267e+01 7.031865171641242362e+00
2.406897675189914310e+02 1.195318661210403910e+01 7.997506298591217977e+00
2.391365194786487223e+02 1.245322812941581425e+01 9.016748555469080273e+00
2.375289076634922765e+02 1.295292649081092407e+01 1.009211877476464814e+01
2.358652066227433579e+02 1.345225582045798518e+01 1.122542478992566828e+01
2.341436743247132029e+02 1.395117321195504800e+01 1.241850650733011285e+01
2.323625160041478068e+02 1.444963440750284889e+01 1.367325959799030244e+01
2.305198809596508625e+02 1.494759371565367978e+01 1.499163888444766535e+01
2.286138603808303458e+02 1.544500395550686456e+01 1.637566063867452826e+01
2.266426095700870746e+02 1.594186762974146632e+01 1.782723151533970452e+01
2.246082949167762592e+02 1.643930419025747369e+01 1.934268623483606220e+01
2.225163737931679293e+02 1.693737223303005734e+01 2.091403188451428008e+01
2.203683774966769704e+02 1.743646465595137940e+01 2.253910348566674315e+01
2.181638723946342395e+02 1.793679410069767144e+01 2.421816176834848733e+01
2.159020026410375976e+02 1.843821121481118652e+01 2.595219832725452491e+01
2.135897725485344267e+02 1.893789037625204941e+01 2.773729472491850601e+01
2.112301907185888865e+02 1.943443844424150768e+01 2.957195441767465738e+01
2.088226004918469698e+02 1.992773163731722974e+01 3.145694876067011236e+01
2.063662615662580038e+02 2.041766973636955740e+01 3.339310648399940362e+01
2.038604232520874291e+02 2.090415088746015115e+01 3.538126818649025296e+01
2.013043248233625775e+02 2.138707165978237157e+01 3.742228593136547232e+01
1.986971942265723783e+02 2.186632683210768135e+01 3.951702473250716707e+01
1.960382480485038172e+02 2.234180938746758471e+01 4.166636259147572474e+01
1.933266915162416240e+02 2.281341051315360247e+01 4.387119049750982214e+01
1.905617184971683855e+02 2.328101960071728627e+01 4.613241242752642535e+01
1.877425114989645749e+02 2.374452424597022571e+01 4.845094534612078263e+01
1.848682416086516298e+02 2.420381023874576343e+01 5.082771927589227090e+01
1.819380679708805246e+02 2.465876147596690871e+01 5.326367789861020441e+01
1.789511376285938695e+02 2.510925993591316541e+01 5.575977873796002626e+01
1.759078288369116194e+02 2.555467047862592267e+01 5.831629089537518951e+01
1.728193634870205528e+02 2.598991647051486709e+01 6.092730697641619031e+01
1.697135706794919656e+02 2.640342389092109698e+01 6.357704638803780739e+01
1.666340147282143960e+02 2.676689808503979506e+01 6.625094436292143030e+01
1.635885114699504470e+02 2.707321671448141842e+01 6.894849443505428610e+01
1.605880235612885372e+02 2.730801985624823658e+01 7.167340274876539752e+01
1.576489991592843012e+02 2.744437109314565859e+01 7.443653130783437177e+01
1.547763707597806615e+02 2.747549423821107339e+01 7.723986735579427432e+01
1.519708663744886508e+02 2.740306513252724585e+01 8.008103793627481082e+01
1.492277509672727831e+02 2.724049659093893538e+01 8.295127603236973357e+01
1.465425832037072382e+02 2.701426879524459324e+01 8.582849143533275083e+01
1.439893933320950623e+02 2.667961157832871066e+01 8.868522179125584159e+01
1.415783809867934622e+02 2.623253746232267858e+01 9.151551591636852834e+01
1.393035271416187584e+02 2.568932070869585615e+01 9.430888980578470182e+01
1.371596300427658264e+02 2.506201098283209561e+01 9.705831929325529472e+01
1.351439755011411705e+02 2.435380602629235725e+01 9.976327494829932618e+01
1.332522286686514690e+02 2.357483548531777018e+01 1.024178652648053429e+02
1.314663965930573397e+02 2.276056964778215175e+01 1.050040655282717239e+02
1.297395455332685685e+02 2.196328217818960837e+01 1.075146524370803576e+02
1.280668963231394741e+02 2.118884402223975627e+01 1.099470686609587773e+02
1.264465840668266310e+02 2.043679251894826976e+01 1.123036018661070443e+02
1.248770091538080038e+02 1.970644455782565529e+01 1.145865718515543819e+02
1.233566204491371963e+02 1.899713772891309205e+01 1.167982281153039850e+02
1.218839144813251778e+02 1.830822997598391666e+01 1.189407510320950365e+02
1.204584521645367232e+02 1.763941144043868192e+01 1.210147184425153313e+02
1.190829608988262720e+02 1.699134190150748225e+01 1.230159317661986051e+02
1.177581369402107043e+02 1.636442770182541651e+01 1.249434337815800689e+02
1.164864222053498821e+02 1.576021581667739646e+01 1.267939260027675772e+02
1.152666110584856938e+02 1.517829155092304205e+01 1.285692051262817870e+02
1.140964799698777483e+02 1.461768338832851555e+01 1.302724851968968096e+02
1.129739142191047137e+02 1.407752673895674178e+01 1.319068515838544329e+02
1.118968590784052850e+02 1.355697968442672341e+01 1.334753012332838011e+02
1.108635461735871388e+02 1.305528223208396277e+01 1.349803963720343631e+02
1.098734694364059692e+02 1.257236448587102018e+01 1.364229413465415917e+02
1.089263622230360369e+02 1.210828798044703092e+01 1.378034073415011278e+02
1.080204723087691150e+02 1.166227415955748192e+01 1.391243208994162615e+02
1.071538627496024105e+02 1.123463522452998475e+01 1.403890398522799785e+02
1.063251805241088022e+02 1.082576449446783506e+01 1.415999941695517919e+02
1.055318328271061432e+02 1.043435105771689564e+01 1.427608459077315786e+02
1.047700679957303862e+02 1.005866534475254248e+01 1.438769744497164993e+02
1.040380883828669027e+02 9.697834203945896903e+00 1.449509359887958340e+02
1.033341187472062899e+02 9.350919502335152345e+00 1.459852183149185976e+02
1.026552872738957234e+02 9.016342723740917720e+00 1.469838166032700713e+02
1.020002831209516359e+02 8.693424417523340608e+00 1.479485742346957124e+02
1.013681095377159096e+02 8.381662593093993863e+00 1.488808999568379363e+02
1.007580068868770269e+02 8.080688115832195706e+00 1.497818738691088356e+02
1.001692523910467258e+02 7.790151587132661426e+00 1.506525245400270876e+02
9.959884932882603437e+01 7.508683923816239059e+00 1.514971548632923657e+02
9.904264128271249490e+01 7.234451718349145466e+00 1.523217644502871906e+02
9.850164827067315798e+01 6.967805326816066014e+00 1.531255140463382816e+02
9.797838339474634495e+01 6.709631688905796310e+00 1.539060741386542475e+02
9.747230240909071597e+01 6.459607555471695406e+00 1.546642137664303220e+02
9.698281083278655501e+01 6.217411914106500070e+00 1.554007298103100254e+02
9.650935944101496489e+01 5.982763692125806720e+00 1.561163503107933650e+02
9.605144426505789568e+01 5.755421756568080305e+00 1.568117344682366650e+02
9.560860557591577447e+01 5.535183803576178896e+00 1.574874743017465164e+02
9.518038288350392406e+01 5.321837195669830045e+00 1.581441680898844595e+02
9.476631579446519993e+01 5.115160322453346176e+00 1.587824187415452002e+02
9.436596533561699118e+01 4.914946159155625161e+00 1.594027988568849139e+02
9.397859083814840631e+01 4.720843960614345747e+00 1.600062765310300961e+02
9.360116987864805083e+01 4.531416215379779011e+00 1.605968107465577077e+02
9.323301145069061135e+01 4.346335244930688901e+00 1.611753053019498623e+02
9.287389536496473852e+01 4.165497044784684633e+00 1.617420446944722983e+02
9.252361859912136310e+01 3.988807894169593027e+00 1.622973014250288202e+02
9.218198762625281972e+01 3.816180740262114846e+00 1.628413462266101135e+02
9.184881184767205298e+01 3.647529232074282923e+00 1.633744428006324654e+02
9.152363546178183640e+01 3.482636982085847599e+00 1.638971884123859297e+02
9.120591394471135516e+01 3.321242484344455459e+00 1.644102846740706241e+02
9.089540141319314159e+01 3.163228884878164227e+00 1.649140496419125554e+02
9.059188306060870843e+01 3.008494323530901848e+00 1.654087613455905057e+02
9.029517485431857438e+01 2.856951786795799197e+00 1.658946581745778701e+02
9.000512353566240620e+01 2.708529107815191850e+00 1.663719388781425721e+02
8.972160661995880560e+01 2.563168966380616975e+00 1.668407625653472053e+02
8.944451238181140695e+01 2.420819584610779618e+00 1.673012742519510425e+02
8.917377132447899157e+01 2.281549878778593055e+00 1.677536073670202939e+02
8.890886206251211377e+01 2.145197315800521309e+00 1.681984249084349017e+02
8.864902697632659567e+01 2.011475748876513592e+00 1.686367082837488738e+02
8.839342050500049197e+01 1.880071870114182309e+00 1.690695568008227667e+02
8.814197126512469538e+01 1.750947629042094222e+00 1.694970628651793731e+02
8.789461477074172535e+01 1.624067644292690904e+00 1.699193099189000407e+02
8.765128749432868460e+01 1.499397060358206746e+00 1.703363801640497286e+02
8.741192685449240685e+01 1.376901540839326143e+00 1.707483545785979118e+02
8.717647121596927207e+01 1.256547268445184162e+00 1.711553129164184668e+02
8.694485988962524914e+01 1.138300944993364539e+00 1.715573337072897857e+02
8.671703313245591005e+01 1.022129791409902788e+00 1.719544942568946055e+02
8.649293210460521664e+01 9.080014542558988433e-01 1.723468705121254061e+02
