2.540000000000000000e+02 7.000000000000000000e+00 0.000000000000000000e+00
2.527521530750830436e+02 7.490699630037406465e+00 7.054959027823896056e-01
2.514728039316333366e+02 7.983418161887898989e+00 1.440523274317611957e+00
2.501612756784769545e+02 8.478182475980231558e+00 2.205736757449026975e+00
2.488168769093872754e+02 8.975020000246010099e+00 3.001805068201492510e+00
2.474389015454036951e+02 9.473958716041744665e+00 3.829411148695337719e+00
2.460266284165354875e+02 9.975028127329313321e+00 4.689251566049348341e+00
2.445792242473194733e+02 1.047798212429900211e+01 5.582437156647271692e+00
2.430930240337366683e+02 1.098099793925544176e+01 6.515067721732508588e+00
2.415598822858475501e+02 1.148261543689667441e+01 7.497749254847570377e+00
2.399757259838038408e+02 1.198309933928049809e+01 8.534602365795358025e+00
2.383378108938057380e+02 1.248289789646131887e+01 9.628134844635773959e+00
2.366445083077469747e+02 1.298195252165006330e+01 1.078011262848107954e+01
2.348941303056179777e+02 1.348020900219066043e+01 1.199235989691463899e+01
2.330849365973477632e+02 1.397761138889508636e+01 1.326675750242343277e+01
2.312151339893779038e+02 1.447410197832593326e+01 1.460524354769306399e+01
2.292830476836973332e+02 1.496970039416821407e+01 1.600955522340523629e+01
2.272901281728949527e+02 1.546587581200829575e+01 1.747671243552644782e+01
2.252368086309239743e+02 1.596351253772755463e+01 1.900539303498076649e+01
2.231239129558426271e+02 1.646310070336514286e+01 2.059426674052136619e+01
2.209545781104132800e+02 1.696410446447641007e+01 2.223831108413085289e+01
2.187301726425786512e+02 1.746596936319167526e+01 2.393565870480703595e+01
2.164577843443659617e+02 1.796590627160951215e+01 2.568227866977662188e+01
2.141394921491517493e+02 1.846287654683422375e+01 2.747722272780424646e+01
2.117751191230585732e+02 1.895661089866198168e+01 2.932095031526001350e+01
2.093640591238675199e+02 1.944698452933806720e+01 3.121419070537260509e+01
2.069054479915500622e+02 1.993395685192743727e+01 3.315783818909437031e+01
2.043986164266671040e+02 2.041741342325945396e+01 3.515267329487154768e+01
2.018428491040786810e+02 2.089725136598582722e+01 3.719950965081698513e+01
1.992374188420439509e+02 2.137336680273802969e+01 3.929917362731736574e+01
1.965815884761791210e+02 2.184565418940003312e+01 4.145250319685845852e+01
1.938746107659686402e+02 2.231400629854774564e+01 4.366034804369986233e+01
1.911157281939971710e+02 2.277831418406729469e+01 4.592356979920489124e+01
1.883041727921895472e+02 2.323846715051467982e+01 4.824304224553397091e+01
1.854391660713188799e+02 2.369435274064594665e+01 5.061965139832105365e+01
1.825199188529176695e+02 2.414585670573841014e+01 5.305429570376075787e+01
1.795456311098822368e+02 2.459286297744817062e+01 5.554788622549789068e+01
1.765166384678706208e+02 2.503477819805576843e+01 5.810070124902451028e+01
1.734451301484278645e+02 2.546616667576580184e+01 6.070627146414713593e+01
1.703594986401628262e+02 2.587590373842686020e+01 6.334785102285528069e+01
1.672995282588441626e+02 2.623809044081282238e+01 6.601240669590363552e+01
1.642753331626436477e+02 2.654329306561429647e+01 6.869961690371306418e+01
1.612962805544971729e+02 2.678006418294004121e+01 7.141199229783646274e+01
1.583791476776145544e+02 2.692221419681499484e+01 7.415972516424645278e+01
1.555311981860540698e+02 2.695862046647440735e+01 7.694703352237382887e+01
1.527531113393362148e+02 2.689093444923985032e+01 7.977158233594118997e+01
1.500390854707799804e+02 2.673234840290734127e+01 8.262565741874216485e+01
1.473716821386150855e+02 2.651751319876738577e+01 8.549113126960526188e+01
1.448090964189462966e+02 2.621148303360153520e+01 8.834646984736565400e+01
1.423909606950523710e+02 2.579073460217833613e+01 9.117673517917796744e+01
1.401132658682214185e+02 2.526564591031233320e+01 9.397525313576429085e+01
1.379684921145388330e+02 2.465458245625135092e+01 9.673059701468886828e+01
1.359535670423641420e+02 2.396162814436471322e+01 9.944163666193348661e+01
1.340649458822978488e+02 2.319202204314989046e+01 1.021065310763824101e+02
1.322810491245985816e+02 2.237875113634342128e+01 1.047127214370623278e+02
1.305550091024177277e+02 2.158144904481530446e+01 1.072440972072935921e+02
1.288828068039251491e+02 2.080717160021503531e+01 1.096966877907637041e+02
1.272632639300211252e+02 2.005542263462078267e+01 1.120722269549051902e+02
1.256947512935859521e+02 1.932550611309390831e+01 1.143730989790150687e+02
1.241756987649114592e+02 1.861675140105603887e+01 1.166016017926076103e+02
1.227045846699204361e+02 1.792850855944626431e+01 1.187599624085921590e+02
1.212811072398982475e+02 1.726050108097215841e+01 1.208485532387762191e+02
1.199079343673353293e+02 1.661334408412799846e+01 1.228632237936570988e+02
1.185842076549314328e+02 1.598664955371715379e+01 1.248052203362032344e+02
1.173118511702969897e+02 1.538165837638146805e+01 1.266719234962973246e+02
1.160912271872732049e+02 1.479878019163097136e+01 1.284629226323805540e+02
1.149208631386641741e+02 1.423744761469254527e+01 1.301804017704135958e+02
1.137984285790176671e+02 1.369666014278671007e+01 1.318277691814116963e+02
1.127218668544896758e+02 1.317558389855862266e+01 1.334080557372930116e+02
1.116893061331612245e+02 1.267342917947902414e+01 1.349240055115500638e+02
1.106989225992010546e+02 1.218940397617923210e+01 1.363782816037495138e+02
1.097499606723416150e+02 1.172329710734345021e+01 1.377720421432253772e+02
1.088426241625661532e+02 1.127540693867289257e+01 1.391050879597251253e+02
1.079745487215709687e+02 1.084513544351251646e+01 1.403810725047488859e+02
1.071444227689972450e+02 1.043323359502498526e+01 1.416025302864446189e+02
1.063504964305079739e+02 1.003928433529733510e+01 1.427721772374358977e+02
1.055890238860530133e+02 9.661547352983113512e+00 1.438954296234343531e+02
1.048576253511644580e+02 9.298858276058107108e+00 1.449757009499796823e+02
1.041550515473954022e+02 8.950584730096423414e+00 1.460147732405110901e+02
1.034786981525315213e+02 8.615295995928610395e+00 1.470163086763473359e+02
1.028265800435304840e+02 8.291915991377152295e+00 1.479831055124299724e+02
1.021974425284264640e+02 7.979791399963683141e+00 1.489169449572015651e+02
1.015904073886425181e+02 7.678484727595410675e+00 1.498190830466369050e+02
1.010048417830809484e+02 7.387698256440230260e+00 1.506904331017924790e+02
1.004391235873154073e+02 7.106672175803713465e+00 1.515333377382881110e+02
9.988828556128369485e+01 6.833185946904618113e+00 1.523550202533730840e+02
9.935117478521623013e+01 6.566711055918709405e+00 1.531571510564215828e+02
9.882690195846764425e+01 6.306666290217143533e+00 1.539409372149604280e+02
9.831448715133174687e+01 6.052399756840850742e+00 1.547077034396575641e+02
9.781362404390341680e+01 5.803751526064776733e+00 1.554578843925288538e+02
9.732406643646476141e+01 5.560604313250405717e+00 1.561918347056879384e+02
9.684556180211069432e+01 5.322834827051140749e+00 1.569099167215044019e+02
9.637779328392534239e+01 5.090292211639013686e+00 1.576125582537518142e+02
9.592216651734770494e+01 4.863583808079747328e+00 1.582983638389932253e+02
9.548131268572194585e+01 4.643853943689083330e+00 1.589646604993083656e+02
9.505494929256595071e+01 4.430964378901459888e+00 1.596118604151871523e+02
9.464175990068142141e+01 4.224289209775131226e+00 1.602417058244927262e+02
9.423877825436761668e+01 4.022415538112437794e+00 1.608581241103575792e+02
9.384558598520149530e+01 3.825145262316311801e+00 1.614616676489065412e+02
9.346195330498555620e+01 3.632370175728915740e+00 1.620526390403466337e+02
9.308766129171368675e+01 3.443987221051154624e+00 1.626313265327381430e+02
9.272249598531077197e+01 3.259895676800891096e+00 1.631980118409409215e+02
9.236630247519546799e+01 3.080023886765484775e+00 1.637529020954593477e+02
9.201869196629915848e+01 2.904185069940663944e+00 1.642965010553539003e+02
9.167912528606230183e+01 2.732120797942647616e+00 1.648295149969233648e+02
9.134718441203240502e+01 2.563635810700600093e+00 1.653525143084965237e+02
9.102265785463104919e+01 2.398632337981603246e+00 1.658658099275449729e+02
9.070522110127420490e+01 2.236963704239514072e+00 1.663698068764023503e+02
9.039441410418011458e+01 2.078449806199055949e+00 1.668650870646646922e+02
9.008999275034382492e+01 1.923038921294616621e+00 1.673519823536014997e+02
8.979135355644930883e+01 1.770591532422337355e+00 1.678313203415533224e+02
8.949748467951971520e+01 1.620768988664533117e+00 1.683044400741973448e+02
8.920829434750761777e+01 1.473524379586466759e+00 1.687714617552683194e+02
8.892370968044376411e+01 1.328817557913906544e+00 1.692324808178395017e+02
8.864365893271066454e+01 1.186609001256095253e+00 1.696875912097183914e+02
8.836807148007980572e+01 1.046859804964988427e+00 1.701368854104169088e+02
8.809687782720421012e+01 9.095316862626505738e-01 1.705804544213439726e+02
8.783000954493837753e+01 7.745869497125265069e-01 1.710183878478742940e+02
8.756739925607213593e+01 6.419884793605771245e-01 1.714507739180281760e+02
8.730898041920323749e+01 5.116991156407328933e-01 1.718776984458503136e+02
8.705468756558556720e+01 3.836823131278606636e-01 1.722992458999966630e+02
8.680446616304301699e+01 2.579308075536042022e-01 1.727155473225030278e+02
8.655825692915618674e+01 1.344217654752559721e-01 1.731267060902215462e+02
8.631599609311705024e+01 1.311673726661912766e-02 1.735327972090600213e+02
