2.540000000000000000e+02 7.000000000000000000e+00 0.000000000000000000e+00
2.522700721404779074e+02 7.594004308554523242e+00 1.140010893204553177e+00
2.505172922704020664e+02 8.186661174055684498e+00 2.304176377075547677e+00
2.487414275661128329e+02 8.777924026566335414e+00 3.492774666270261008e+00
2.469420005740270199e+02 9.367898915800230597e+00 4.706190111508294471e+00
2.451181262611250418e+02 9.956919066904168503e+00 5.945008268540584950e+00
2.432694318235395770e+02 1.054501835348137462e+01 7.209574472091500041e+00
2.413955846724844321e+02 1.113220521277012764e+01 8.500216992927299486e+00
2.394962682786191124e+02 1.171847655211276873e+01 9.817258558891158060e+00
2.375711821720488501e+02 1.230381774895571922e+01 1.116101635490317001e+01
2.356200419423246615e+02 1.288820265084946115e+01 1.253180202296034196e+01
2.336425792384431759e+02 1.347159357544854963e+01 1.392992166213659466e+01
2.316385239580177711e+02 1.405395197303481680e+01 1.535568395275585374e+01
2.296075455209063136e+02 1.463516257290407907e+01 1.680952199241685463e+01
2.275480923792484020e+02 1.521391641129308603e+01 1.829435713806837072e+01
2.254581730104578696e+02 1.578876023034353615e+01 1.981386124529962700e+01
2.233372392673956313e+02 1.635924466025336699e+01 2.136913659760508466e+01
2.211847781413597147e+02 1.692512277596149772e+01 2.296095487605787966e+01
2.189990565620896064e+02 1.748490021320147392e+01 2.459255297490463832e+01
2.167793017402495366e+02 1.803808072071289814e+01 2.626520841023260999e+01
2.145250807570949974e+02 1.858452102835856934e+01 2.797950708887849913e+01
2.122358225365419173e+02 1.912281511363886821e+01 2.973748394937226891e+01
2.099108494537567822e+02 1.964947566461221840e+01 3.154332663442489704e+01
2.075496491128297407e+02 2.016257997079612707e+01 3.339945905265219750e+01
2.051518044491073169e+02 2.066166027025463237e+01 3.530676774911517413e+01
2.027169158973525214e+02 2.114639752701946307e+01 3.726598577536035606e+01
2.002448027836902327e+02 2.161549249382807858e+01 3.927865442594581680e+01
1.977354617001913084e+02 2.206690415778370706e+01 4.134690501529293982e+01
1.951886163693000356e+02 2.249976214780214079e+01 4.347192061589102963e+01
1.926042809565074663e+02 2.291349052896503835e+01 4.565427860383385905e+01
1.899840460832255644e+02 2.330633955737241081e+01 4.789415047339577569e+01
1.873288742674309901e+02 2.367546178468984408e+01 5.019338866839755298e+01
1.846390448531862205e+02 2.401942364313786271e+01 5.255314096154246783e+01
1.819143629479566187e+02 2.433779236261270285e+01 5.497404758401892622e+01
1.791546303486880163e+02 2.463014113223502832e+01 5.745674640173041325e+01
1.763596500195296812e+02 2.489603979966493341e+01 6.000187756290739571e+01
1.735291393934431312e+02 2.513512523743918692e+01 6.261010021132239700e+01
1.706654917128184650e+02 2.534487076540417050e+01 6.528154108629946961e+01
1.677764354262883160e+02 2.551860399603624785e+01 6.801505958401651242e+01
1.648637805348623999e+02 2.565465119816807160e+01 7.081044226953895304e+01
1.619287091083994881e+02 2.575298101341421031e+01 7.366653729688076169e+01
1.589783381841042456e+02 2.581399914428267905e+01 7.657572727725928985e+01
1.560799540294391363e+02 2.581113101521778930e+01 7.949630220160356942e+01
1.532708010442109412e+02 2.573014590752138275e+01 8.240477129734190953e+01
1.505627014066587321e+02 2.556779129411483353e+01 8.529239223439736861e+01
1.479572509636004156e+02 2.532705129643644071e+01 8.815446207105222243e+01
1.454579953542704516e+02 2.501771673626018000e+01 9.097709340458780503e+01
1.430637297898403233e+02 2.464257405257691502e+01 9.375868939794723644e+01
1.407732037554053761e+02 2.420605607539539506e+01 9.649606652627808501e+01
1.385826865985372649e+02 2.371922526906294948e+01 9.918198930305399585e+01
1.364844452233174081e+02 2.319156457881187094e+01 1.018150487309760166e+02
1.344790646869777220e+02 2.262349637682224923e+01 1.043946517401696639e+02
1.325694730483039336e+02 2.201458671738026496e+01 1.069176895032670700e+02
1.307390912400000502e+02 2.138341811634956713e+01 1.093743789211466435e+02
1.289646251537188562e+02 2.075875275663241837e+01 1.117477627939682492e+02
1.272435567493355961e+02 2.014292099033550443e+01 1.140417402368245092e+02
1.255680739917108610e+02 1.953959474287590226e+01 1.162720410453910915e+02
1.239358245657513891e+02 1.894918730007922392e+01 1.184428280732234953e+02
1.223456397870670003e+02 1.837116310238467065e+01 1.205555557244128977e+02
1.207963593900612267e+02 1.780497105118164214e+01 1.226116518563586339e+02
1.192864381784887229e+02 1.725023805370434005e+01 1.246130385669064964e+02
1.178204941821498153e+02 1.670716243672624302e+01 1.265554090874506841e+02
1.164185888862500349e+02 1.617711744114369310e+01 1.284188528400157168e+02
1.150824269757916056e+02 1.565993560483833313e+01 1.302022025174797761e+02
1.138093437618600916e+02 1.515510292209332555e+01 1.319087120341038144e+02
1.125962669457237411e+02 1.466203928554809188e+01 1.335421000081423415e+02
1.114387342244598500e+02 1.417990979712155841e+01 1.351077222542793663e+02
1.103337679643565679e+02 1.370815363473858284e+01 1.366091743992837166e+02
1.092789627693517929e+02 1.324631579926167291e+01 1.380493724628768746e+02
1.082723362096257063e+02 1.279401963560631472e+01 1.394307293690828828e+02
1.073121124889124758e+02 1.235092696787830135e+01 1.407554109795900104e+02
1.063964288211111011e+02 1.191668400444535258e+01 1.420256835412466785e+02
1.055235311630708992e+02 1.149095737494604386e+01 1.432436822355161326e+02
1.046916218162376566e+02 1.107337901319850992e+01 1.444115785068172499e+02
1.038979064288350571e+02 1.066326391574786037e+01 1.455327289449925843e+02
1.031396458815825667e+02 1.026008798105166875e+01 1.466105799599349382e+02
1.024145776429216852e+02 9.863448468093649169e+00 1.476479787688948022e+02
1.017208611792542001e+02 9.473024617340595199e+00 1.486472140975150467e+02
1.010570356336894093e+02 9.088567638061407550e+00 1.496100692407491692e+02
1.004220379839684796e+02 8.709880514217712033e+00 1.505378310319709669e+02
9.981524955074205252e+01 8.336841492875761261e+00 1.514312513104052016e+02
9.923561256546487641e+01 7.969253996634496851e+00 1.522916100074792212e+02
9.868154488225053456e+01 7.606830294489409283e+00 1.531208185546430798e+02
9.815116500165903801e+01 7.249226145649598330e+00 1.539211492880136518e+02
9.764206765520395948e+01 6.895946957565917579e+00 1.546956241583947360e+02
9.715018705132143850e+01 6.546194397014127198e+00 1.554493602027949066e+02
9.667382733797198568e+01 6.199620234405584185e+00 1.561844755132965759e+02
9.621273443246337820e+01 5.856165492447271248e+00 1.569012660219458724e+02
9.576650761542357770e+01 5.515758697557756385e+00 1.576002111442151090e+02
9.533480660009469432e+01 5.178338304625773603e+00 1.582817148863420584e+02
9.491754218905923324e+01 4.843899273888397694e+00 1.589458777856556821e+02
9.451267956237526846e+01 4.511996125387479850e+00 1.595951531402998569e+02
9.411796426982459707e+01 4.182131540559693939e+00 1.602322608596765576e+02
9.373246702163747557e+01 3.854105910805934787e+00 1.608583199153905241e+02
9.335600916826993512e+01 3.527888141778617204e+00 1.614735414271048057e+02
9.298840332429439570e+01 3.203450027893592011e+00 1.620781509330715551e+02
9.262940064167386822e+01 2.880751506145890595e+00 1.626724559546261446e+02
9.227890008577389835e+01 2.559755760761210919e+00 1.632565805693334937e+02
9.193605330664007624e+01 2.240492354079316240e+00 1.638315376465977522e+02
9.160016199822266003e+01 1.922980538815021845e+00 1.643981615554860412e+02
9.127095345112496716e+01 1.607213122455001919e+00 1.649567769693271657e+02
9.094846118427432202e+01 1.293198455587602824e+00 1.655073433120871584e+02
9.063217465093201497e+01 9.807783161436812724e-01 1.660504629600770841e+02
9.032157915308420115e+01 6.697651898821483929e-01 1.665867414530282247e+02
9.001642711716617384e+01 3.600428263122445460e-01 1.671164675248427613e+02
8.971669490881299680e+01 5.156419825689431691e-02 1.676396649969259443e+02
8.942231707500062043e+01 -2.556817531086315043e-01 1.681564106647632286e+02
8.913322870681277266e+01 -5.617052677295758523e-01 1.686667807547894995e+02
8.884937020194243473e+01 -8.665165411700996856e-01 1.691708451192301936e+02
8.857068259534376864e+01 -1.170125665155947514e+00 1.696686728663431722e+02
8.829710748217728167e+01 -1.472542640039791184e+00 1.701603324503271324e+02
8.802858721599442049e+01 -1.773777342740878948e+00 1.706458914400802485e+02
8.776506479557359341e+01 -2.073839545052170497e+00 1.711254166512400161e+02
8.750648380349269928e+01 -2.372738923577466963e+00 1.715989742178557265e+02
8.725278840612915587e+01 -2.670485059731409372e+00 1.720666295923887787e+02
8.700392335365988572e+01 -2.967087439739481081e+00 1.725284475457124813e+02
8.675983398006118819e+01 -3.262555454638006225e+00 1.729844921671119948e+02
8.652046620310896685e+01 -3.556898400274150163e+00 1.734348268642844744e+02
8.628576652437855898e+01 -3.850125477305918142e+00 1.738795143633391262e+02
8.605568202924474974e+01 -4.142245791202158856e+00 1.743186167087970091e+02
8.583016038673299875e+01 -4.433268352266676260e+00 1.747521952637650884e+02
8.560914970352826003e+01 -4.723202099260133124e+00 1.751803108802790803e+02
8.539259877716602887e+01 -5.012055858436355038e+00 1.756030236038808994e+02
8.518045709977765512e+01 -5.299838342934374502e+00 1.760203926692473431e+02
