2.540000000000000000e+02 7.000000000000000000e+00 0.000000000000000000e+00
2.527424100765452408e+02 7.522371870235684987e+00 7.283654304571836047e-01
2.514509975419260002e+02 8.047398795107730152e+00 1.488456942989665688e+00
2.501250047590326062e+02 8.575120879546908270e+00 2.281007672373624562e+00
2.487636571950344830e+02 9.105579085751212887e+00 3.106767145689559140e+00
2.473661632283259451e+02 9.638815242944508199e+00 3.966501469666070534e+00
2.459317137552619101e+02 1.017487206725533788e+01 4.860993712316223458e+00
2.444589975613687045e+02 1.071358442211212214e+01 5.791847575973559259e+00
2.429413958866020948e+02 1.125244287291615564e+01 6.769382054526655423e+00
2.413708428651467557e+02 1.179130270867631047e+01 7.802416794170706105e+00
2.397435449889969732e+02 1.233041826262316576e+01 8.894825398194605270e+00
2.380576785791557768e+02 1.286970473396267955e+01 1.004862600708289122e+01
2.363114136068032849e+02 1.340896128492324912e+01 1.126595969467641822e+01
2.345028591081247100e+02 1.394803226353993253e+01 1.254898516320935720e+01
2.326300541522726917e+02 1.448683156473313538e+01 1.389986304171465648e+01
2.306910950268777185e+02 1.502530957914334664e+01 1.532059229105123066e+01
2.286893128685307772e+02 1.556300408924772327e+01 1.680571488313577078e+01
2.266292223350706081e+02 1.610157094091734464e+01 1.834794182717395827e+01
2.245119384485129217e+02 1.664191127997802511e+01 1.994533067648260527e+01
2.223376845439244107e+02 1.718447622126947394e+01 2.159730170209926925e+01
2.201054095458003985e+02 1.772922432284435601e+01 2.330495078133686704e+01
2.178223219918951656e+02 1.827320574231511685e+01 2.506414308239877542e+01
2.154916427828669612e+02 1.881493176528790556e+01 2.687320872086816692e+01
2.131127924072311828e+02 1.935425996353731648e+01 2.873287502359037404e+01
2.106850246516117693e+02 1.989110167982365596e+01 3.064397996774293276e+01
2.082075820729162672e+02 2.042536689100028369e+01 3.260737417688375928e+01
2.056796972583657066e+02 2.095696416925548533e+01 3.462391970175942646e+01
2.031005914152373464e+02 2.148580047080552902e+01 3.669449164998889046e+01
2.004694742572510506e+02 2.201178111887649536e+01 3.881997831734953763e+01
1.977855440045692887e+02 2.253480980370430231e+01 4.100128118777724495e+01
1.950479873837972491e+02 2.305478858253470165e+01 4.323931493336632315e+01
1.922559796279826401e+02 2.357161787962325405e+01 4.553500741436954513e+01
1.894086844261613862e+02 2.408519647853585255e+01 4.788929973765014125e+01
1.865052534323727116e+02 2.459542144789381624e+01 5.030314682478321231e+01
1.835448260656794446e+02 2.510218811201784916e+01 5.277751764251279809e+01
1.805265294440812625e+02 2.560539004079207004e+01 5.531339527936776079e+01
1.774513775062046363e+02 2.610409967281265864e+01 5.791069966655447132e+01
1.743339029593185501e+02 2.659177496826310616e+01 6.056146278616230205e+01
1.712093660689446324e+02 2.705385722951648830e+01 6.324490273441175248e+01
1.681145031904879943e+02 2.746252818759911563e+01 6.595200238392962433e+01
1.650579553427925248e+02 2.780923864953746971e+01 6.868273598090974019e+01
1.620548250654190383e+02 2.807380173894270925e+01 7.144234730081828388e+01
1.591197254412643929e+02 2.823168057135272591e+01 7.424082305970532047e+01
1.562566155572480682e+02 2.827832660692418187e+01 7.707881094588512383e+01
1.534660767309592302e+02 2.821579188726119725e+01 7.995368929715577622e+01
1.507422920975648140e+02 2.806041845424471148e+01 8.285490203866321224e+01
1.480661349656149355e+02 2.784732481084546052e+01 8.576637818367498767e+01
1.454844416912239922e+02 2.754684223778167507e+01 8.867120441832371114e+01
1.430519212541820195e+02 2.712450386944911429e+01 9.154943726750975941e+01
1.407614937505596515e+02 2.659826162423615870e+01 9.439005817199198134e+01
1.386068577918982783e+02 2.598209770502602467e+01 9.718527876545667255e+01
1.365850267864377656e+02 2.527973724620925466e+01 9.993436061941828541e+01
1.346911546437626441e+02 2.450017369370216613e+01 1.026331315969332678e+02
1.328862106530980043e+02 2.369157032418448594e+01 1.052720304411950849e+02
1.311392040006810475e+02 2.289784856795329659e+01 1.078377779584496494e+02
1.294498204736446780e+02 2.212478080943296277e+01 1.103236769997628244e+02
1.278141257266242974e+02 2.137442812676788151e+01 1.127308640435745133e+02
1.262304598857428743e+02 2.064607648356658132e+01 1.150617891132208257e+02
1.246972067881357162e+02 1.993904356911417608e+01 1.173188216241468780e+02
1.232128004707812039e+02 1.925266826518539887e+01 1.195042573946888069e+02
1.217756662865701998e+02 1.858629280417055440e+01 1.216204081935412233e+02
1.203891979996817128e+02 1.794078988386186779e+01 1.236620415841416190e+02
1.190536875494718174e+02 1.731623137955466873e+01 1.256287059941558510e+02
1.177715808299392819e+02 1.671423851262920834e+01 1.275170855753072061e+02
1.165424268288582255e+02 1.613488267216270700e+01 1.293279616391854461e+02
1.153637677942385835e+02 1.557710511454470215e+01 1.310649277402048654e+02
1.142336229422013503e+02 1.504006374811842228e+01 1.327308851739669535e+02
1.131500478658957576e+02 1.452292870278185610e+01 1.343286804660230587e+02
1.121111764420054158e+02 1.402490351882464559e+01 1.358610455378783399e+02
1.111150885543880094e+02 1.354504843665622005e+01 1.373307361892956351e+02
1.101612510582155409e+02 1.308364804203045040e+01 1.387387678502153960e+02
1.092499802902618882e+02 1.264221777239511546e+01 1.400853106589488846e+02
1.083797149960722379e+02 1.222089138653642593e+01 1.413730172520835424e+02
1.075478189341263828e+02 1.181870377451194187e+01 1.426058203828613387e+02
1.067510670874027312e+02 1.143411761639445068e+01 1.437883675297789807e+02
1.059865981990501922e+02 1.106575467390747747e+01 1.449247753991695049e+02
1.052526814091086038e+02 1.071274984086008430e+01 1.460175199203005718e+02
1.045479492316858767e+02 1.037440001632961817e+01 1.470685482322559494e+02
1.038696710889075803e+02 1.004920565830597035e+01 1.480817045025963807e+02
1.032157836934073600e+02 9.736036395384177311e+00 1.490598947189954799e+02
1.025850962829847219e+02 9.434260346866722102e+00 1.500048053758285960e+02
1.019767824514794228e+02 9.143471375002949486e+00 1.509176217857964843e+02
1.013897880334924224e+02 8.863165150031074191e+00 1.517998622393396602e+02
1.008210434049039605e+02 8.591928451521807730e+00 1.526559732310886091e+02
1.002674749788566828e+02 8.328310776757103184e+00 1.534903907303208541e+02
9.972704278785336385e+01 8.071299886259810208e+00 1.543060362103328771e+02
9.919871078394787389e+01 7.820309762943929321e+00 1.551043604189330836e+02
9.868233555440838245e+01 7.575148512158561331e+00 1.558855133563983770e+02
9.817764645208687568e+01 7.335682741216074554e+00 1.566498830356965470e+02
9.768434666341828176e+01 7.101775900797539620e+00 1.573978994512246459e+02
9.720218046734316886e+01 6.873303170724614830e+00 1.581299297749747552e+02
9.673089779439882818e+01 6.650142489423858549e+00 1.588463330642063909e+02
9.627025430401101858e+01 6.432174555522943926e+00 1.595474601338948730e+02
9.581983875461182265e+01 6.219250145717522216e+00 1.602339250853214878e+02
9.537916876495545182e+01 6.011209301418423578e+00 1.609064551685979438e+02
9.494813108348756714e+01 5.807993753600030118e+00 1.615652116222348411e+02
9.452555124374087825e+01 5.609012498860792562e+00 1.622118726455244087e+02
9.410995780364770269e+01 5.413534111613519606e+00 1.628485449244945187e+02
9.370078562784730991e+01 5.221283596533621285e+00 1.634760402889234570e+02
9.329794197529369626e+01 5.032213934878940087e+00 1.640944910960309926e+02
9.290138314081207227e+01 4.846299874301078781e+00 1.647039804348381438e+02
9.251217209653948714e+01 4.664005196652230012e+00 1.653034284560369258e+02
9.213146594474112305e+01 4.485834244729484332e+00 1.658916629401359728e+02
9.175893202502722090e+01 4.311619704355560856e+00 1.664691315824243247e+02
9.139388305620093433e+01 4.141017163140218393e+00 1.670367333844139637e+02
9.103605879950747237e+01 3.973899829541433171e+00 1.675948127470787483e+02
9.068451535736343772e+01 3.809917745013650325e+00 1.681446046432527623e+02
9.033820312029698130e+01 3.648696375453356122e+00 1.686874870371414659e+02
8.999711004396074543e+01 3.490328211439784667e+00 1.692235190140986845e+02
8.966120897012406488e+01 3.334852708966348889e+00 1.697527614850806685e+02
8.933041709882287762e+01 3.182218824706536164e+00 1.702753101347017264e+02
8.900465629012454372e+01 3.032386293514664821e+00 1.707912755775413132e+02
8.868385288437910674e+01 2.885325428645112211e+00 1.713007833377899942e+02
8.836793352598765239e+01 2.741004775800647053e+00 1.718039535648702838e+02
8.805682516322148956e+01 2.599391112594565900e+00 1.723009010325496035e+02
8.775045504822206510e+01 2.460449448550691365e+00 1.727917351389399414e+02
8.744875073700087853e+01 2.324143025103375670e+00 1.732765599064981643e+02
8.715164008469967882e+01 2.190433314320604286e+00 1.737554739871529534e+02
8.685905222637123302e+01 2.059280530649377106e+00 1.742285696518065947e+02
8.657091156665894971e+01 1.930642747554752292e+00 1.746959439171801307e+02
8.628702254785177672e+01 1.804430867244988246e+00 1.751578406450040859e+02
8.600702329018659498e+01 1.680486493906012679e+00 1.756147021334917611e+02
8.573083693994132659e+01 1.558769227989836192e+00 1.760666271280287845e+02
8.545824412146880888e+01 1.439178556092506334e+00 1.765139147180177588e+02
