2.540000000000000000e+02 7.000000000000000000e+00 0.000000000000000000e+00
2.527668480053143298e+02 7.490837795146902067e+00 7.258770374515632895e-01
2.515009514183967383e+02 7.983822711801880523e+00 1.482629845200747587e+00
2.502014247711509825e+02 8.478975126971873166e+00 2.271145781241348249e+00
2.488675251195198825e+02 8.976304018377978977e+00 3.092168966028491894e+00
2.474985405423144869e+02 9.475560088672230208e+00 3.946677580582485856e+00
2.460937033855280447e+02 9.976740012230946419e+00 4.835453549376850013e+00
2.446520409074666702e+02 1.047970041597518076e+01 5.759645212205862563e+00
2.431694592172062528e+02 1.098260653908377549e+01 6.725848560347120753e+00
2.416403390550375434e+02 1.148376534388946268e+01 7.742282193862724426e+00
2.400588362008977867e+02 1.198304366081982764e+01 8.815158107427626177e+00
2.384210256700624200e+02 1.248136697616420143e+01 9.947753630816031034e+00
2.367249374913517386e+02 1.297878245971460309e+01 1.114209959901888602e+01
2.349687443269684195e+02 1.347522611570168749e+01 1.240017812823320575e+01
2.331505617712060143e+02 1.397063188041199311e+01 1.372403332370983442e+01
2.312684465685053112e+02 1.446493155975502809e+01 1.511577321537717289e+01
2.293215457926918930e+02 1.495823947635378026e+01 1.657591042779999313e+01
2.273171673799544692e+02 1.545185876420880078e+01 1.809322536895810529e+01
2.252569003170804649e+02 1.594624581602879410e+01 1.966498617757277501e+01
2.231415368196592794e+02 1.644199047302955563e+01 2.128994115140088539e+01
2.209701050519609282e+02 1.693919958818035454e+01 2.296896471131015005e+01
2.187427182622629402e+02 1.743740261328845520e+01 2.470243254155807122e+01
2.164676910285870974e+02 1.793340943518542474e+01 2.648541767622911891e+01
2.141465295217383584e+02 1.842638068443919153e+01 2.831729987643416990e+01
2.117785460714320038e+02 1.891621898102356170e+01 3.019886279252114392e+01
2.093630362233812718e+02 1.940282775350147659e+01 3.213090588761045296e+01
2.068992866383684373e+02 1.988610900352540156e+01 3.411423892788503309e+01
2.043865740741672425e+02 2.036596313191018481e+01 3.614968317413521248e+01
2.018241649142581196e+02 2.084228885817419652e+01 3.823807193328663345e+01
1.992113151678277063e+02 2.131498322053938210e+01 4.038025055840017075e+01
1.965472704697690176e+02 2.178394157593122671e+01 4.257707644867203101e+01
1.938312660806816154e+02 2.224905759997878718e+01 4.482941904943368883e+01
1.910625268868713249e+02 2.271022328701465653e+01 4.713815985215187254e+01
1.882402672193536262e+02 2.316732891867263433e+01 4.950419260677170286e+01
1.853636904026254513e+02 2.362026298664186541e+01 5.192842384999269001e+01
1.824319887224784509e+02 2.406891218763976070e+01 5.441177294244645424e+01
1.794442953647044305e+02 2.451318158410672865e+01 5.695519956521436455e+01
1.764025055823701393e+02 2.495181037118672407e+01 5.955809054896050725e+01
1.733219783392901263e+02 2.537842568664648013e+01 6.221158957817721813e+01
1.702422369063594942e+02 2.577613734786006816e+01 6.489324429500040026e+01
1.671944473632185293e+02 2.611981910184175959e+01 6.759717719427976590e+01
1.641866212974293546e+02 2.640143524384971130e+01 7.032354537285115725e+01
1.612352943628611683e+02 2.659763204741956599e+01 7.307944485525260347e+01
1.583548624443950530e+02 2.668467741631201662e+01 7.587442463888955047e+01
1.555471932474298455e+02 2.666210363913714687e+01 7.870713064675393866e+01
1.528128779716540748e+02 2.653187256112821757e+01 8.157502405844981297e+01
1.501378467353821122e+02 2.632071530068350640e+01 8.446527001566144577e+01
1.475097213746749105e+02 2.605431761394520151e+01 8.736439113278416357e+01
1.449775021933070889e+02 2.570119056355321163e+01 9.025549875317349802e+01
1.425938225885146835e+02 2.522876751998404998e+01 9.311919568449471285e+01
1.403515946119818523e+02 2.465570268113980745e+01 9.594369832526555797e+01
1.382445563688643517e+02 2.399533907819114376e+01 9.872177167782291463e+01
1.362696921406305250e+02 2.325130254507683247e+01 1.014527824488595655e+02
1.344198795202689212e+02 2.243432255299431688e+01 1.041329820600066256e+02
1.326362154403992122e+02 2.161281625405207762e+01 1.067507454308670134e+02
1.309048660553010848e+02 2.081362689235300678e+01 1.092920157238713301e+02
1.292284098877694021e+02 2.003791820453250949e+01 1.117530306694811770e+02
1.276059617006848868e+02 1.928532109525907856e+01 1.141350887590825778e+02
1.260359459729304348e+02 1.855516374026656834e+01 1.164404943831908525e+02
1.245164473827480407e+02 1.784662496479783655e+01 1.186720469523411907e+02
1.230459660253032439e+02 1.715906241678786515e+01 1.208319390274197360e+02
1.216252939526386427e+02 1.649253584661838090e+01 1.229188886030928671e+02
1.202560283713080054e+02 1.584734787012630264e+01 1.249303913941965050e+02
1.189372755937668131e+02 1.522310741164484682e+01 1.268677500855818181e+02
1.176707846306588152e+02 1.462100530456463510e+01 1.287286042989439068e+02
1.164571944633327405e+02 1.404161578733129723e+01 1.305121535454916568e+02
1.152943817514445470e+02 1.348411342289421988e+01 1.322215390112687885e+02
1.141800441836287945e+02 1.294751078438071268e+01 1.338601255774881622e+02
1.131122595095328194e+02 1.243098138590768009e+01 1.354307217413402498e+02
1.120891384327623967e+02 1.193371193923636220e+01 1.369360874211897396e+02
1.111088690457102359e+02 1.145492246872516162e+01 1.383788694839837490e+02
1.101705325430087896e+02 1.099434961898106877e+01 1.397604688679973606e+02
1.092730738097209979e+02 1.055180070000830028e+01 1.410825431120129849e+02
1.084153831543747941e+02 1.012813084530846020e+01 1.423473055504497324e+02
1.075962770917479361e+02 9.723842405780457554e+00 1.435569346644594191e+02
1.068121462169479372e+02 9.337253922285507102e+00 1.447166463851431786e+02
1.060599607158682574e+02 8.966849507492419491e+00 1.458307726722875373e+02
1.053383212096841390e+02 8.611919320013109669e+00 1.469013100160203464e+02
1.046459808252093779e+02 8.271830547347434504e+00 1.479300371802917482e+02
1.039803542011176347e+02 7.945155751871419980e+00 1.489205911450893041e+02
1.033391577211338586e+02 7.630620930157221871e+00 1.498761785571053622e+02
1.027211718465414805e+02 7.327576855812655943e+00 1.507985257267767736e+02
1.021254814993889966e+02 7.035559693850400365e+00 1.516889383456531846e+02
1.015513298063430483e+02 6.754212975996845891e+00 1.525485084452138551e+02
1.009944822334107926e+02 6.481607192331340528e+00 1.533833745103759156e+02
1.004520316022437214e+02 6.216424252915669690e+00 1.541977537898836204e+02
9.992301407840147931e+01 5.958069155124706917e+00 1.549929742384175597e+02
9.940641776165799115e+01 5.705869580378593930e+00 1.557704088631502657e+02
9.890173868586204264e+01 5.459522532764647273e+00 1.565307556270044245e+02
9.840869585565891953e+01 5.218887762198387570e+00 1.572744164412164594e+02
9.792702371639774128e+01 4.983834850104514658e+00 1.580017720761853184e+02
9.745646283526065190e+01 4.754236415801171844e+00 1.587131945383397635e+02
9.699675971940382624e+01 4.529967995116879642e+00 1.594090473166503727e+02
9.654766672985577713e+01 4.310907998115655282e+00 1.600896855060918824e+02
9.610890713879359737e+01 4.096920746982628536e+00 1.607555059992833719e+02
9.567865345669235921e+01 3.887101683511057004e+00 1.614091260445244700e+02
9.525567871343935167e+01 3.680840614984995707e+00 1.620523015754234279e+02
9.483958486012453193e+01 3.478011310190162853e+00 1.626856341182312349e+02
9.443018174359693262e+01 3.278540732578860695e+00 1.633094053710613593e+02
9.402729025837081167e+01 3.082350931378872172e+00 1.639238765962983280e+02
9.363087738965046469e+01 2.889423054498677867e+00 1.645291295913266651e+02
9.324241270482065147e+01 2.700400036513829871e+00 1.651236592477335137e+02
9.286252222481235208e+01 2.515551090009883861e+00 1.657068575851766639e+02
9.249111583963239980e+01 2.334828221313220098e+00 1.662788690152434583e+02
9.212784480138347476e+01 2.158060129296324625e+00 1.668401442664088279e+02
9.177188040772432487e+01 1.984844533102696706e+00 1.673917771724375427e+02
9.142155754659077616e+01 1.814557725203651328e+00 1.679359416288786804e+02
9.107651795907045766e+01 1.647060735405004417e+00 1.684731076603020483e+02
9.073676909971152327e+01 1.482454524413076458e+00 1.690033085817176470e+02
9.040228004143610008e+01 1.320776391787081394e+00 1.695266095723637534e+02
9.007297316864062964e+01 1.161988178071552635e+00 1.700431150760236108e+02
8.974876940475371612e+01 1.006048138149886695e+00 1.705529302165982415e+02
8.942958820456915703e+01 8.529109126763010362e-01 1.710561607394334658e+02
8.911534806950795939e+01 7.025256290139845206e-01 1.715529019743417791e+02
8.880597953625687069e+01 5.548738600925047226e-01 1.720432968940237970e+02
8.850141376914014302e+01 4.099371965961879360e-01 1.725274876976093879e+02
8.820157622138914633e+01 2.676765928311351517e-01 1.730055788651624482e+02
8.790639153084279656e+01 1.280473624180088754e-01 1.734776625083710258e+02
8.761578668852868645e+01 -8.990982226530922286e-03 1.739438351463278707e+02
8.732967940279500851e+01 -1.434828923458075223e-01 1.744042031185160511e+02
8.704767780455196657e+01 -2.755996086078009166e-01 1.748592457802294859e+02
8.676960106820818908e+01 -4.054254514712423152e-01 1.753091868274862861e+02
8.649538667934675118e+01 -5.329958375613836896e-01 1.757541084312234716e+02
8.622471108939377871e+01 -6.584601547249369080e-01 1.761944522155463915e+02
