2.540000000000000000e+02 7.000000000000000000e+00 0.000000000000000000e+00
2.527444655102715103e+02 7.493388234204572562e+00 7.254329273192373639e-01
2.514554843210135857e+02 7.988898572264787390e+00 1.482115323553038211e+00
2.501321622104877633e+02 8.486439440672356227e+00 2.271050368002144548e+00
2.487737710207251780e+02 8.985838625165584403e+00 3.093146618704321948e+00
2.473795413295140975e+02 9.487081707095224914e+00 3.949191346896404387e+00
2.459486659860720010e+02 9.990195572786038980e+00 4.839968205659022082e+00
2.444794205278625441e+02 1.049440555339889158e+01 5.768100197346933022e+00
2.429661066737583894e+02 1.099756000074667206e+01 6.742425306726236300e+00
2.414016972141864699e+02 1.149853544294951924e+01 7.771662297480766313e+00
2.397819352517526568e+02 1.199800742002558707e+01 8.859614995661075909e+00
2.381041775910330784e+02 1.249637817438977905e+01 1.000867999365534544e+01
2.363664173973861011e+02 1.299367123772159616e+01 1.122093237967168022e+01
2.345667564644039658e+02 1.348981596221547008e+01 1.249841911455378352e+01
2.327032755067638732e+02 1.398471967654132087e+01 1.384322918730181229e+01
2.307739493772182300e+02 1.447831205804960142e+01 1.525754196674994212e+01
2.287776336858449611e+02 1.497095790318326713e+01 1.674220687836024624e+01
2.267199771167706785e+02 1.546436906683384649e+01 1.828819819841601912e+01
2.246050982945223495e+02 1.595870329925289433e+01 1.988925434540379555e+01
2.224336483322899483e+02 1.645451129348244024e+01 2.154428365169751203e+01
2.202041209644894195e+02 1.695198185677147507e+01 2.325457951063999573e+01
2.179202042789916618e+02 1.744947149392834618e+01 2.501823632067108250e+01
2.155882244532681682e+02 1.794455373224522177e+01 2.683158083370132729e+01
2.132092702495340575e+02 1.843654804584749130e+01 2.869425596579668891e+01
2.107825979904504266e+02 1.892537248387166215e+01 3.060707786654598905e+01
2.083074958406049006e+02 1.941092990109575922e+01 3.257084731823392332e+01
2.057832426900638438e+02 1.989312165905579732e+01 3.458637577724524448e+01
2.032091079775607341e+02 2.037184759558544656e+01 3.665448557965967780e+01
2.005843507422920027e+02 2.084700586240307985e+01 3.877601104285965050e+01
1.979082196218353431e+02 2.131849292475528301e+01 4.095179846794803780e+01
1.951799528521493130e+02 2.178620356141690451e+01 4.318270613974822680e+01
1.923987782675736469e+02 2.225003086469101277e+01 4.546960432680403130e+01
1.895639133008292561e+02 2.270986624040891755e+01 4.781337528137981963e+01
1.866745649264365170e+02 2.316559939803410728e+01 5.021491330541237375e+01
1.837299291933433381e+02 2.361711826981415285e+01 5.267512529433294333e+01
1.807291910929019139e+02 2.406430898894717174e+01 5.519493088962700966e+01
1.776714807535113323e+02 2.450707398128091796e+01 5.777528728557767579e+01
1.745618314789606131e+02 2.494287193066796249e+01 6.041381462692689297e+01
1.714280380224073497e+02 2.536163962610740086e+01 6.309332832781722544e+01
1.683119704850713276e+02 2.574093667427185395e+01 6.579507568544931928e+01
1.652337050895677635e+02 2.606185361782829801e+01 6.851837425857841879e+01
1.622046177093234576e+02 2.631069950917197175e+01 7.126593325498059528e+01
1.592454233284898919e+02 2.645554822971485365e+01 7.404964831895816246e+01
1.563625890747989899e+02 2.648741937771578847e+01 7.687226534293357361e+01
1.535565678631300557e+02 2.640856244484752224e+01 7.973108680504113011e+01
1.508241162099619430e+02 2.622697264213373103e+01 8.262125256564061715e+01
1.481432833928216155e+02 2.598272893854428744e+01 8.552391756132685430e+01
1.455144941481439105e+02 2.568092854504137534e+01 8.843353638014855278e+01
1.430091179873993212e+02 2.527561504383709590e+01 9.132656917598109203e+01
1.406564228999566240e+02 2.475372087244395658e+01 9.418751478324999482e+01
1.384464215883263023e+02 2.413848261795109451e+01 9.700261402456393967e+01
1.363749776905371789e+02 2.343619576138857141e+01 9.976957315005989813e+01
1.344387060544892449e+02 2.265097174853954343e+01 1.024875815118497684e+02
1.326130996754367288e+02 2.181524946456937641e+01 1.051478167762937801e+02
1.308389872147087374e+02 2.099358656082169006e+01 1.077418020103901313e+02
1.291210635584303077e+02 2.019611145670199548e+01 1.102539777133875418e+02
1.274598777362800774e+02 1.942308709332174388e+01 1.126835522642674334e+02
1.258535971643130154e+02 1.867372483100454872e+01 1.150331940756242233e+02
1.243004481863837327e+02 1.794726138839715901e+01 1.173054857553410812e+02
1.227987147333517299e+02 1.724295826548642907e+01 1.195029260589180495e+02
1.213481385216134925e+02 1.656054468807239388e+01 1.216258234446724487e+02
1.199512476860170835e+02 1.590062865108108348e+01 1.236702933676571803e+02
1.186066862305710004e+02 1.526257839719949239e+01 1.256382898576481040e+02
1.173143930175799596e+02 1.464660111225262362e+01 1.275300008604067727e+02
1.160775103994224793e+02 1.405465404863988432e+01 1.293411071191324595e+02
1.148934893881779544e+02 1.348569285710429533e+01 1.310753424775810458e+02
1.137601270511310361e+02 1.293877155714807259e+01 1.327359154732408513e+02
1.126753133052729225e+02 1.241297340193147214e+01 1.343258949026204050e+02
1.116370256772886620e+02 1.190741970657337490e+01 1.358482221467766919e+02
1.106433258126875501e+02 1.142126833154560472e+01 1.373057162482745923e+02
1.096928062953070651e+02 1.095385256671497487e+01 1.387004006761680444e+02
1.087853451799557831e+02 1.050585922376133396e+01 1.400327662037144023e+02
1.079195233228155359e+02 1.007817285129084439e+01 1.413055127254929744e+02
1.070938714151208870e+02 9.670832669330508224e+00 1.425210641926441042e+02
1.063058464792950275e+02 9.282736187060210753e+00 1.436831199690738003e+02
1.055519249770118790e+02 8.912139800806682999e+00 1.447967143667612788e+02
1.048295515897565195e+02 8.557728135685362503e+00 1.458654767780898851e+02
1.041370623609647197e+02 8.218646285699481524e+00 1.468917712597238676e+02
1.034734780579459823e+02 7.894396465173270094e+00 1.478769913062357375e+02
1.028361626234828208e+02 7.583500653798948221e+00 1.488248296865428131e+02
1.022225632384202925e+02 7.284493765141053956e+00 1.497388482708136905e+02
1.016317843171613049e+02 6.996921047166007490e+00 1.506203217368658045e+02
1.010631512923425390e+02 6.720435050704852920e+00 1.514702081035363221e+02
1.005140908329332348e+02 6.453822729334278030e+00 1.522922096279289121e+02
9.998041331158964340e+01 6.195146854632985089e+00 1.530923699195258223e+02
9.946064671975081239e+01 5.943696726980172151e+00 1.538727996397164475e+02
9.895355761797486593e+01 5.698634449420564074e+00 1.546351646862717075e+02
9.845848541975516355e+01 5.459541281340894336e+00 1.553803699680676971e+02
9.797513138910588282e+01 5.226264940452450602e+00 1.561088404217706227e+02
9.750321892137188229e+01 4.998667955042198408e+00 1.568209709984703295e+02
9.704248707447976585e+01 4.776618023232144239e+00 1.575171331777414991e+02
9.659258676293865165e+01 4.559969653382157873e+00 1.581978372664958670e+02
9.615294552316183285e+01 4.348541778620440112e+00 1.588639444853899647e+02
9.572323787553239072e+01 4.142202171917855225e+00 1.595159320848808022e+02
9.530278715735609296e+01 3.940587176829777327e+00 1.601547546504034756e+02
9.488933718487562885e+01 3.742539899714653728e+00 1.607836186105894569e+02
9.448273324082204283e+01 3.547981331689644247e+00 1.614027439831425852e+02
9.408285101023044206e+01 3.356848095603203408e+00 1.620123075968107003e+02
9.368957884196490227e+01 3.169083318062908106e+00 1.626124682871571849e+02
9.330280691821425876e+01 2.984631059545046483e+00 1.632033822816470376e+02
9.292242654567738214e+01 2.803436082683660846e+00 1.637852042628102538e+02
9.254828726658078608e+01 2.625430093958926570e+00 1.643581518092396152e+02
9.218023004043226365e+01 2.450542536486608913e+00 1.649224556026632627e+02
9.181817249811582826e+01 2.278763451333532863e+00 1.654783131567780003e+02
9.146199295447357258e+01 2.110126398661930747e+00 1.660262108899591169e+02
9.111143213888985315e+01 1.944504403723041230e+00 1.665666361453027662e+02
9.076628111819270828e+01 1.781786416068255052e+00 1.670999254220293153e+02
9.042639345562565723e+01 1.621894041419968957e+00 1.676262647747741141e+02
9.009175896320979859e+01 1.464909554125654711e+00 1.681456908376247270e+02
8.976234467245380699e+01 1.310867074089788753e+00 1.686582750569041309e+02
8.943807739595295914e+01 1.159736429444021333e+00 1.691641184544932628e+02
8.911887686987499535e+01 1.011474887003702472e+00 1.696633276603159857e+02
8.880465837552945629e+01 8.660310893768109475e-01 1.701560119217680551e+02
8.849534659735164155e+01 7.233748709455826154e-01 1.706423004685851765e+02
8.819087015798987750e+01 5.834873603935949449e-01 1.711223416788825773e+02
8.789115695169702747e+01 4.463311691803590331e-01 1.715962408134274426e+02
8.759599853724233753e+01 3.118077854275813632e-01 1.720642549506617058e+02
8.730497897965686604e+01 1.797337362507732406e-01 1.725268901059430391e+02
8.701802344979363113e+01 5.006773958858656837e-02 1.729842426507026119e+02
8.673508570769355686e+01 -7.722075966011142378e-02 1.734363765083585065e+02
8.645617451684168486e+01 -2.021568734551736357e-01 1.738832936250159094e+02
8.618118763802644366e+01 -3.248157043047401604e-01 1.743251462052683678e+02
8.590962526971570412e+01 -4.454260238585778242e-01 1.747626163437197988e+02
8.564122985733639837e+01 -5.641368174566929738e-01 1.751960479127767769e+02
