2.540000000000000000e+02 7.000000000000000000e+00 0.000000000000000000e+00
2.527342248245659562e+02 7.519457877060871986e+00 7.367057105213511425e-01
2.514339993649473115e+02 8.041548973698425584e+00 1.505864558886713445e+00
2.500982035289882504e+02 8.566293967827558475e+00 2.308625967003051116e+00
2.487260264845629933e+02 9.093732723883910296e+00 3.145779951497635452e+00
2.473166391673672138e+02 9.623905961441630907e+00 4.018134341178141611e+00
2.458691939236873623e+02 1.015685527189481974e+01 4.926515126115184273e+00
2.443828091493382715e+02 1.069262231188559475e+01 5.871786978409952340e+00
2.428523073767611891e+02 1.122918210483940982e+01 6.862185483117095863e+00
2.412690754551674388e+02 1.176575167165223057e+01 7.908207145738935573e+00
2.396275221528274528e+02 1.230242101360802742e+01 9.015718621504584362e+00
2.379256182206114829e+02 1.283884895829376127e+01 1.018726478463578111e+01
2.361614536489360887e+02 1.337484319559299450e+01 1.142507260171626982e+01
2.343330432574422275e+02 1.391027314589811859e+01 1.273138581190671736e+01
2.324383223620795320e+02 1.444508282421286260e+01 1.410845634526099168e+01
2.304753004117235946e+02 1.497929277138961091e+01 1.555838338559211920e+01
2.284472710756518552e+02 1.551470954196119578e+01 1.707519873719603964e+01
2.263603911460522227e+02 1.605194015908940486e+01 1.864914969490368790e+01
2.242161204660833391e+02 1.659162747741418897e+01 2.027798058900543765e+01
2.220133445006282216e+02 1.713384458280566136e+01 2.196274223419702665e+01
2.197520994868847026e+02 1.767815499938829404e+01 2.370384897909141841e+01
2.174421592640960625e+02 1.822085798033793225e+01 2.549533574854369533e+01
2.150843231387171954e+02 1.876134996952025347e+01 2.733702538463796827e+01
2.126778573870209073e+02 1.929954558282177501e+01 2.922974065016271794e+01
2.102220186072320018e+02 1.983535807620214797e+01 3.117431540410120050e+01
2.077160525569396441e+02 2.036869917054722023e+01 3.317159594686515334e+01
2.051591941156605117e+02 2.089947904603096518e+01 3.522244106361074500e+01
2.025506672848390792e+02 2.142760634211552784e+01 3.732772202423851127e+01
1.998896851878472773e+02 2.195298815755120003e+01 3.948832258339344037e+01
1.971754500699848904e+02 2.247553005037642038e+01 4.170513898046490908e+01
1.944071531889729556e+02 2.299513602108747889e+01 4.397908006664427205e+01
1.915839743320325965e+02 2.351170843937169863e+01 4.631106786424768984e+01
1.887050817308867181e+02 2.402514803192749326e+01 4.870203766442100601e+01
1.857696319722887210e+02 2.453535386862964529e+01 5.115293813103030374e+01
1.827767698197529853e+02 2.504222333552604951e+01 5.366473150709745710e+01
1.797255908654083498e+02 2.554566824609013409e+01 5.623841499655240739e+01
1.766174668464053639e+02 2.604460779370291590e+01 5.887369351482911384e+01
1.734707535561219913e+02 2.653148184389724307e+01 6.155970189702385653e+01
1.703266441742898110e+02 2.698941572261893640e+01 6.427183884516034595e+01
1.672146480047292414e+02 2.739280769231542223e+01 6.700584070272144288e+01
1.641440819168859377e+02 2.773261536781242853e+01 6.976142128692586653e+01
1.611339633341139859e+02 2.798103675157122439e+01 7.254725265304055881e+01
1.582011242010690637e+02 2.811198168074914250e+01 7.537251901668908260e+01
1.553467025862297248e+02 2.812657598315220042e+01 7.823498772489047326e+01
1.525707096059917376e+02 2.802782922168891488e+01 8.113167172553994533e+01
1.498538029637263662e+02 2.785101467632880556e+01 8.404686444130737755e+01
1.471866016396239729e+02 2.761553790626969729e+01 8.697066089528281907e+01
1.445797100017313142e+02 2.731519567032809803e+01 8.989865586902105576e+01
1.421127845121963276e+02 2.689661081007660925e+01 9.280445681314471074e+01
1.397962064985443362e+02 2.636647428635646762e+01 9.567097166563695509e+01
1.376217330645661150e+02 2.574241278614799810e+01 9.848883079337626612e+01
1.355862037774114413e+02 2.502816176529546155e+01 1.012574961799304134e+02
1.336842831684685109e+02 2.423275959189297879e+01 1.039733177180003310e+02
1.318781858464208767e+02 2.340312734146962370e+01 1.066267269111866511e+02
1.301185860957535851e+02 2.259151072932570159e+01 1.092136581133800775e+02
1.284143088156803287e+02 2.180346491377965989e+01 1.117194800070615344e+02
1.267664111603022974e+02 2.103947395996531355e+01 1.141426566170407852e+02
1.251730709653814557e+02 2.029876168816176119e+01 1.164858595360314979e+02
1.236321304782211428e+02 1.958045886025329452e+01 1.187522734898016665e+02
1.221458014236461906e+02 1.888501631202648667e+01 1.209384478998749728e+02
1.207151204003175167e+02 1.821252343163084575e+01 1.230427139658821147e+02
1.193378064039271180e+02 1.756207483441151851e+01 1.250684440390958230e+02
1.180116835240575313e+02 1.693283453640940550e+01 1.270188668067983571e+02
1.167358920674735856e+02 1.632457279551646678e+01 1.288953004460418015e+02
1.155126674137947305e+02 1.573866683219783802e+01 1.306946473191423479e+02
1.143418669022568395e+02 1.517525638363893492e+01 1.324172014094894791e+02
1.132214415334077273e+02 1.463347759410451943e+01 1.340659706728147000e+02
1.121490835614470711e+02 1.411232188398301624e+01 1.356443278323178845e+02
1.111228428626967712e+02 1.361095884940415957e+01 1.371551322096934484e+02
1.101407978014009501e+02 1.312856508349187834e+01 1.386011991851902962e+02
1.092011212827756736e+02 1.266435543558895382e+01 1.399852046740323033e+02
1.083020759025204427e+02 1.221780044740303772e+01 1.413097850932695394e+02
1.074427275068269552e+02 1.178868452940884559e+01 1.425763871957302342e+02
1.066216584048448226e+02 1.137791259457554105e+01 1.437877278120012932e+02
1.058370933399308598e+02 1.098587049477153421e+01 1.449468928779644159e+02
1.050867894631111454e+02 1.061129133593850504e+01 1.460570389995148730e+02
1.043682061276265500e+02 1.025287737814180034e+01 1.471218000161045154e+02
1.036798423370490383e+02 9.909860861231269524e+00 1.481433223245152817e+02
1.030203232018913866e+02 9.581543996036558042e+00 1.491235743037550208e+02
1.023873565135509551e+02 9.266664802990529637e+00 1.500657959023641297e+02
1.017786742880400368e+02 8.963930792164164885e+00 1.509731742797781919e+02
1.011927582735905133e+02 8.672507163650715611e+00 1.518478558816912596e+02
1.006288098114834355e+02 8.391998952986401861e+00 1.526909885070047324e+02
1.000839548395123302e+02 8.121070130373574614e+00 1.535067387191935495e+02
9.955399308976899420e+01 7.857773901153802143e+00 1.543011981233032657e+02
9.903805039829701684e+01 7.601703766505955251e+00 1.550756339476539836e+02
9.853504247685887663e+01 7.352139712387804948e+00 1.558315267354584535e+02
9.804412543896575016e+01 7.108528026647515041e+00 1.565700315923336348e+02
9.756495228618514659e+01 6.870682109489955280e+00 1.572916408657761167e+02
9.709724802148670619e+01 6.638467391461213118e+00 1.579967503733025467e+02
9.664074231712176299e+01 6.411751116175572029e+00 1.586857490120907244e+02
9.619517127492962061e+01 6.190403684784925531e+00 1.593590164296251430e+02
9.576027717922147531e+01 5.974298534620037238e+00 1.600169233792052239e+02
9.533580837470645974e+01 5.763312079241284636e+00 1.606598318955604441e+02
9.492151916938952638e+01 5.557323660752506278e+00 1.612880954345432372e+02
9.451665916947729329e+01 5.355962373417747280e+00 1.619027925111181219e+02
9.411915457669486784e+01 5.158201304805640319e+00 1.625069010162601444e+02
9.372897775291912126e+01 4.964008449058288086e+00 1.631006012271727457e+02
9.334848714822751958e+01 4.774422785171494432e+00 1.636814686746382961e+02
9.297760598086004791e+01 4.589402881680029189e+00 1.642496491826723570e+02
9.261510929545548265e+01 4.408485867392822222e+00 1.648067460619383269e+02
9.225985304605147519e+01 4.231240916031366872e+00 1.653542539386599231e+02
9.191153077676874261e+01 4.057537742350632470e+00 1.658925754757429729e+02
9.156995715508247713e+01 3.887289964375462592e+00 1.664219553623117349e+02
9.123495506957831935e+01 3.720423097369297327e+00 1.669426154126154245e+02
9.090585524375774185e+01 3.556685413383581906e+00 1.674553978541052004e+02
9.058215637683555599e+01 3.395835382687598436e+00 1.679609778969092133e+02
9.026353606179249311e+01 3.237708649771102731e+00 1.684597925429002316e+02
8.994982478224623890e+01 3.082213509663253692e+00 1.689520690782693180e+02
8.964101258962509178e+01 2.929388076411399311e+00 1.694378396702240934e+02
8.933710133114698237e+01 2.779328870295932230e+00 1.699171433441494798e+02
8.903801423567648499e+01 2.631995099774560476e+00 1.703900828413958664e+02
8.874367437012411131e+01 2.487343374799372508e+00 1.708567600246502138e+02
8.845400601765285842e+01 2.345330991306183943e+00 1.713172751463280576e+02
8.816893561959078340e+01 2.205919136472175079e+00 1.717717324489878763e+02
8.788839744335416526e+01 2.069092476067186048e+00 1.722202746378929419e+02
8.761232298345517222e+01 1.934823450304294701e+00 1.726630207965996817e+02
8.734066211814258907e+01 1.803067348976969075e+00 1.731000410885098404e+02
8.707330392007062869e+01 1.673741702253520147e+00 1.735314855102308513e+02
8.680986104605248954e+01 1.546670152785962538e+00 1.739578488459485470e+02
8.654980061160695470e+01 1.421612764124545736e+00 1.743798500822295239e+02
8.629303223547717039e+01 1.298522736133078892e+00 1.747976114381042976e+02
8.603951285713951336e+01 1.177374483557224183e+00 1.752111888000192153e+02
8.578919982477658834e+01 1.058142670879416380e+00 1.756206375277846803e+02
