2.540000000000000000e+02 7.000000000000000000e+00 0.000000000000000000e+00
2.529144463035061676e+02 7.471503562401520249e+00 5.698669640836916406e-01
2.518096768053750054e+02 7.943315252717741082e+00 1.158201315112745489e+00
2.506845636500052592e+02 8.415597413216415745e+00 1.765925549252568505e+00
2.495326604912887944e+02 8.889555787569296541e+00 2.398001685618807333e+00
2.483523156385055586e+02 9.365429892458644545e+00 3.055778703635265270e+00
2.471424464213876888e+02 9.843201105958934605e+00 3.740368345793323002e+00
2.459006548739360198e+02 1.032275180380957202e+01 4.454357965008658660e+00
2.446259033909665277e+02 1.080407462073143066e+01 5.198795564995475793e+00
2.433175060551158140e+02 1.128719145717114536e+01 5.974329941992269966e+00
2.419747235857914518e+02 1.177212157955977467e+01 6.781667475590499983e+00
2.405968054985040681e+02 1.225888500528401615e+01 7.621524475948588950e+00
2.391825283816961019e+02 1.274715452496725021e+01 8.495489564172315156e+00
2.377262193475579011e+02 1.323442741534102041e+01 9.412552892232397994e+00
2.362237347222430799e+02 1.371947125389546862e+01 1.037843861015798730e+01
2.346688786414504193e+02 1.420248880801924862e+01 1.139925458961669769e+01
2.330584583938191088e+02 1.468404337919928793e+01 1.247777202287348253e+01
2.313907536078657756e+02 1.516409480490272976e+01 1.361578076501200663e+01
2.296639981510723771e+02 1.564252250553849422e+01 1.481519986621016294e+01
2.278764115091535416e+02 1.611902633972360377e+01 1.607814555003619006e+01
2.260261286650971044e+02 1.659345570642498657e+01 1.740666816500121783e+01
2.241135169211628977e+02 1.706555906552018342e+01 1.879959770509419670e+01
2.221425562066901307e+02 1.753543689736752498e+01 2.025065532993337314e+01
2.201166414381288519e+02 1.800531141943557856e+01 2.175421194203749309e+01
2.180373962240497008e+02 1.847616321747456070e+01 2.330785685994242229e+01
2.159041502884560941e+02 1.894814657013239767e+01 2.491210928783537426e+01
2.137222412018080320e+02 1.941920562208791878e+01 2.656393836394880736e+01
2.114969744071750313e+02 1.988735565793952631e+01 2.826027217768040956e+01
2.092283672001870229e+02 2.035230567168287052e+01 3.000138976864723261e+01
2.069160624882219679e+02 2.081388260918642175e+01 3.178780941197647536e+01
2.045593445667501840e+02 2.127202615182579137e+01 3.362027878697969641e+01
2.021575283984506655e+02 2.172666073047086144e+01 3.549953165346887118e+01
1.997100140006107836e+02 2.217767913251075385e+01 3.742625234788836508e+01
1.972161638665455428e+02 2.262498249561659946e+01 3.940115271449029422e+01
1.946753323951819823e+02 2.306847045030210452e+01 4.142495389420947305e+01
1.920868658829432434e+02 2.350804111827283549e+01 4.349838633412753097e+01
1.894501024170456560e+02 2.394359109089326054e+01 4.562218991173391203e+01
1.867643717168049022e+02 2.437501539740752321e+01 4.779711411947943844e+01
1.840289950577239608e+02 2.480220748966166155e+01 5.002391815313542622e+01
1.812432851766878059e+02 2.522505922302299552e+01 5.230337102214839007e+01
1.784065461554881722e+02 2.564346083295592749e+01 5.463625168519477882e+01
1.755182491297203740e+02 2.605722689344334242e+01 5.702325286237912394e+01
1.725864836814392618e+02 2.646258909266021320e+01 5.946030167964908486e+01
1.696406170593305944e+02 2.684955469270999373e+01 6.192896427216555111e+01
1.667129538828421289e+02 2.719980333972493725e+01 6.441593635795271666e+01
1.638220662481733996e+02 2.749529386634926809e+01 6.692104454533131275e+01
1.609727016526045418e+02 2.773174283777883531e+01 6.944395741829980295e+01
1.581826442145437852e+02 2.788369819293594887e+01 7.199259292788232756e+01
1.554665376252840474e+02 2.792839260040844707e+01 7.457524925495842183e+01
1.528254993857686657e+02 2.786652849552005407e+01 7.719019451578864732e+01
1.502598258353034453e+02 2.770039685172439903e+01 7.983491615386537887e+01
1.477701543240891056e+02 2.743662849653892266e+01 8.250231479776786614e+01
1.453325282097429181e+02 2.711426209136156729e+01 8.517717376194948997e+01
1.429442374319572195e+02 2.673933535666949979e+01 8.785619502098856515e+01
1.406648236789580722e+02 2.627249639673360448e+01 9.052095831506584034e+01
1.385304781337621591e+02 2.569302149584986594e+01 9.315713596626132187e+01
1.365309419522885435e+02 2.502405363758101231e+01 9.575178587564276711e+01
1.346610853731085626e+02 2.427444731576366621e+01 9.830113386702379330e+01
1.329048440429481559e+02 2.346095630974144086e+01 1.008033437615443120e+02
1.311972051837088316e+02 2.265421680006184602e+01 1.032499076316376403e+02
1.295326316038030257e+02 2.186622319144874993e+01 1.056349423693782370e+02
1.279152320767282163e+02 2.109883564532127309e+01 1.079526061596232012e+02
1.263516750033409437e+02 2.035507034361879519e+01 1.101934168184334339e+02
1.248402969727890479e+02 1.963419187232401697e+01 1.123597464064902169e+02
1.233815135026250260e+02 1.893610908618695632e+01 1.144508928397191738e+02
1.219767678713407690e+02 1.826104013345736021e+01 1.164646305950578125e+02
1.206250516114573514e+02 1.760845570693557605e+01 1.184023645082660181e+02
1.193237950877378353e+02 1.697736157439443261e+01 1.202678154668655850e+02
1.180711523308717545e+02 1.636698543198379951e+01 1.220636333298092779e+02
1.168654140967389168e+02 1.577660584199702143e+01 1.237922691639301718e+02
1.157100777550320601e+02 1.520824698151455046e+01 1.254489261376811839e+02
1.146045998090952338e+02 1.466181360608265827e+01 1.270344370985205700e+02
1.135468417756834327e+02 1.413636266013575948e+01 1.285518525249282789e+02
1.125348035631681682e+02 1.363101641474677628e+01 1.300040271967619958e+02
1.115665695743153805e+02 1.314493421942535356e+01 1.313936952923783679e+02
1.106403179505676491e+02 1.267731639369958785e+01 1.327234571281918249e+02
1.097534408881131327e+02 1.222702806821366828e+01 1.339970386931545931e+02
1.089037678428600771e+02 1.179316676110835438e+01 1.352175580061424682e+02
1.080907183163485428e+02 1.137583260862488643e+01 1.363859850728100582e+02
1.073131869576466784e+02 1.097601560221654182e+01 1.375044855038622131e+02
1.065703506454605360e+02 1.059425871903505900e+01 1.385745945460998598e+02
1.058598216570360790e+02 1.022931823519840755e+01 1.395996421810693562e+02
1.051794399489415071e+02 9.880056094742613482e+00 1.405826357106534488e+02
1.045279152160678393e+02 9.545800811945824194e+00 1.415253748725808691e+02
1.039038323407460354e+02 9.225802217681312811e+00 1.424298280227860971e+02
1.033051504303520574e+02 8.918936108336700030e+00 1.432988170767677332e+02
1.027301791307432239e+02 8.624249044315776658e+00 1.441346703664892743e+02
1.021769441852467679e+02 8.340586460770458288e+00 1.449400909400115722e+02
1.016445426854940166e+02 8.067499050679382222e+00 1.457163463882507983e+02
1.011303342748042837e+02 7.803714359763193720e+00 1.464671600204281958e+02
1.006304636160773640e+02 7.547412700628162163e+00 1.471979837189074942e+02
1.001439464751430677e+02 7.298125476460323391e+00 1.479102076892758646e+02
9.967026605492412727e+01 7.055543360866773916e+00 1.486045366736424853e+02
9.920824956362359615e+01 6.818854472282629864e+00 1.492825261684951101e+02
9.875735317538706681e+01 6.587717178388883710e+00 1.499449113462415824e+02
9.831740202560480668e+01 6.362066747172554493e+00 1.505919465807797337e+02
9.788812024591484828e+01 6.141760973019609438e+00 1.512240171991157069e+02
9.746924079547814301e+01 5.926670947493396291e+00 1.518414996843357017e+02
9.706052982871979395e+01 5.716674609015671926e+00 1.524447200618834017e+02
9.666182654914230454e+01 5.511662035383814384e+00 1.530338921538486829e+02
9.627271854041724453e+01 5.311490251104403093e+00 1.536096197622075579e+02
9.589269818347219143e+01 5.116014556609989050e+00 1.541726585388646242e+02
9.552058059969797910e+01 4.924840050509954992e+00 1.547247495414786727e+02
9.515552038966463044e+01 4.737696297164006864e+00 1.552671395107207104e+02
9.479661795989353834e+01 4.554075851277298526e+00 1.558010675541772798e+02
9.444268764012356598e+01 4.373301136814760071e+00 1.563281633326386384e+02
9.409359288043020797e+01 4.195292367489682483e+00 1.568486138307411863e+02
9.374925774534433742e+01 4.020006229712385526e+00 1.573625234514458953e+02
9.340961584732963274e+01 3.847404811710899430e+00 1.578699834526857160e+02
9.307460173043435248e+01 3.677450733718131026e+00 1.583710838118166180e+02
9.274415084677333709e+01 3.510107134542041152e+00 1.588659132579476250e+02
9.241815858067174361e+01 3.345319519535926212e+00 1.593546021869075275e+02
9.209684303904431601e+01 3.183176546005178853e+00 1.598369425178254062e+02
9.178083242318849955e+01 3.023948006529395549e+00 1.603122980428802009e+02
9.147022394240484289e+01 2.867649972381649093e+00 1.607805872803766363e+02
9.116476200131221219e+01 2.714195141033959313e+00 1.612422089617034260e+02
9.086420751329892198e+01 2.563502607234837249e+00 1.616975059289622720e+02
9.056850396299770978e+01 2.415532185972662838e+00 1.621465452468189596e+02
9.027756899190465845e+01 2.270239130347388112e+00 1.625894343734887570e+02
8.999132575854756055e+01 2.127580333898981380e+00 1.630262726735989531e+02
8.970969865536193311e+01 1.987513382372433801e+00 1.634571579162477235e+02
8.943261330147471710e+01 1.849996549669822299e+00 1.638821862843375925e+02
8.915992649365470868e+01 1.714956395680118817e+00 1.643015429140238552e+02
8.889117385890901346e+01 1.582171348042267889e+00 1.647158280614517309e+02
