2.540000000000000000e+02 7.000000000000000000e+00 0.000000000000000000e+00
2.527908554954021838e+02 7.508876299952699007e+00 7.097994560638866135e-01
2.515557403173036732e+02 8.019421283550013158e+00 1.444875748264413895e+00
2.502876497774155951e+02 8.532755150922067600e+00 2.211330573877532402e+00
2.489838624713273987e+02 9.048813061526265855e+00 3.012176620980214103e+00
2.476434822705675174e+02 9.567460590740788362e+00 3.848504650365458524e+00
2.462656456098775664e+02 1.008873752119949785e+01 4.721176379149893521e+00
2.448494698821740485e+02 1.061268489650380964e+01 5.631072991306576014e+00
2.433934289875710988e+02 1.113889126162122167e+01 6.580310783857698631e+00
2.418914353666162071e+02 1.166490090434405147e+01 7.578857481458261880e+00
2.403368055195265640e+02 1.218987069770975040e+01 8.635100131217294361e+00
2.387237101296011019e+02 1.271424736762330632e+01 9.755073437536069036e+00
2.370493750980413097e+02 1.323834910658941233e+01 1.094153546550791489e+01
2.353117405048661510e+02 1.376212414478728085e+01 1.219677929586388920e+01
2.335086830677024636e+02 1.428552044449233449e+01 1.352316678428223540e+01
2.316380085998923448e+02 1.480848414700016846e+01 1.492313876920974103e+01
2.296974497082719040e+02 1.533095951333739393e+01 1.639921763659629761e+01
2.276865972176024968e+02 1.585365778418324645e+01 1.795096564530195948e+01
2.256132792197272465e+02 1.637835870902309310e+01 1.956543307757365113e+01
2.234803351734793466e+02 1.690572889608556295e+01 2.123810747160535328e+01
2.212874387060962817e+02 1.743613985860700666e+01 2.296900334997373605e+01
2.190341226908259387e+02 1.796929918188988751e+01 2.475890417196456639e+01
2.167289978893539342e+02 1.850195361897376145e+01 2.660239992523333896e+01
2.143755147667103529e+02 1.903262179978369062e+01 2.849750937543576867e+01
2.119726881734322887e+02 1.956129689500374624e+01 3.044524934852077891e+01
2.095197596883142808e+02 2.008789075127056023e+01 3.244648967381444749e+01
2.070159374270819796e+02 2.061232153043316018e+01 3.450212784935124688e+01
2.044604181495355419e+02 2.113450599750773762e+01 3.661307448046382973e+01
2.018523863437152954e+02 2.165435940166778650e+01 3.878025434360761636e+01
1.991910142259014549e+02 2.217179547624409253e+01 4.100460638636073440e+01
1.964754617406142643e+02 2.268672643872476158e+01 4.328708372742409694e+01
1.937048765606139114e+02 2.319906299075519129e+01 4.562865365662133854e+01
1.908783940856379218e+02 2.370871431797041140e+01 4.803029763636884297e+01
1.879951371642387983e+02 2.421558805336568909e+01 5.049301162530078813e+01
1.850542155904405206e+02 2.471959021189293892e+01 5.301780666294093436e+01
1.820547260724100909e+02 2.522062518661185493e+01 5.560570890585789527e+01
1.789958034459266969e+02 2.571857338080309674e+01 5.825772976171425199e+01
1.758858968648857797e+02 2.620942976426291438e+01 6.096926322478574889e+01
1.727643802229027585e+02 2.667909075397361462e+01 6.371418940489484584e+01
1.696618114304165204e+02 2.710754033424517218e+01 6.648121003465840317e+01
1.665987729617408206e+02 2.747478205848882027e+01 6.926944628695365225e+01
1.635858205020079197e+02 2.776815545736031154e+01 7.208094740016164792e+01
1.606474714076617261e+02 2.795064737188526749e+01 7.492810950308917484e+01
1.577908940898888090e+02 2.801257046175003751e+01 7.781345466607091055e+01
1.550164111160679568e+02 2.795649331910522051e+01 8.073407155299460669e+01
1.523142122111070478e+02 2.780026815718690258e+01 8.368196679964533757e+01
1.496629254063216194e+02 2.758220107961619405e+01 8.664028672200753078e+01
1.470627045240034363e+02 2.730474160809547612e+01 8.960640186336054569e+01
1.445268940769883557e+02 2.695972842262159475e+01 9.257494630004403291e+01
1.421375308840729019e+02 2.649362039338286934e+01 9.551628895453795565e+01
1.398975545154981148e+02 2.592335089519999514e+01 9.841017960790628649e+01
1.378015875505630845e+02 2.525801374444457892e+01 1.012529042328849584e+02
1.358461819705671019e+02 2.450174920134171330e+01 1.040438183854690379e+02
1.340097357104290552e+02 2.368500650049136880e+01 1.067732223614679725e+02
1.322269188860844054e+02 2.287946511950200446e+01 1.094339954533558625e+02
1.304915450032587501e+02 2.209365057454905212e+01 1.120241732172310236e+02
1.288121148673620269e+02 2.133123732769951530e+01 1.145311622582155735e+02
1.271892645922310123e+02 2.059252200627891938e+01 1.169540288692400196e+02
1.256210104012325957e+02 1.987667167866327489e+01 1.192957216943989636e+02
1.241071952210914162e+02 1.918342945124417653e+01 1.215563979382769162e+02
1.226486427057281077e+02 1.851282191148857592e+01 1.237347058284811965e+02
1.212449745504898715e+02 1.786451999417831260e+01 1.258311396780784293e+02
1.198948931701682028e+02 1.723793177892095585e+01 1.278476093776062044e+02
1.185961816989989188e+02 1.663220249014979046e+01 1.297874403950729061e+02
1.173471871212097852e+02 1.604684067524994973e+01 1.316531706611609422e+02
1.161516351852821174e+02 1.548401691335383745e+01 1.334395044448676231e+02
1.150081321808515611e+02 1.494323563199104932e+01 1.351485491186945467e+02
1.139144103951774269e+02 1.442353109947366008e+01 1.367836699380169989e+02
1.128683631192695884e+02 1.392401283707486570e+01 1.383479959019634578e+02
1.118679729814697339e+02 1.344382811419016654e+01 1.398445233155425740e+02
1.109111135365004657e+02 1.298207877757141659e+01 1.412764107580023563e+02
1.099944048024338770e+02 1.253729444231049328e+01 1.426486617031761739e+02
1.091183404555836631e+02 1.211100690382779632e+01 1.439610713944203439e+02
1.082819489985976418e+02 1.170482079344854398e+01 1.452158876857007499e+02
1.074830934462595877e+02 1.131786210576271756e+01 1.464162962352556576e+02
1.067197906025023855e+02 1.094910593409107591e+01 1.475651680488052762e+02
1.059893926920684919e+02 1.059716583420156155e+01 1.486663289969606012e+02
1.052898576990190804e+02 1.026098003077752097e+01 1.497227326524324553e+02
1.046198885217840342e+02 9.939885780270612869e+00 1.507362598178179667e+02
1.039776100888926749e+02 9.632874110056434347e+00 1.517096090161211350e+02
1.033607707697275941e+02 9.338692603775164969e+00 1.526460043948653436e+02
1.027662904948054035e+02 9.056083771882940781e+00 1.535500383818284718e+02
1.021929637490644041e+02 8.784582225405037192e+00 1.544235191146728994e+02
1.016388114433706136e+02 8.523166911735836848e+00 1.552693123452943382e+02
1.010997680708496063e+02 8.269719812537401182e+00 1.560932967869145500e+02
1.005738777263740218e+02 8.023153550908327603e+00 1.568982733521182240e+02
1.000600657223773737e+02 7.782835671180756698e+00 1.576857670497896322e+02
9.955795596564018979e+01 7.548516744257555366e+00 1.584563003431125026e+02
9.906726251608397149e+01 7.320053942820345938e+00 1.592102891530432487e+02
9.858772075736658280e+01 7.097312010395247839e+00 1.599481171532369217e+02
9.811907347128534695e+01 6.880159123950599920e+00 1.606701571515862099e+02
9.766106937023697299e+01 6.668466499875859377e+00 1.613767733602775536e+02
9.721346305003227428e+01 6.462108369800189323e+00 1.620683214641784957e+02
9.677601479928760853e+01 6.260961882904712006e+00 1.627451488971049969e+02
9.634849033009895436e+01 6.064906967894149403e+00 1.634075952321763339e+02
9.593028722776671202e+01 5.873615745787728493e+00 1.640565259528598858e+02
9.551949541956545886e+01 5.686083900300473282e+00 1.646946993369592462e+02
9.511535160472183748e+01 5.502015912890255045e+00 1.653232599121525084e+02
9.471733928285100035e+01 5.321233885527203000e+00 1.659429909574281510e+02
9.432504735991992106e+01 5.143593897602477760e+00 1.665545149720842630e+02
9.393817014824726641e+01 4.968986005928273109e+00 1.671582936757283164e+02
9.355650736650353849e+01 4.797334244737821329e+00 1.677546280082773364e+02
9.317995867544048849e+01 4.628593956689099009e+00 1.683436661022718681e+02
9.280845267209299720e+01 4.462723365038304024e+00 1.689255093778008359e+02
9.244191600464645830e+01 4.299680873640229883e+00 1.695002625506456582e+02
9.208027776028923483e+01 4.139426435236769564e+00 1.700680269209262292e+02
9.172351444453796887e+01 3.981946366582888697e+00 1.706288358851482485e+02
9.137149487830168937e+01 3.827166286105417203e+00 1.711828767151491206e+02
9.102379545224351887e+01 3.674849963479793757e+00 1.717307557415211363e+02
9.068016107593332720e+01 3.524857627819774741e+00 1.722728390781378209e+02
9.034052854120056963e+01 3.377162110401632944e+00 1.728092204249069539e+02
9.000489621285844066e+01 3.231838152888122817e+00 1.733399323396440082e+02
8.967320902694156359e+01 3.088883735229004390e+00 1.738650650958706194e+02
8.934541578250167504e+01 2.948268489993313590e+00 1.743846912549365982e+02
8.902146022611484000e+01 2.809960297562619669e+00 1.748988910355525661e+02
8.870120567896182706e+01 2.673900979693139224e+00 1.754078672784458490e+02
8.838452980087643596e+01 2.540039154859438320e+00 1.759118018217481847e+02
8.807119129590648754e+01 2.408256487617928432e+00 1.764110465237992003e+02
8.776093651743182988e+01 2.278428654508398488e+00 1.769059712802533966e+02
8.745366332381560426e+01 2.150502511335022238e+00 1.773967238151592483e+02
8.714925640333532897e+01 2.024396518243414711e+00 1.778834622952751374e+02
8.684736898291087925e+01 1.899887527699314793e+00 1.783666711831391467e+02
8.654785506248563820e+01 1.776874614321653389e+00 1.788465516636521784e+02
8.625073411539749202e+01 1.655334960940521682e+00 1.793230624127361637e+02
