2.540000000000000000e+02 7.000000000000000000e+00 0.000000000000000000e+00
2.527694225887888138e+02 7.491717859862881745e+00 6.990650147814180260e-01
2.515170226472838522e+02 7.983869748518660714e+00 1.419474638681621048e+00
2.502359888058232116e+02 8.477707122657848871e+00 2.166609644823813241e+00
2.489201962873527805e+02 8.973777809046270093e+00 2.946098728626127983e+00
2.475682133250478216e+02 9.472066368299945083e+00 3.759435846135948278e+00
2.461792087037801195e+02 9.972602955581713502e+00 4.607422930341593670e+00
2.447523344634632281e+02 1.047541852105086946e+01 5.490877735899320378e+00
2.432864262370421216e+02 1.098025964223821482e+01 6.411260207343619122e+00
2.417773537140041356e+02 1.148529782518125941e+01 7.375205912506431538e+00
2.402198545950579387e+02 1.198838795150857983e+01 8.391134342251946876e+00
2.386083688625197112e+02 1.248887141162340697e+01 9.465462687852392420e+00
2.369376245142681512e+02 1.298770591096570293e+01 1.060282214466872475e+01
2.352051104675377360e+02 1.348508671084887212e+01 1.180567591969746388e+01
2.334088242373173898e+02 1.398092598214616800e+01 1.307620143458364304e+01
2.315467024370331330e+02 1.447513151958885835e+01 1.441664386353503780e+01
2.296166139689150612e+02 1.496760799928105712e+01 1.582932218022854087e+01
2.276178873957184123e+02 1.545846323554700774e+01 1.731433308840840013e+01
2.255586067447853509e+02 1.594979153788253434e+01 1.885848736130020953e+01
2.234408806774962670e+02 1.644265017237680482e+01 2.045815934094219912e+01
2.212652101077312352e+02 1.693764353605072870e+01 2.211235712535482634e+01
2.190302024411243451e+02 1.743485976924115732e+01 2.382235834238769456e+01
2.167381992462778157e+02 1.793317003044684199e+01 2.558704777082137483e+01
2.143987315659917670e+02 1.842925683856195107e+01 2.740055166808599907e+01
2.120120495289500866e+02 1.892273905567738979e+01 2.926302333125386568e+01
2.095774567849799439e+02 1.941352788882812419e+01 3.117523812687207752e+01
2.070942419202106350e+02 1.990153531179234747e+01 3.313798538710187813e+01
2.045616837784733946e+02 2.038667185381748226e+01 3.515206550593672574e+01
2.019790510406334931e+02 2.086884653322590211e+01 3.721829042109341401e+01
1.993456022245898680e+02 2.134796685741492084e+01 3.933748361401207916e+01
1.966605856852753789e+02 2.182393882285678544e+01 4.151048010985621772e+01
1.939232396146566657e+02 2.229666691509871157e+01 4.373812647751260840e+01
1.911327920417342625e+02 2.276605410876282676e+01 4.602128082959142574e+01
1.882884606584138965e+02 2.323200183953029452e+01 4.836081302245902691e+01
1.853894523889271113e+02 2.369440993596116130e+01 5.075760514972005666e+01
1.824349633501351491e+02 2.415317661372372626e+01 5.321255158716280675e+01
1.794241787639989525e+02 2.460819846142539546e+01 5.572655909340748792e+01
1.763562318627076024e+02 2.505938743464579943e+01 5.830056997990151757e+01
1.732378963177015976e+02 2.550368262962069821e+01 6.093102968077680970e+01
1.701099376557648952e+02 2.592742375359705420e+01 6.359171319994455018e+01
1.670015131004937530e+02 2.631245362283687683e+01 6.627211775972591568e+01
1.639351844060653605e+02 2.663736597583503851e+01 6.897165869306529373e+01
1.609230551400886213e+02 2.688732043640102631e+01 7.169347917685887239e+01
1.579896132819193326e+02 2.702630256596676261e+01 7.444994896103597171e+01
1.551407794368227542e+02 2.704699922871560247e+01 7.724270098265151319e+01
1.523766954785042742e+02 2.695215641635586579e+01 8.006884509803175831e+01
1.496896151011443123e+02 2.675649411249332843e+01 8.292115315618971749e+01
1.470563937408666106e+02 2.649948734857506238e+01 8.578252994586073044e+01
1.444759370042324065e+02 2.618478151869482318e+01 8.865038119043572351e+01
1.419558124990009844e+02 2.580837853059071918e+01 9.152134914123848830e+01
1.395752808953005797e+02 2.532057555880995281e+01 9.436806769466873845e+01
1.373456728851650439e+02 2.473207627346454984e+01 9.716856691048040773e+01
1.352614359872194711e+02 2.405172174451294254e+01 9.991935681307266748e+01
1.333188751349029815e+02 2.328380025554572796e+01 1.026197477177228166e+02
1.314965876373291849e+02 2.245822904859607760e+01 1.052604348098673057e+02
1.297321889744924590e+02 2.164079583560853237e+01 1.078354305748205775e+02
1.280150011974096742e+02 2.084289711181436289e+01 1.103426140426146418e+02
1.263543412404887789e+02 2.006938535323750372e+01 1.127676172763044775e+02
1.247506740435989769e+02 1.932046426098928293e+01 1.151098044512634999e+02
1.232020880070224393e+02 1.859531014889825684e+01 1.173719537176344545e+02
1.217072352384992513e+02 1.789328267798657990e+01 1.195560020951597551e+02
1.202688637395484932e+02 1.721501137140323223e+01 1.216577520439413576e+02
1.188859374386615286e+02 1.655995771371824432e+01 1.236786754516987230e+02
1.175560815033704216e+02 1.592719754257846532e+01 1.256222601253219864e+02
1.162773182554656444e+02 1.531590350748712304e+01 1.274913893662345572e+02
1.150477175150404605e+02 1.472526301411243033e+01 1.292888753471065115e+02
1.138698195745860176e+02 1.415685002966315587e+01 1.310112024369918231e+02
1.127439875658516542e+02 1.361108691841571705e+01 1.326579406263905696e+02
1.116680751394346061e+02 1.308705089890747608e+01 1.342322099854795567e+02
1.106399369019600272e+02 1.258380998308225607e+01 1.357371256595754119e+02
1.096574231184089712e+02 1.210043045871395861e+01 1.371758091576415950e+02
1.087176779226618919e+02 1.163567616584819753e+01 1.385524088846914026e+02
1.078181250818547880e+02 1.118843162872230934e+01 1.398706669225790620e+02
1.069583304302078659e+02 1.076002832330484793e+01 1.411317724187169347e+02
1.061378417236061296e+02 1.035218598539803914e+01 1.423370863685377969e+02
1.053547416275394397e+02 9.963992165888797103e+00 1.434893635386167148e+02
1.046066417588500599e+02 9.594149941677972748e+00 1.445919765610111369e+02
1.038910373606511968e+02 9.241316882483916473e+00 1.456484688994468684e+02
1.032062008662471584e+02 8.904577994693337217e+00 1.466612885379949205e+02
1.025508238506536287e+02 8.583245505171364087e+00 1.476322914521049086e+02
1.019225956508464037e+02 8.276028688502897523e+00 1.485647272909934031e+02
1.013195216624573760e+02 7.981844192548597228e+00 1.494614125382007899e+02
1.007386406439634925e+02 7.699416073052225862e+00 1.503266508080391191e+02
1.001784505531183243e+02 7.428126149185201754e+00 1.511626357071141911e+02
9.963560963219559596e+01 7.166182737335118347e+00 1.519740945560629939e+02
9.910716410873337168e+01 6.912038963903976097e+00 1.527652193468171902e+02
9.859136762318209435e+01 6.664611981623710157e+00 1.535384266543532021e+02
9.808751682562112251e+01 6.423462359424632062e+00 1.542946885418269289e+02
9.759528822379162705e+01 6.188412891943826821e+00 1.550344612443030314e+02
9.711440842514630845e+01 5.959320002825309714e+00 1.557581326124476675e+02
9.664462200071587006e+01 5.736051520596615383e+00 1.564660657372307639e+02
9.618566598369702092e+01 5.518469010683370257e+00 1.571586335561793533e+02
9.573728658251070556e+01 5.306439368503342635e+00 1.578361961783149070e+02
9.529923597112161815e+01 5.099832618208272272e+00 1.584991052480569635e+02
9.487079153695506761e+01 4.898261443996918985e+00 1.591483830298504074e+02
9.445051988788387121e+01 4.700986198815831685e+00 1.597860678405498049e+02
9.403734699770360805e+01 4.507496023111661643e+00 1.604137029045207328e+02
9.363043629983030769e+01 4.317430667591604987e+00 1.610325040936934613e+02
9.322918837832091299e+01 4.130580319478585949e+00 1.616433603616796688e+02
9.283327000840753840e+01 3.946871243912828398e+00 1.622467816616394316e+02
9.244262485960167908e+01 3.766256980110971764e+00 1.628428417035342477e+02
9.205718311649708596e+01 3.588692590550754957e+00 1.634316364907523678e+02
9.167687053620643667e+01 3.414134911076210699e+00 1.640132698142485594e+02
9.130161392210486326e+01 3.242541385953741528e+00 1.645878440023604981e+02
9.093134112381085288e+01 3.073870067861232513e+00 1.651554599208356819e+02
9.056598103074981054e+01 2.908079614144148728e+00 1.657162169818288078e+02
9.020546354074936346e+01 2.745129268554585611e+00 1.662702131878044440e+02
8.984971994151450758e+01 2.584979142794511464e+00 1.668175446202038756e+02
8.949867140786551545e+01 2.427581967715153333e+00 1.673583209463652963e+02
8.915192294182857324e+01 2.272678413984361878e+00 1.678930834605076541e+02
8.880922831544769736e+01 2.120123191795337814e+00 1.684221756025413583e+02
8.847058688137759930e+01 1.969989517669849199e+00 1.689456253277295446e+02
8.813597862691455020e+01 1.822312315052508902e+00 1.694634777270714778e+02
8.780536195454106974e+01 1.677082841033742389e+00 1.699757966293445293e+02
8.747865377224196948e+01 1.534250587352804285e+00 1.704826973881238814e+02
8.715569494843347798e+01 1.393750227330905700e+00 1.709844124625779784e+02
8.683639720661956574e+01 1.255538258675239272e+00 1.714810681372267993e+02
8.652044904757427446e+01 1.119458639231137198e+00 1.719731090969483773e+02
8.620760651269080199e+01 9.853886972411872724e-01 1.724608834377999642e+02
8.589781881512828932e+01 8.532956162272602452e-01 1.729444609502774028e+02
8.559072263744236864e+01 7.229347292313076379e-01 1.734243372587482952e+02
8.528606956098771263e+01 5.941392405698906476e-01 1.739008514289973562e+02
8.498389963729925967e+01 4.669036918597079810e-01 1.743739369039768405e+02
8.468422598456906769e+01 3.412135980951371828e-01 1.748435672170002420e+02
