2.540000000000000000e+02 7.000000000000000000e+00 0.000000000000000000e+00
2.528581449850498473e+02 7.486536818010742778e+00 6.223321505599810344e-01
2.516954577415496601e+02 7.973431072067677761e+00 1.264795503792282894e+00
2.505117172936216150e+02 8.460659061127010716e+00 1.927633981694206744e+00
2.493038081752981157e+02 8.948771816723938954e+00 2.613306065959413171e+00
2.480649937732260639e+02 9.439023261354755334e+00 3.327058642718115244e+00
2.467930605391971994e+02 9.931363160911331533e+00 4.071210108867989064e+00
2.454858676432849904e+02 1.042569672164303896e+01 4.848061161063049518e+00
2.441425400721014682e+02 1.092204032225209964e+01 5.658464571586100611e+00
2.427622263547734462e+02 1.142041446839775176e+01 6.503242886391718436e+00
2.413441161299753333e+02 1.192084788917970783e+01 7.383162908695839910e+00
2.398855886941645679e+02 1.242237095246011691e+01 8.302092996398393154e+00
2.383804121068137363e+02 1.292210198660256459e+01 9.270084260500546236e+00
2.368242827157946238e+02 1.341932817382910947e+01 1.029241586948738174e+01
2.352100986397522320e+02 1.391474822894746488e+01 1.137569729462742885e+01
2.335356990920679436e+02 1.440838831085670790e+01 1.252213726407526728e+01
2.317991616770412406e+02 1.490014547833711411e+01 1.373380946186104090e+01
2.299985031988402113e+02 1.538991342581806876e+01 1.501285329504066013e+01
2.281317593013038731e+02 1.587758020531995662e+01 1.636135781887870877e+01
2.262018912018347692e+02 1.636290365191467089e+01 1.777430596021038056e+01
2.242109272064571996e+02 1.684638832652774099e+01 1.924796940094050868e+01
2.221622172826478732e+02 1.733065808982753353e+01 2.077637371394060750e+01
2.200570257358641300e+02 1.781668057049675014e+01 2.235745986803161500e+01
2.178950519259315968e+02 1.830467685775522213e+01 2.399136634046984540e+01
2.156784811165669566e+02 1.879350305987906822e+01 2.567714453840185840e+01
2.134159733379188992e+02 1.928015505409443620e+01 2.740946956608111051e+01
2.111084639766162354e+02 1.976405501865684400e+01 2.918802271381233737e+01
2.087556146574464151e+02 2.024502135464428321e+01 3.101331468358504750e+01
2.063565541878004979e+02 2.072303576158396865e+01 3.288620559554220080e+01
2.039106693478838395e+02 2.119799326003470696e+01 3.480739410090547636e+01
2.014172961056699194e+02 2.166980135789416195e+01 3.677761530023360592e+01
1.988757614964607399e+02 2.213836624120124696e+01 3.879761426374834343e+01
1.962853839672096399e+02 2.260359264313276029e+01 4.086814583132948542e+01
1.936454732652148323e+02 2.306538382359434536e+01 4.298997474074566583e+01
1.909553302660819156e+02 2.352364153771971900e+01 4.516387582580484406e+01
1.882142469156109428e+02 2.397826602519151962e+01 4.739063408332514626e+01
1.854215061334811594e+02 2.442915599254628134e+01 4.967104478413236990e+01
1.825763816514971154e+02 2.487620858350376807e+01 5.200591365941793498e+01
1.796781379441277693e+02 2.531931936619126233e+01 5.439605698080241325e+01
1.767259899184240624e+02 2.575839916452349954e+01 5.684232410409392600e+01
1.737233589850424664e+02 2.619160860336908669e+01 5.934320585784278279e+01
1.707047710098555910e+02 2.660699071293233331e+01 6.187698296432271405e+01
1.677001974192108094e+02 2.698990681713346973e+01 6.442880469353281114e+01
1.647353750228362514e+02 2.731592726479781419e+01 6.699753480124030602e+01
1.618173159535857906e+02 2.757817248767685570e+01 6.958315037207748333e+01
1.589677882575781496e+02 2.774532659502024856e+01 7.219522903634207012e+01
1.562007428818843664e+02 2.779687883681832261e+01 7.484040302311612436e+01
1.535169387338968363e+02 2.773432645794873252e+01 7.751650288945275236e+01
1.509176707720345689e+02 2.755958469022836965e+01 8.022042171409721334e+01
1.484030262508866258e+02 2.728138491489870887e+01 8.294355672603504104e+01
1.459430264524799554e+02 2.694328705141492364e+01 8.567238414654937628e+01
1.435349258221368700e+02 2.655033082771751296e+01 8.840464733524414953e+01
1.411872394501648671e+02 2.609775802837300063e+01 9.113679409947205556e+01
1.389763409877799631e+02 2.553709911392517995e+01 9.384254082195096203e+01
1.369093194226969672e+02 2.488193754792364842e+01 9.650169549660674306e+01
1.349812064663447302e+02 2.413961806967778401e+01 9.911188004460393586e+01
1.331812344297786126e+02 2.332161096162407077e+01 1.016720173477282287e+02
1.314427448316735365e+02 2.250272413585039288e+01 1.041716973604955569e+02
1.297496706925891488e+02 2.170370455116951547e+01 1.066061887891274154e+02
1.281021147285365203e+02 2.092445761499200430e+01 1.089754827982502832e+02
1.265091413445405948e+02 2.016906064442329694e+01 1.112666463009289970e+02
1.249710922815106358e+02 1.943772131003569115e+01 1.134792110725534116e+02
1.234896535447469716e+02 1.873071861595660437e+01 1.156105993942485952e+02
1.220652063611828737e+02 1.804794660639522519e+01 1.176601677157596981e+02
1.206955868934539495e+02 1.738849610285865666e+01 1.196310264325503994e+02
1.193787503497382971e+02 1.675149946173694815e+01 1.215261117723685800e+02
1.181127257413165665e+02 1.613612075363189646e+01 1.233482541280411198e+02
1.168956158696589114e+02 1.554155534133201044e+01 1.251001779264503426e+02
1.157254292784810730e+02 1.496694071675584858e+01 1.267847365259838881e+02
1.146047703495472945e+02 1.441384828908653404e+01 1.283983575889569408e+02
1.135341324107543812e+02 1.388274224458862705e+01 1.299404242274765977e+02
1.125112565320970788e+02 1.337262300275780014e+01 1.314141654140436515e+02
1.115339939953807828e+02 1.288255259192339253e+01 1.328226571918266075e+02
1.105997431907628368e+02 1.241138939025062271e+01 1.341696218138623635e+02
1.097054632355999075e+02 1.195782091318199036e+01 1.354594178846704153e+02
1.088479141641513195e+02 1.152048224064836113e+01 1.366967013868984395e+02
1.080254037071981941e+02 1.109874840362401827e+01 1.378839357674506232e+02
1.072394812294497370e+02 1.069545435399658118e+01 1.390196780650409210e+02
1.064896643787284773e+02 1.031134890730880649e+01 1.401049632711362563e+02
1.057730812404716403e+02 9.944829737420263882e+00 1.411437775471980558e+02
1.050877108411952605e+02 9.594806385446903008e+00 1.421389392867837955e+02
1.044321994881275657e+02 9.260563573245679692e+00 1.430923417467325862e+02
1.038046479883799975e+02 8.941045500438324467e+00 1.440066223397693079e+02
1.032031061375607095e+02 8.635157501091038412e+00 1.448844855457064114e+02
1.026263880437093121e+02 8.342269761962860741e+00 1.457275887886090118e+02
1.020725352532087697e+02 8.061176111029055846e+00 1.465386096135993341e+02
1.015381201711645502e+02 7.790089207208939825e+00 1.473223503432874111e+02
1.010198145768777636e+02 7.527470336600824652e+00 1.480835447346163960e+02
1.005151034505491339e+02 7.272284135450452602e+00 1.488258156615632402e+02
1.000231107263202404e+02 7.023983063981443564e+00 1.495503579894849224e+02
9.954268396995726675e+01 6.781802490503860525e+00 1.502587275937771665e+02
9.907349443443708026e+01 6.545557814458387469e+00 1.509513803441874131e+02
9.861528683906513493e+01 6.315115675299952436e+00 1.516286738213126455e+02
9.816776164061852228e+01 6.090327526161055438e+00 1.522910304555636003e+02
9.773083117168818035e+01 5.871109065345393674e+00 1.529385592207771651e+02
9.730410437028241688e+01 5.657286960768065143e+00 1.535718190081387320e+02
9.688579744156822926e+01 5.448278858048135831e+00 1.541934339365715800e+02
9.647540425325321678e+01 5.243888879994744734e+00 1.548041375694676844e+02
9.607271210669857453e+01 5.044011850838245437e+00 1.554042299738991062e+02
9.567732242889479721e+01 4.848447063597254747e+00 1.559942721417288851e+02
9.528769531112679658e+01 4.656275332805328127e+00 1.565763798839415983e+02
9.490338804954873808e+01 4.467233360600982195e+00 1.571511618121248830e+02
9.452431867237979191e+01 4.281273075358731361e+00 1.577187308623472575e+02
9.415043022898991865e+01 4.098366645650094675e+00 1.582791674967373012e+02
9.378164589895874315e+01 3.918468231538209778e+00 1.588325772707163708e+02
9.341786159106777632e+01 3.741507266716293856e+00 1.593791001759851440e+02
9.305897944944821631e+01 3.567418352021144656e+00 1.599188681558813130e+02
9.270490787078337291e+01 3.396141270796589673e+00 1.604520050835722884e+02
9.235556150430869593e+01 3.227620988893485254e+00 1.609786267620553417e+02
9.201086125181168995e+01 3.061807654669716605e+00 1.614988409241575766e+02
9.167073426763198540e+01 2.898656598990199118e+00 1.620127472325360145e+02
9.133511395866133853e+01 2.738128335226877041e+00 1.625204372796772816e+02
9.100394087582134262e+01 2.580189171453963759e+00 1.630219933917685466e+02
9.067721783766745602e+01 2.424871223402537801e+00 1.635174226234415187e+02
9.035471902250473875e+01 2.272106488313408779e+00 1.640070592324516099e+02
9.003620947771968019e+01 2.121789895863546160e+00 1.644912386699169247e+02
8.972160525366254546e+01 1.973869724848586804e+00 1.649700757029669091e+02
8.941078385660890149e+01 1.828275670861168489e+00 1.654437396462027152e+02
8.910329069821635528e+01 1.684785087935632975e+00 1.659128725837982756e+02
8.879905124116842785e+01 1.543356530996593756e+00 1.663775780229036343e+02
8.849803426875664059e+01 1.403971910922907407e+00 1.668378990502731654e+02
8.820012257233867103e+01 1.266576555780784430e+00 1.672940021991105084e+02
8.790488367518605628e+01 1.130894414941569837e+00 1.677464752582153835e+02
8.761210831104858698e+01 9.967823173782531798e-01 1.681955992005152609e+02
