2.540000000000000000e+02 7.000000000000000000e+00 0.000000000000000000e+00
2.529237039656589729e+02 7.487024417499983819e+00 6.201140953991517435e-01
2.518268250659820637e+02 7.974838674616474776e+00 1.260848531127491068e+00
2.507091253049631234e+02 8.463425936052555443e+00 1.922470671184542956e+00
2.495703712225424624e+02 8.952767601707295242e+00 2.605245112812883956e+00
2.484055702704816326e+02 9.443875571411558312e+00 3.313255972968160989e+00
2.472096102403310738e+02 9.937766101886927217e+00 4.050707490266332478e+00
2.459807181995426504e+02 1.043441323612707095e+01 4.819545652279877856e+00
2.447163809173900120e+02 1.093373435824428874e+01 5.622597524828055526e+00
2.434156737653184166e+02 1.143576662607279282e+01 6.460796817218247057e+00
2.420777349847387825e+02 1.194055530380305719e+01 7.334997595686171046e+00
2.407010698061002074e+02 1.244768510985871401e+01 8.247261399086790234e+00
2.392802378060142701e+02 1.295495145298268902e+01 9.206364153875169265e+00
2.378111010833702323e+02 1.346099266827219942e+01 1.021854595177730118e+01
2.362864464472873181e+02 1.396620722195071274e+01 1.129129805765463246e+01
2.347024403647378961e+02 1.447080807165192340e+01 1.242862414539431981e+01
2.330571018209681995e+02 1.497472781601770642e+01 1.363273677709886655e+01
2.313483737311840400e+02 1.547790005572548289e+01 1.490593086153175761e+01
2.295741305369071483e+02 1.598025608402330633e+01 1.625057782069825763e+01
2.277328650135846715e+02 1.648169121286733940e+01 1.766810434181477873e+01
2.258297862174804891e+02 1.698266429004014810e+01 1.914983037231711904e+01
2.238691129025382907e+02 1.748553843194022406e+01 2.068837142366180970e+01
2.218515876139120451e+02 1.799095404248065933e+01 2.228243808498447720e+01
2.197773814041354399e+02 1.849945656412447903e+01 2.393140357922179717e+01
2.176462261327481258e+02 1.901074096175227268e+01 2.563585378252597025e+01
2.154665544151228573e+02 1.952167481272176985e+01 2.739034558680691589e+01
2.132421189442692082e+02 2.003072001612898845e+01 2.919260384933449615e+01
2.109720023483926354e+02 2.053788204907069570e+01 3.104356298008297443e+01
2.086555443229901528e+02 2.104307496668888433e+01 3.294398730384119744e+01
2.062920404918884572e+02 2.154622311922855005e+01 3.489467579802954589e+01
2.038807773817384543e+02 2.204724968560946508e+01 3.689643795937501380e+01
2.014210317160313082e+02 2.254607657617835414e+01 3.895009462680485512e+01
1.989120696890715294e+02 2.304262433283401990e+01 4.105647882756399980e+01
1.963531469659764923e+02 2.353681212902736064e+01 4.321643577721492591e+01
1.937435086826765485e+02 2.402855776976135616e+01 4.543082287963781596e+01
1.910823894459152825e+02 2.451777769159109610e+01 4.770050972703038639e+01
1.883690133332492849e+02 2.500438696262374094e+01 5.002637809990803675e+01
1.856025938086607709e+02 2.548829927067885492e+01 5.240932206568832896e+01
1.827823332110477281e+02 2.596942685231405079e+01 5.485024857543393750e+01
1.799074226694822869e+02 2.644768048184104003e+01 5.735007756192094064e+01
1.769790390672787055e+02 2.692202960893288832e+01 5.990862026526141904e+01
1.740311480818400014e+02 2.737989479999289344e+01 6.250343231714439440e+01
1.710912302355413601e+02 2.780905076727367131e+01 6.511827501526822459e+01
1.681826337279641166e+02 2.818748748609678856e+01 6.775071861151275243e+01
1.653165745348889857e+02 2.850436225692628156e+01 7.039999475411867991e+01
1.625033463303867052e+02 2.874630004192120936e+01 7.306876580422931511e+01
1.597665371665198961e+02 2.887751920700230102e+01 7.576814800551042595e+01
1.571114795944989453e+02 2.889124099901748366e+01 7.849942825972462401e+01
1.545386840508309376e+02 2.878992614158903862e+01 8.125967656703575415e+01
1.520528222221361148e+02 2.857552551495996340e+01 8.404219029386312911e+01
1.496239669766786733e+02 2.829347019790683504e+01 8.683292514182566890e+01
1.472451685453795562e+02 2.795471493272843944e+01 8.962822778135105750e+01
1.449165821069052527e+02 2.756030148351361575e+01 9.242692178143634862e+01
1.426684709340236452e+02 2.708938485062184398e+01 9.521862230856500275e+01
1.405660959797645830e+02 2.650652660076707079e+01 9.797149347231156469e+01
1.386023880574681755e+02 2.583056087726844297e+01 1.006741490095389651e+02
1.367736456096039319e+02 2.506609089062216000e+01 1.033258343521561642e+02
1.350312695815502479e+02 2.426789210895738336e+01 1.059175000438181939e+02
1.333322049141036985e+02 2.348778454261948667e+01 1.084446797550771890e+02
1.316770081404139034e+02 2.272614002108756992e+01 1.109068897187110423e+02
1.300672592501800011e+02 2.198366436729448736e+01 1.133018049432574514e+02
1.285114751504796402e+02 2.126409402032201967e+01 1.156168674818024300e+02
1.270094984333320696e+02 2.056728309470518923e+01 1.178522811650333040e+02
1.255626473568030406e+02 1.989342489042240913e+01 1.200059606165609409e+02
1.241702856804768089e+02 1.924212539958780255e+01 1.220788016933277476e+02
1.228310114908620108e+02 1.861275210038566286e+01 1.240728650442766821e+02
1.215428280128930822e+02 1.800448548484777689e+01 1.259911156421373448e+02
1.203036558162441594e+02 1.741648609442865592e+01 1.278366463328665077e+02
1.191117549354952985e+02 1.684803115136218565e+01 1.296120375686319051e+02
1.179657565944871465e+02 1.629860180019557347e+01 1.313193376046486947e+02
1.168673511997548360e+02 1.576931007075139313e+01 1.329561902538144125e+02
1.158173058051936408e+02 1.526078306338826707e+01 1.345215714141104684e+02
1.148138216578135342e+02 1.477227345273095338e+01 1.360181486756304707e+02
1.138539600247557928e+02 1.430250358332836846e+01 1.374502593838684845e+02
1.129348112248687244e+02 1.385023764815726111e+01 1.388222087545268835e+02
1.120531046556232297e+02 1.341412621893234558e+01 1.401388506223795787e+02
1.112067477242079008e+02 1.299342127428812610e+01 1.414033330022457449e+02
1.103961871181465995e+02 1.259097581829435342e+01 1.426159747070378501e+02
1.096221090817558661e+02 1.220781332725181656e+01 1.437760296422109150e+02
1.088828162506888049e+02 1.184304841542615527e+01 1.448859487521551443e+02
1.081754732902081457e+02 1.149511986187799550e+01 1.459497959226458192e+02
1.074984765613401265e+02 1.116317164932679162e+01 1.469698795802376026e+02
1.068504688264746534e+02 1.084649444820148823e+01 1.479481590352194758e+02
1.062294131966867354e+02 1.054388184432532150e+01 1.488875225502634692e+02
1.056326928850447473e+02 1.025446584845805198e+01 1.497919315158583800e+02
1.050582388615921587e+02 9.977345664802323100e+00 1.506644392003543089e+02
1.045042229061755137e+02 9.711351573254567882e+00 1.515076060121666330e+02
1.039679728151618860e+02 9.454982236851044775e+00 1.523252510068928700e+02
1.034467427436839984e+02 9.206790254983804545e+00 1.531213335483697335e+02
1.029380927908320302e+02 8.965360957611173021e+00 1.538993245595566464e+02
1.024410397511724398e+02 8.730053141262825278e+00 1.546605965479950555e+02
1.019553095339411470e+02 8.500721529690336453e+00 1.554055444451627750e+02
1.014806399360115989e+02 8.277227905849656509e+00 1.561345463328858330e+02
1.010167749593101121e+02 8.059437323642342221e+00 1.568479713456748925e+02
1.005634643974109395e+02 7.847217889992560202e+00 1.575461802668276334e+02
1.001204600747805671e+02 7.640439693040668168e+00 1.582295312862135290e+02
9.968651238753102461e+01 7.438693689750269122e+00 1.588999181064774007e+02
9.926055161335447963e+01 7.241629083867000993e+00 1.595589615963843642e+02
9.884235691746071950e+01 7.049136973625178548e+00 1.602069829491383075e+02
9.843179056856844511e+01 6.861133019972374569e+00 1.608441764481053440e+02
9.802870535723313594e+01 6.677530981179565117e+00 1.614707511816645820e+02
9.763273939820767566e+01 6.498118992708648456e+00 1.620872212050074950e+02
9.724248561695939941e+01 6.322068481720419797e+00 1.626955834887689605e+02
9.685755558602882331e+01 6.149144959459038162e+00 1.632963871847366590e+02
9.647777963783501320e+01 5.979243258388111215e+00 1.638898711574385061e+02
9.610301258915635003e+01 5.812273825953214512e+00 1.644762399626867193e+02
9.573313374113078567e+01 5.648162724581892391e+00 1.650556638475774207e+02
9.536804687925558710e+01 5.486851631683657970e+00 1.656282787504911482e+02
9.500768027338749278e+01 5.328297839649996703e+00 1.661941863010924578e+02
9.465198567432705090e+01 5.172473640134360728e+00 1.667534552352730088e+02
9.430089982290074602e+01 5.019342558396942877e+00 1.673061756182562760e+02
9.395435151671289020e+01 4.868863200192533824e+00 1.678524486995308678e+02
9.361227739874058784e+01 4.720998927416869329e+00 1.683923646442912343e+02
9.327461492272020394e+01 4.575713589690963090e+00 1.689260124708623323e+02
9.294130185267441391e+01 4.432971371048462395e+00 1.694534808130038925e+02
9.261226371817326708e+01 4.292733008789151761e+00 1.699748770503801154e+02
9.228730734503757560e+01 4.154892263477708347e+00 1.704904781066977364e+02
9.196610282552529725e+01 4.019243219041921833e+00 1.710007479146908338e+02
9.164854421737747714e+01 3.885846413084062423e+00 1.715058820509367479e+02
9.133425767309344678e+01 3.754545570891639539e+00 1.720064345889582000e+02
9.102312963784146405e+01 3.625284702489416588e+00 1.725025706915786259e+02
9.071503535442789712e+01 3.498014369229969223e+00 1.729944762571464310e+02
9.040967149819458371e+01 3.372532405022936164e+00 1.734825731116937391e+02
9.010675362854328796e+01 3.248642747334091307e+00 1.739672544348860583e+02
