2.540000000000000000e+02 7.000000000000000000e+00 0.000000000000000000e+00
2.527956604877527127e+02 7.504367020091354590e+00 6.942618568523964973e-01
2.515687328510812790e+02 8.009253364270639608e+00 1.410769947634176624e+00
2.503190000723777757e+02 8.514628500318323745e+00 2.149777484108372327e+00
2.490410302132558797e+02 9.021506399530656140e+00 2.915644873301903583e+00
2.477269177479254836e+02 9.530847939232943489e+00 3.715401131834415338e+00
2.463746899133021202e+02 1.004259981904012733e+01 4.551167801884276720e+00
2.449833711771331082e+02 1.055678904770835835e+01 5.423909518067249635e+00
2.435520966208482321e+02 1.107346580344203879e+01 6.334436681450112516e+00
2.420784628621701131e+02 1.159175022594759064e+01 7.286309832559981103e+00
2.405560839647886837e+02 1.210891291000274350e+01 8.289771896704019483e+00
2.389804826371159834e+02 1.262393803514344981e+01 9.350783868437448021e+00
2.373439029192237228e+02 1.313723671821703753e+01 1.047715586620917172e+01
2.356433909860533049e+02 1.364894109551942236e+01 1.167188227646699694e+01
2.338768244155178024e+02 1.415894322860988552e+01 1.293729948902362459e+01
2.320420069526596762e+02 1.466713534786582862e+01 1.427582171583100035e+01
2.301374016676471683e+02 1.517339716275311190e+01 1.568886350558266862e+01
2.281668480012944826e+02 1.567763517986485233e+01 1.716990993470968974e+01
2.261342579124836050e+02 1.618215952478177044e+01 1.871191702222832021e+01
2.240410476915150184e+02 1.668856008339876595e+01 2.031185546573144052e+01
2.218882537586853516e+02 1.719772296191643335e+01 2.196796427943908725e+01
2.196749112808053042e+02 1.770985865154859695e+01 2.368101611570389053e+01
2.174045428323719307e+02 1.822352153512090567e+01 2.544899257633650080e+01
2.150868465236765132e+02 1.873518756483280967e+01 2.726589339310963211e+01
2.127216601689329423e+02 1.924456099997696512e+01 2.913218502890120476e+01
2.103082866528121428e+02 1.975155470207088015e+01 3.104864759602804725e+01
2.078460106853976868e+02 2.025608373430402409e+01 3.301607693728566062e+01
2.053341080589478054e+02 2.075806187471404485e+01 3.503527905069469739e+01
2.027718444324873417e+02 2.125740142660416154e+01 3.710707148842052305e+01
2.001584752783754482e+02 2.175401321021194789e+01 3.923228341827059040e+01
1.974932458823054731e+02 2.224780656270931090e+01 4.141175562369439689e+01
1.947753913433051025e+02 2.273868933820249794e+01 4.364634050378350594e+01
1.920041365737361900e+02 2.322656790773210034e+01 4.593690207327153985e+01
1.891786962827462730e+02 2.371134715660757308e+01 4.828431598166802274e+01
1.862982746150428568e+02 2.419293042707202801e+01 5.068946993004651347e+01
1.833620648879112025e+02 2.467121947795453707e+01 5.315326397304133366e+01
1.803692495805896385e+02 2.514611448291538665e+01 5.567661053117480918e+01
1.773190694920778299e+02 2.561748446871527563e+01 5.826039492668974873e+01
1.742153938196271383e+02 2.608344489014604051e+01 6.090263864247680914e+01
1.711033891142336358e+02 2.652828476364339139e+01 6.357400733386681679e+01
1.680106229455196569e+02 2.693451483708776450e+01 6.626422397660110164e+01
1.649622004404119480e+02 2.727821826210789879e+01 6.897187919764857611e+01
1.619724006607558238e+02 2.754149754823563256e+01 7.170049852688929093e+01
1.590671365425426131e+02 2.768596706259367579e+01 7.446228966161092444e+01
1.562511507448529073e+02 2.770635080572559517e+01 7.725781974915193473e+01
1.535243178407623645e+02 2.760590678038373369e+01 8.008401950602721797e+01
1.508903393694044723e+02 2.738584610947420472e+01 8.293603633958208832e+01
1.483242159578585415e+02 2.708698082549837594e+01 8.579845679764238753e+01
1.458127276700959385e+02 2.672856449545346536e+01 8.866543000079423109e+01
1.433560343630725811e+02 2.631175607578803266e+01 9.153566399209962867e+01
1.409610882469448256e+02 2.583296063247894381e+01 9.440583608743911270e+01
1.387019549452001002e+02 2.525428351405802019e+01 9.723999089347370273e+01
1.365936089831362210e+02 2.457766676640344272e+01 1.000213581109898229e+02
1.346321797102608855e+02 2.380755307459811121e+01 1.027494093362704604e+02
1.327966737702684270e+02 2.297139241545272625e+01 1.054176133621053850e+02
1.310173211133164557e+02 2.214733518110788069e+01 1.080164786327043629e+02
1.292853755840820895e+02 2.134351577752610041e+01 1.105464170419690788e+02
1.276029457940722267e+02 2.056087894282435613e+01 1.130043778616500987e+02
1.259777430428935503e+02 1.980284906015705459e+01 1.153791940997761429e+02
1.244100307608654390e+02 1.906958204233996312e+01 1.176704974198810731e+02
1.228991127397815859e+02 1.836057713448633422e+01 1.198792313302029271e+02
1.214476474561969610e+02 1.767643039725763288e+01 1.220013486311568442e+02
1.200532031194568816e+02 1.701616378343947744e+01 1.240404052714403917e+02
1.187135881623470226e+02 1.637886544553611046e+01 1.259995956560061217e+02
1.174267148956086970e+02 1.576366325542979574e+01 1.278819615961335785e+02
1.161905748211427039e+02 1.516971825057283674e+01 1.296904295479948246e+02
1.150032358730706363e+02 1.459622340718683908e+01 1.314278146074185258e+02
1.138647853318966838e+02 1.404344830877456118e+01 1.330940683242540103e+02
1.127771065733451934e+02 1.351263354101352654e+01 1.346865998167401415e+02
1.117392223011742658e+02 1.300349351251716001e+01 1.362068744513233298e+02
1.107476773497598117e+02 1.251450348775445853e+01 1.376598990150172881e+02
1.097995980617114640e+02 1.204442604685970863e+01 1.390498480139389130e+02
1.088919160127286574e+02 1.159197293548610652e+01 1.403811900429600428e+02
1.080225701758045460e+02 1.115746683058694089e+01 1.416573277605786245e+02
1.071925445949565869e+02 1.074371494244194736e+01 1.428776365044611225e+02
1.064012777881005007e+02 1.035069613268807842e+01 1.440430064334110227e+02
1.056464674327302475e+02 9.977156531289725905e+00 1.451566934564133078e+02
1.049250992045987516e+02 9.621413873445638032e+00 1.462229466643189255e+02
1.042355817871360699e+02 9.282615899091267053e+00 1.472440213310696038e+02
1.035763671996890167e+02 8.959881494713432204e+00 1.482220937329933292e+02
1.029444093533188891e+02 8.651887396486133142e+00 1.491615849493054498e+02
1.023372303485863597e+02 8.357819179765717976e+00 1.500661798657612565e+02
1.017533746905767202e+02 8.076800926428255423e+00 1.509379087128698131e+02
1.011900216557464063e+02 7.807060091068958485e+00 1.517806807053956675e+02
1.006436539370260448e+02 7.546657435642339706e+00 1.525994619705945468e+02
1.001119825016036629e+02 7.294332225226256128e+00 1.533974848612751600e+02
9.959301736480159661e+01 7.048838224175258738e+00 1.541775087216310851e+02
9.908617859660648719e+01 6.809812215504401856e+00 1.549403376804465893e+02
9.859117849584490045e+01 6.577101790464848108e+00 1.556863800443391597e+02
9.810773395782622686e+01 6.350556167183740719e+00 1.564160373237042450e+02
9.763559048341542734e+01 6.130034505387807364e+00 1.571296686718280284e+02
9.717427440299631769e+01 5.915333709487674341e+00 1.578279624732268474e+02
9.672204741585403553e+01 5.705888568789567294e+00 1.585135058245506912e+02
9.627838000659417617e+01 5.501518892059685584e+00 1.591870840909052447e+02
9.584203201411861528e+01 5.301490409761524525e+00 1.598504312120125519e+02
9.541190915862719635e+01 5.105152041642950778e+00 1.605050760876646052e+02
9.498771378494612350e+01 4.912327247417229259e+00 1.611514347832100782e+02
9.456935689983930615e+01 4.722963802013105727e+00 1.617896318823999025e+02
9.415675160661957932e+01 4.537010715821777396e+00 1.624197890357040706e+02
9.374982544254697814e+01 4.354427146999622522e+00 1.630420082535489144e+02
9.334850525029096957e+01 4.175171633216608669e+00 1.636563924468539142e+02
9.295263308711372474e+01 3.999141972097631115e+00 1.642631595105227689e+02
9.256206667476281780e+01 3.826246896498807448e+00 1.648625059988174826e+02
9.217668755772739075e+01 3.656411899330987758e+00 1.654545960546597598e+02
9.179640110323813929e+01 3.489579233559757299e+00 1.660395614096311192e+02
9.142113650097729760e+01 3.325707911975875231e+00 1.666175013843587180e+02
9.105082963505185489e+01 3.164761389234457489e+00 1.671885061011093967e+02
9.068539420627068637e+01 3.006691425158706021e+00 1.677526971839174621e+02
9.032473318264719353e+01 2.851448862774603299e+00 1.683102130991685783e+02
8.996875026707589029e+01 2.698985140236360714e+00 1.688611913398063393e+02
8.961737899559224729e+01 2.549261195897273513e+00 1.694057249308239648e+02
8.927048136197055328e+01 2.402187671284239823e+00 1.699440042439288163e+02
8.892775973042412829e+01 2.257655383319382647e+00 1.704764680583313066e+02
8.858909072522394013e+01 2.115658124841562238e+00 1.710033114430631258e+02
8.825415789696070590e+01 1.976059936656791249e+00 1.715249942014990552e+02
8.792253654585829281e+01 1.838655812812139745e+00 1.720421258150539927e+02
8.759419277588698094e+01 1.703425664095757464e+00 1.725547536688771686e+02
8.726875067276189668e+01 1.570107454748400411e+00 1.730633900234285818e+02
8.694592711747971236e+01 1.438505570910239006e+00 1.735684212733382026e+02
8.662568780787658795e+01 1.308597721441604023e+00 1.740698947092549531e+02
8.630800787878402502e+01 1.180367555260372736e+00 1.745678445465062509e+02
8.599289489599242131e+01 1.053800174486207553e+00 1.750622536636674056e+02
8.568037535860281650e+01 9.288812053887055553e-01 1.755530748592442478e+02
8.537044475439940072e+01 8.055954291483519158e-01 1.760403102051314193e+02
