2.540000000000000000e+02 7.000000000000000000e+00 0.000000000000000000e+00
2.524379644393866897e+02 7.542540730618766176e+00 1.010618805776996032e+00
2.508500286885917490e+02 8.085084967910932008e+00 2.048361483073077416e+00
2.492358049976474774e+02 8.627620099684701671e+00 3.113648549789609365e+00
2.475948998112559707e+02 9.170133304605156965e+00 4.206906842948757941e+00
2.459269137089728758e+02 9.712611550017077988e+00 5.328569583828824285e+00
2.442314689275590638e+02 1.025502651155724365e+01 6.479065976819842199e+00
2.425073711677389383e+02 1.079779609780545435e+01 7.659135217184395827e+00
2.407536997159142800e+02 1.134113952465147435e+01 8.869238482087997255e+00
2.389702578445610470e+02 1.188475832336497362e+01 1.010894683825353901e+01
2.371567256424307857e+02 1.242858128647204374e+01 1.137833712089272709e+01
2.353121532444949651e+02 1.297201547122996246e+01 1.267898331800135914e+01
2.334353190284803077e+02 1.351411843083690201e+01 1.401301860652327314e+01
2.315256480652359130e+02 1.405481841491187645e+01 1.538110072145018670e+01
2.295814254132885992e+02 1.459350975752404445e+01 1.678569115896811326e+01
2.276017039717847581e+02 1.512989019987274553e+01 1.822810198816276994e+01
2.255856668795768201e+02 1.566342123123109964e+01 1.970980452069218458e+01
2.235326735541331971e+02 1.619391179926742552e+01 2.123166298894340542e+01
2.214415306053575989e+02 1.672068067989890494e+01 2.279555246005625335e+01
2.193103930620296751e+02 1.724240270605163161e+01 2.440464268258504887e+01
2.171384306631231311e+02 1.775878556953012577e+01 2.606006032921597182e+01
2.149249563025534258e+02 1.826969030444093534e+01 2.776263632642364598e+01
2.126693056680278175e+02 1.877500965589180026e+01 2.951314732012479425e+01
2.103707891246936015e+02 1.927474388747151579e+01 3.131228585867781788e+01
2.080285970709178116e+02 1.976748749913052094e+01 3.316228555979219550e+01
2.056416872848548110e+02 2.024849285320072667e+01 3.506896306780816985e+01
2.032092900860614009e+02 2.071603030876715579e+01 3.703479763855771267e+01
2.007306982535354507e+02 2.116979424263403686e+01 3.906080887289889603e+01
1.982051957040773971e+02 2.160949302100103253e+01 4.114801109173554750e+01
1.956320557686667314e+02 2.203483038622183443e+01 4.329743393690718278e+01
1.930104426847607328e+02 2.244546825709377913e+01 4.551026318624670353e+01
1.903406850481150627e+02 2.283886033509867275e+01 4.778880499775888069e+01
1.876243588398780275e+02 2.321155833525703471e+01 5.013503523896456215e+01
1.848626639086324985e+02 2.356159956316342630e+01 5.254975491158310774e+01
1.820570835829839211e+02 2.388531584990512968e+01 5.503510863341873005e+01
1.792078020789107597e+02 2.418090979729280576e+01 5.759270075888338170e+01
1.763145152688243797e+02 2.444768078336754513e+01 6.022354514747004117e+01
1.733768130169010533e+02 2.468513954413857547e+01 6.292855422564010581e+01
1.704004214509676842e+02 2.488874160894225795e+01 6.570654056914749219e+01
1.673986898441629023e+02 2.505328383595304231e+01 6.854925964096983648e+01
1.643738337808374581e+02 2.517845671159198417e+01 7.145480596703878007e+01
1.613326960938462946e+02 2.526179349202480040e+01 7.441869565589156821e+01
1.583193391166624053e+02 2.528452701754133614e+01 7.741509598200869391e+01
1.553987658854658207e+02 2.522010981663862594e+01 8.040523968692173185e+01
1.525882480676742716e+02 2.506330638073767858e+01 8.337697757694972722e+01
1.498888638872058152e+02 2.481680873096929929e+01 8.632649284569168913e+01
1.473050914216678962e+02 2.449151448796084907e+01 8.923791175840372603e+01
1.448364859577953325e+02 2.409185124046494764e+01 9.210716699016289510e+01
1.424809220769786862e+02 2.362142362354606817e+01 9.493282864741061644e+01
1.402329609133166457e+02 2.309760292666162940e+01 9.770313225680352787e+01
1.380864836281262740e+02 2.252830857594224412e+01 1.004164986577489600e+02
1.360392994926826873e+02 2.191503856191232913e+01 1.030736981906264873e+02
1.340923181381450320e+02 2.125759106473076798e+01 1.056748416431700832e+02
1.322258861260584979e+02 2.057910733632796507e+01 1.082069094978220534e+02
1.304167852334687723e+02 1.990812384674074664e+01 1.106522955767191831e+02
1.286572034434359182e+02 1.924901818723691349e+01 1.130258435316592340e+02
1.269442584903331692e+02 1.860449874312693552e+01 1.153344975431149351e+02
1.252776400259020448e+02 1.797430277219375938e+01 1.175785548131934490e+02
1.236560476919475633e+02 1.735790607278955022e+01 1.197597292692129400e+02
1.220783101153664774e+02 1.675495418044434714e+01 1.218796605138652609e+02
1.205432863867246880e+02 1.616510184229314717e+01 1.239399455034238571e+02
1.190522214596828690e+02 1.558825005462101032e+01 1.259398712518489276e+02
1.176235493630642850e+02 1.502599824552397934e+01 1.278622465636608325e+02
1.162662318331073976e+02 1.447892513361412803e+01 1.296991441312578672e+02
1.149768804917111851e+02 1.394633511169647910e+01 1.314545892009428485e+02
1.137499605603323545e+02 1.342711345446899607e+01 1.331350556993820931e+02
1.125811925132024101e+02 1.292037807129763927e+01 1.347455998913723647e+02
1.114684700663746639e+02 1.242568687583438347e+01 1.362887584045070355e+02
1.104094464146967312e+02 1.194255029275855229e+01 1.377673415086947841e+02
1.094019065983022614e+02 1.147050568520200287e+01 1.391840031269290421e+02
1.084437241203986417e+02 1.100910744088010951e+01 1.405412883442836574e+02
1.075324917440362213e+02 1.055781706604748749e+01 1.418420869404187385e+02
1.066642329675969592e+02 1.011565259449358045e+01 1.430912210305770316e+02
1.058348848487868139e+02 9.681787230248300347e+00 1.442937266103240859e+02
1.050422569963246673e+02 9.255811165701075538e+00 1.454522599272920615e+02
1.042849432879970379e+02 8.837436855270381031e+00 1.465684956589348360e+02
1.035618309641530885e+02 8.426432348177597120e+00 1.476437581350505752e+02
1.028720551149925484e+02 8.022616068222802710e+00 1.486790809613692659e+02
1.022138731503421525e+02 7.625636102132882677e+00 1.496765352883640787e+02
1.015846602541305685e+02 7.234969690652722107e+00 1.506392356544074289e+02
1.009825376092444031e+02 6.850240200686793735e+00 1.515694136453874421e+02
1.004055027604877068e+02 6.471049134865368480e+00 1.524695043623554795e+02
9.984928251919313880e+01 6.096451168541243248e+00 1.533448691988812129e+02
9.931090360823088758e+01 5.725762912102077884e+00 1.541992470714664591e+02
9.878972789988722525e+01 5.358851687069431158e+00 1.550334013935013218e+02
9.828536058910925988e+01 4.995637971407408173e+00 1.558477909603234082e+02
9.779741588144415232e+01 4.636044048012296415e+00 1.566428641036853548e+02
9.732551659487228335e+01 4.279993924982125719e+00 1.574190591541068045e+02
9.686929410095584103e+01 3.927413323832020797e+00 1.581768045092121042e+02
9.642745531696857597e+01 3.578001542458359996e+00 1.589176301595149994e+02
9.599641614098432285e+01 3.230895313601466423e+00 1.596457970732337515e+02
9.557561806126301462e+01 2.885968600876574808e+00 1.603619634698190737e+02
9.516484413729213543e+01 2.543178567264140710e+00 1.610663808606349221e+02
9.476395070500231554e+01 2.202496893322194893e+00 1.617592140144959387e+02
9.437276038932485278e+01 1.863898913510475985e+00 1.624406664210153508e+02
9.399039167649448245e+01 1.527391826885180492e+00 1.631117550535354610e+02
9.361607092087147919e+01 1.192981241304373663e+00 1.637733725882694102e+02
9.324953145084221262e+01 8.606488449515073968e-01 1.644258268226153064e+02
9.289067806937509886e+01 5.303697373979568974e-01 1.650692275962566100e+02
9.253883695206110360e+01 2.018547322808443845e-01 1.657043659713625061e+02
9.219341718755312343e+01 -1.251495916192387203e-01 1.663319354426159578e+02
9.185432775267850047e+01 -4.506651431628648230e-01 1.669520408397466440e+02
9.152149495659915601e+01 -7.747059925906828459e-01 1.675647666093028931e+02
9.119484600612472036e+01 -1.097286043403129741e+00 1.681701961726708419e+02
9.087430890843218378e+01 -1.418419050374787771e+00 1.687684120371338281e+02
9.055981245674261970e+01 -1.738118622206686004e+00 1.693594958122229741e+02
9.025128623032145470e+01 -2.056398221526300585e+00 1.699435282097176696e+02
8.994866059447817008e+01 -2.373271164887555518e+00 1.705205890436453160e+02
8.965186670056652929e+01 -2.688750622770819554e+00 1.710907572302814970e+02
8.936083645304789513e+01 -3.002849625682327162e+00 1.716541108257509620e+02
8.907550242981473332e+01 -3.315581078909065837e+00 1.722107271169887497e+02
8.879579820473607299e+01 -3.626957702789180171e+00 1.727606822535145739e+02
8.852165808936143776e+01 -3.936992080543852079e+00 1.733040515423098498e+02
8.825301708991071337e+01 -4.245696666242131379e+00 1.738409094969188970e+02
8.798981090727416188e+01 -4.553083784800939782e+00 1.743713298374490535e+02
8.773197593701235064e+01 -4.859165631985070455e+00 1.748953854905709022e+02
8.747944926935625176e+01 -5.163954274407185352e+00 1.754131485895178173e+02
8.723216868920718525e+01 -5.467461649527814771e+00 1.759246904740863897e+02
8.699007267613674799e+01 -5.769699565655366236e+00 1.764300816906362002e+02
8.675310040438698422e+01 -6.070679701946111173e+00 1.769293919920898190e+02
8.652119174287022929e+01 -6.370413608404196459e+00 1.774226903379329485e+02
8.629428725518700105e+01 -6.668912705878324410e+00 1.779100448941941579e+02
8.607232820797766237e+01 -6.966188284518418428e+00 1.783915230239121570e+02
8.585525655152109437e+01 -7.262251507366391579e+00 1.788671913092842942e+02
