2.540000000000000000e+02 7.000000000000000000e+00 0.000000000000000000e+00
2.527588838741606594e+02 7.495990215907776033e+00 7.115326705190710976e-01
2.514954882857756502e+02 7.992202488644748470e+00 1.445132393973307838e+00
2.502095813556580310e+02 8.488609314037889320e+00 2.201062891349196970e+00
2.488979479815365607e+02 8.985724232264848510e+00 2.981964769038664365e+00
2.475505947599316698e+02 9.484796522492889181e+00 3.796546023208954068e+00
2.461653682079021053e+02 9.985843475649586409e+00 4.647004182661671479e+00
2.447413956140898961e+02 1.048888729979221068e+01 5.534192933122485059e+00
2.432777827245707272e+02 1.099394767391603267e+01 6.458990641795921306e+00
2.417724832064108966e+02 1.150020985679071472e+01 7.424478723184138040e+00
2.402190767430755898e+02 1.200468386373370855e+01 8.441324081616054187e+00
2.386145008437143815e+02 1.250625337563658235e+01 9.514157535177725222e+00
2.369512506316019085e+02 1.300523634808018869e+01 1.065060453981092792e+01
2.352251329342662132e+02 1.350185800029610839e+01 1.185484932217387311e+01
2.334341358383800298e+02 1.399598704603515742e+01 1.312913194610981549e+01
2.315761617045778848e+02 1.448749148378150942e+01 1.447578327983305613e+01
2.296490457066345812e+02 1.497623495256932458e+01 1.589720901937693220e+01
2.276534288067818466e+02 1.546296694468651545e+01 1.739131117457888109e+01
2.255978790249795622e+02 1.595054324729498596e+01 1.894352208487303102e+01
2.234841730474141173e+02 1.643999689506039275e+01 2.055080055502030945e+01
2.213122150961585248e+02 1.693181161766021603e+01 2.221282044448495085e+01
2.190806897760830338e+02 1.742601219380464883e+01 2.393084837010636790e+01
2.167987489537109980e+02 1.791968049165098265e+01 2.569891542890773906e+01
2.144712368382068064e+02 1.841091708112481484e+01 2.751424985159932390e+01
2.120975425030144947e+02 1.889948326687392210e+01 2.937771040106543552e+01
2.096770069101171998e+02 1.938529469464011257e+01 3.129003220726544043e+01
2.072089634214309513e+02 1.986826322876077100e+01 3.325196195563241730e+01
2.046927376571907189e+02 2.034829948799777455e+01 3.526425523575709065e+01
2.021276463293076233e+02 2.082531264001180205e+01 3.732767790190523272e+01
1.995129971411132033e+02 2.129921038371015385e+01 3.944300618992330953e+01
1.968480887873595009e+02 2.176989894924672697e+01 4.161102671723841695e+01
1.941322109542189196e+02 2.223728309802204350e+01 4.383253648285833037e+01
1.913646443192844231e+02 2.270126612268323996e+01 4.610834286737147636e+01
1.885446605515693363e+02 2.316174984712405660e+01 4.843926363294693260e+01
1.856715221670287121e+02 2.361863460026555472e+01 5.082612709262767936e+01
1.827444821344833485e+02 2.407181914630493225e+01 5.326977257023385448e+01
1.797627838811599474e+02 2.452120068652830653e+01 5.577105039303036449e+01
1.767256612094157902e+02 2.496667484408792603e+01 5.833082198941425389e+01
1.736339960290228817e+02 2.540757395165162080e+01 6.094889276357429253e+01
1.705279676250107741e+02 2.583025133893507785e+01 6.359943301793405368e+01
1.674352116042582281e+02 2.622196885145702083e+01 6.626794488096334135e+01
1.643843982079421266e+02 2.655624140037728509e+01 6.895265022442652025e+01
1.613887895460723030e+02 2.681845627626671202e+01 7.165521119407124218e+01
1.584748116267560363e+02 2.697149633925739920e+01 7.438695626230150992e+01
1.556525654404600800e+02 2.700173727078612984e+01 7.715170672063244695e+01
1.529221830889562455e+02 2.691177272018737199e+01 7.994675472734721211e+01
1.502877081221232345e+02 2.670195949552056192e+01 8.276777964586105441e+01
1.477273704632066256e+02 2.640791072847132170e+01 8.560046794473848308e+01
1.452228749569193837e+02 2.605484884130304835e+01 8.843751484911912542e+01
1.427743453833491003e+02 2.564393402669116995e+01 9.127764321802197856e+01
1.403818391885259018e+02 2.517635437373374785e+01 9.411961281555667824e+01
1.381018411597917748e+02 2.462236930311573246e+01 9.693785650702592704e+01
1.359755625282975018e+02 2.397029317078967026e+01 9.970362366504190277e+01
1.339987850127239710e+02 2.322497045091025214e+01 1.024162096651146214e+02
1.321609894518214787e+02 2.240048771403462879e+01 1.050716350368332570e+02
1.303934693225521357e+02 2.157449872125683399e+01 1.076578820334741806e+02
1.286734925648062244e+02 2.076909487026943069e+01 1.101748302460606794e+02
1.270011482822711031e+02 1.998427254382398033e+01 1.126224106860144047e+02
1.253861738362453337e+02 1.922439558354798450e+01 1.149864921972909428e+02
1.238290990139327477e+02 1.848972382837600037e+01 1.172663130268577731e+02
1.223302639985061120e+02 1.778010448439012237e+01 1.194612829230072322e+02
1.208903513643959258e+02 1.709551388273638750e+01 1.215703070518675446e+02
1.195077424502452175e+02 1.643521957077657447e+01 1.235957322363207140e+02
1.181804224020474123e+02 1.579835512490136296e+01 1.255404940543870396e+02
1.169063639257642819e+02 1.518411051574244475e+01 1.274075657418614753e+02
1.156830678123007061e+02 1.459137079939988091e+01 1.292005758368352417e+02
1.145075826442720626e+02 1.401876076139941141e+01 1.309237909101018431e+02
1.133796238847428128e+02 1.346635877192520603e+01 1.325776890240376531e+02
1.123015362543694806e+02 1.293567154213475057e+01 1.341590116800741725e+02
1.112733294099274133e+02 1.242696261514917389e+01 1.356678268686031288e+02
1.102915100684385976e+02 1.193869118628288462e+01 1.371092119706554229e+02
1.093534671761072588e+02 1.146971144626618688e+01 1.384869639292743670e+02
1.084557008027472449e+02 1.101850125913739120e+01 1.398061766205231038e+02
1.075965074901964442e+02 1.058592365277259972e+01 1.410698366906208321e+02
1.067761818790546613e+02 1.017425173228902047e+01 1.422781938876181869e+02
1.059946078692263711e+02 9.783728060817923122e+00 1.434315098963577384e+02
1.052497746921575015e+02 9.413234476871382483e+00 1.445326341476697394e+02
1.045381857704072104e+02 9.061061272215257034e+00 1.455865958368683550e+02
1.038566300175119324e+02 8.726106926799863217e+00 1.465981617746337236e+02
1.032032130252176785e+02 8.407525893293980701e+00 1.475700822723780732e+02
1.025759691781458827e+02 8.104134453338232902e+00 1.485051140922165018e+02
1.019733389701234927e+02 7.815011081305941687e+00 1.494054500078272270e+02
1.013941042997456492e+02 7.539379514712592822e+00 1.502727848876077132e+02
1.008357822173732075e+02 7.275625263697618195e+00 1.511105633333630180e+02
1.002948473666008056e+02 7.021657513149677676e+00 1.519237398196870572e+02
9.976830593141716008e+01 6.775706378004209718e+00 1.527165236018976771e+02
9.925440016377726238e+01 6.536705614537329900e+00 1.534913774718476134e+02
9.875255220686210578e+01 6.304288533549688545e+00 1.542491059549883516e+02
9.826246885297865674e+01 6.078291959498395514e+00 1.549901245116003849e+02
9.778387269151858163e+01 5.858560408351216608e+00 1.557148258703531098e+02
9.731651853094123794e+01 5.644951697468313156e+00 1.564235556426941969e+02
9.685851093234769849e+01 5.436839517561412372e+00 1.571191351393462980e+02
9.640899501144062356e+01 5.233922898192949980e+00 1.578028309831526315e+02
9.596767701006153573e+01 5.035982897701943628e+00 1.584750418692864855e+02
9.553292294841672572e+01 4.842034819339414931e+00 1.591380592238248539e+02
9.510417110538824659e+01 4.651737511082929544e+00 1.597926699467952574e+02
9.468131908541732855e+01 4.465029463949169219e+00 1.604390176962756414e+02
9.426427749156366076e+01 4.281857070265004950e+00 1.610772279230842230e+02
9.385292577684354853e+01 4.102143483970868587e+00 1.617074683486629283e+02
9.344710742344339849e+01 3.925785079688824286e+00 1.623299555244195744e+02
9.304671429701714658e+01 3.752713824768135531e+00 1.629448401865557230e+02
9.265164564462358499e+01 3.582866902102045170e+00 1.635522629626138098e+02
9.226180728098636052e+01 3.416186107741527866e+00 1.641523554772025761e+02
9.187711158849387516e+01 3.252617850895287877e+00 1.647452403519974951e+02
9.149747751719939970e+01 3.092113153929761715e+00 1.653310312057405156e+02
9.112283058482098852e+01 2.934627652369115935e+00 1.659098326542401196e+02
9.075310287674156484e+01 2.780121594895249348e+00 1.664817403103714355e+02
9.038822221005983693e+01 2.628555510318879573e+00 1.670468566750375032e+02
9.002806642254107317e+01 2.479869484863393758e+00 1.676053573994315968e+02
8.967255755174633691e+01 2.334019288773014900e+00 1.681573526858969387e+02
8.932162604525112215e+01 2.190965242194885310e+00 1.687029407789563038e+02
8.897522911231607168e+01 2.050693299263702585e+00 1.692421854010649724e+02
8.863307382845503923e+01 1.913026413969024286e+00 1.697754971733289722e+02
8.829466513359709268e+01 1.777727248613117039e+00 1.703035896466280121e+02
8.795960257567799090e+01 1.644694557264476220e+00 1.708270687141717303e+02
8.762776700461377288e+01 1.513861268157596029e+00 1.713461029642976996e+02
8.729871807500252601e+01 1.384907533989313766e+00 1.718612926845246704e+02
8.697229890870748648e+01 1.257736246675304148e+00 1.723728570620520770e+02
8.664845641517908348e+01 1.132317005044729319e+00 1.728808710528912513e+02
8.632716179986840643e+01 1.008625335879310025e+00 1.733853727846959885e+02
8.600841056422699182e+01 8.866426939133266183e-01 1.738863635567624897e+02
8.569222250570699373e+01 7.663564618336197176e-01 1.743838078400294478e+02
8.537862051011141773e+01 6.477558182715997814e-01 1.748776657538288930e+02
8.506757605980973835e+01 5.308224753070255320e-01 1.753679769414447094e+02
