2.540000000000000000e+02 7.000000000000000000e+00 0.000000000000000000e+00
2.529117564763492396e+02 7.480528839480518499e+00 7.159345457601524743e-01
2.517933531708730470e+02 7.970702622976646445e+00 1.451843977677256481e+00
2.506440519721904536e+02 8.470751703379827191e+00 2.208208563810631464e+00
2.494625636659636712e+02 8.980744262044396464e+00 2.985441734266486069e+00
2.482402874829928692e+02 9.498422107611169452e+00 3.782850246153190099e+00
2.469742298224673789e+02 1.002322457294498648e+01 4.600536871136386985e+00
2.456547843062006109e+02 1.055107629420190918e+01 5.453425745772621624e+00
2.442732721392717963e+02 1.107861684728436380e+01 6.354395036494423721e+00
2.428276354387323011e+02 1.160579227355203713e+01 7.305066505250834119e+00
2.413157527456299078e+02 1.213254904460620764e+01 8.307107883398208159e+00
2.397354333484736344e+02 1.265883181433522608e+01 9.362241391155897929e+00
2.380844160072727789e+02 1.318458338536653862e+01 1.047224474159200547e+01
2.363603659441214973e+02 1.370974462994392695e+01 1.163895350857695732e+01
2.345608707303061635e+02 1.423425438179230262e+01 1.286426436300258658e+01
2.326825307767615811e+02 1.475800332979970619e+01 1.415007640113939580e+01
2.307371155142663497e+02 1.528164873058910089e+01 1.549933200397916622e+01
2.287373500564254982e+02 1.580594480134015001e+01 1.691520870016493561e+01
2.266813419362752313e+02 1.633093878139028021e+01 1.840008373742570313e+01
2.245673022469214004e+02 1.685668740595296100e+01 1.995642956937315660e+01
2.223932650305985419e+02 1.738324440041321495e+01 2.158680078939185520e+01
2.201571932735953965e+02 1.791066565834357860e+01 2.329384357211709400e+01
2.178569738849239741e+02 1.843900939331031452e+01 2.508030214286526061e+01
2.154904173325250269e+02 1.896833614986887895e+01 2.694901924635665935e+01
2.130552549233126172e+02 1.949870888576232986e+01 2.890293965123743192e+01
2.105491348741657873e+02 2.003019309069629017e+01 3.094511521221126316e+01
2.079696395466320098e+02 2.056285202773397813e+01 3.307867880989809350e+01
2.053371523054904344e+02 2.109121889952774609e+01 3.527301185593375976e+01
2.026726889237683622e+02 2.160995687302024493e+01 3.749692780662059022e+01
1.999770851793676911e+02 2.211875384134414446e+01 3.974928670254013241e+01
1.972501868279860844e+02 2.261754522280833157e+01 4.203042492595699287e+01
1.944920683486757014e+02 2.310620847641182962e+01 4.434033809789308833e+01
1.917027773923310292e+02 2.358462890563097858e+01 4.667906428213129288e+01
1.888823639328515185e+02 2.405269192630324326e+01 4.904663998190216034e+01
1.860308802720062999e+02 2.451028307397649897e+01 5.144310013302883533e+01
1.831483810482264971e+02 2.495728801635191019e+01 5.386847809195109704e+01
1.802349232392266174e+02 2.539359255782618519e+01 5.632280563174466437e+01
1.772905661647137663e+02 2.581908264439556078e+01 5.880611293790601479e+01
1.743153714973319381e+02 2.623364438041364011e+01 6.131842859282023284e+01
1.713094032643774369e+02 2.663716403156932344e+01 6.385977957315309794e+01
1.682727278505535082e+02 2.702952803135217152e+01 6.643019124484027316e+01
1.652047671112428588e+02 2.741114615135975896e+01 6.902964015452371882e+01
1.621599271741654604e+02 2.773808609460176555e+01 7.166202007073664504e+01
1.592136548756930665e+02 2.795063099330565493e+01 7.433183177264986341e+01
1.563657476591451427e+02 2.805079713857650248e+01 7.703764112606785375e+01
1.536145315817811081e+02 2.804174557397064760e+01 7.977794319003174905e+01
1.509583495281129899e+02 2.792657773899595242e+01 8.255127113194650690e+01
1.483955613360686527e+02 2.770833582666152850e+01 8.535619586069768161e+01
1.459245437969917987e+02 2.739000278347779371e+01 8.819132602665141007e+01
1.435436905798030693e+02 2.697450236446919902e+01 9.105530802373608878e+01
1.412514120252405689e+02 2.646470017003945685e+01 9.394682527677611006e+01
1.390461358497869639e+02 2.586340488932851756e+01 9.686459680273028994e+01
1.369253201525193049e+02 2.517461854814197508e+01 9.980703274808375625e+01
1.348450207626631254e+02 2.446360335381124784e+01 1.027453302251964260e+02
1.328424470496121899e+02 2.376163053641679568e+01 1.055800300766636894e+02
1.309295320978317250e+02 2.306808775378688026e+01 1.082938110113630046e+02
1.291027799938649707e+02 2.238280975331254652e+01 1.108912682177849121e+02
1.273588214491311845e+02 2.170563613338767439e+01 1.133768313144587552e+02
1.256944139330379357e+02 2.103641134818708736e+01 1.157547641761484698e+02
1.241064412796194603e+02 2.037498469233264942e+01 1.180291654483993256e+02
1.225919039478414305e+02 1.972120994652970438e+01 1.202039812683288886e+02
1.211479080475551626e+02 1.907485084667909803e+01 1.222829053452517911e+02
1.197716979142596614e+02 1.843604051369803543e+01 1.242698853508449162e+02
1.184611592165650649e+02 1.781222043629154328e+01 1.261769213684118682e+02
1.172139194129525634e+02 1.720658843955121498e+01 1.280113568308609331e+02
1.160274184446631978e+02 1.661864402540433971e+01 1.297763424604952718e+02
1.148991854579462171e+02 1.604771488895340070e+01 1.314746857964132403e+02
1.138268465684950144e+02 1.549313318733263145e+01 1.331090589115616751e+02
1.128081242574297676e+02 1.495425812231409246e+01 1.346820255202312921e+02
1.118414799991798390e+02 1.443067730530492199e+01 1.361961523130323428e+02
1.109195137648595448e+02 1.392013869328208386e+01 1.376529803394322187e+02
1.100319804295125579e+02 1.341950600239211155e+01 1.390532704767053929e+02
1.091721325648508554e+02 1.292767273138841233e+01 1.403998428791525441e+02
1.083366838978596292e+02 1.244447361714802014e+01 1.416955493393805625e+02
1.075249146115957899e+02 1.196970508368955244e+01 1.429418349337743166e+02
1.067361553465662354e+02 1.150316810518129174e+01 1.441400894078144859e+02
1.059697496156558998e+02 1.104466964351034797e+01 1.452916645811725687e+02
1.052250596074758420e+02 1.059402164191326179e+01 1.463978755525215831e+02
1.045014642421728297e+02 1.015104079884063282e+01 1.474600030845016363e+02
1.037983591714291975e+02 9.715548567957117854e+00 1.484792936037199524e+02
1.031151567788920858e+02 9.287371158262560655e+00 1.494569591998705391e+02
1.024512863957689035e+02 8.866339594897494791e+00 1.503941771838125305e+02
1.018061932551578224e+02 8.452289423743405195e+00 1.512920922315221617e+02
1.011793375254815857e+02 8.045060438459554319e+00 1.521518183657620114e+02
1.005701943420469036e+02 7.644496689341061746e+00 1.529744388914353124e+02
9.997821826838992365e+01 7.250493044226732131e+00 1.537609519685329360e+02
9.940389420203244697e+01 6.861594863861145477e+00 1.545139329293774892e+02
9.884856599666107968e+01 6.475509456884259940e+00 1.552367396141778499e+02
9.830930757815184506e+01 6.090833825500023835e+00 1.559345475948692581e+02
9.777644726593641167e+01 5.702951836632208504e+00 1.566235659158124349e+02
9.724932188009755407e+01 5.311577819748764639e+00 1.573049077888282454e+02
9.672792420966831628e+01 4.916745231963004947e+00 1.579785862263022409e+02
9.621224678500310290e+01 4.518487556052833476e+00 1.586446145731713671e+02
9.570228195002134441e+01 4.116838231075812260e+00 1.593030064069662330e+02
9.519802186447505221e+01 3.711830650178229885e+00 1.599537755346730989e+02
9.469945850394879017e+01 3.303498160595110367e+00 1.605969359927337621e+02
9.420658365985964622e+01 2.891874063650204718e+00 1.612325020470456423e+02
9.371938893945726079e+01 2.476991614755996274e+00 1.618604881929616965e+02
9.323786576582378416e+01 2.058884023413698916e+00 1.624809091552907034e+02
9.276200537787400435e+01 1.637584453213259073e+00 1.630937798882968082e+02
9.229179883035517662e+01 1.213126021833349277e+00 1.636991155756999206e+02
9.182723699384710869e+01 7.855418010413768304e-01 1.642969316306754877e+02
9.136831055476217500e+01 3.548648166934781911e-01 1.648872436958545791e+02
9.091501001534534510e+01 -7.887195126547891233e-02 1.654700676433239153e+02
9.046732569367401311e+01 -5.156355688018966488e-01 1.660454195746258108e+02
9.002524772367593187e+01 -9.553931478056467697e-01 1.666133158207356075e+02
8.958876609616277165e+01 -1.398111874046095382e+00 1.671737728865872157e+02
8.915787060154956123e+01 -1.843758962268004176e+00 1.677268075291816558e+02
8.873255081797879029e+01 -2.292301652895687436e+00 1.682724367730901633e+02
8.831279616068405858e+01 -2.743707248972086177e+00 1.688106778433490547e+02
8.789859588199023221e+01 -3.197943116158769694e+00 1.693415481654597556e+02
8.748993907131328740e+01 -3.654976682735929572e+00 1.698650653653889719e+02
8.708681465516042408e+01 -4.114775439602389895e+00 1.703812472695684050e+02
8.668921139712998070e+01 -4.577306940275597036e+00 1.708901119048950079e+02
8.629711789791156207e+01 -5.042538800891625428e+00 1.713916774987307861e+02
8.591052259528588309e+01 -5.510438700205177120e+00 1.718859624789030249e+02
8.552941376412482555e+01 -5.980974379589579115e+00 1.723729854737039773e+02
8.515377951639152343e+01 -6.454113643036786918e+00 1.728527653118912042e+02
8.478360780114026340e+01 -6.929824357157383652e+00 1.733253210226872625e+02
8.441888640451647063e+01 -7.408074451180573838e+00 1.737906718357800173e+02
8.405960294975683667e+01 -7.888831916954195833e+00 1.742488371813223011e+02
8.370574490074919538e+01 -8.372064811291606290e+00 1.746998366851297533e+02
8.335729961902065099e+01 -8.857741291424677144e+00 1.751436900920246842e+02
8.301425424538437881e+01 -9.345829534315114984e+00 1.755804174258368846e+02
