2.540000000000000000e+02 7.000000000000000000e+00 0.000000000000000000e+00
2.526478740573506911e+02 7.530451106632365388e+00 8.713192699779875872e-01
2.512700466378119870e+02 8.062289553208508153e+00 1.769325499168606264e+00
2.498660622828056432e+02 8.595517455897201842e+00 2.694516004878280135e+00
2.484354610999722581e+02 9.130149139154319471e+00 3.647380682229217630e+00
2.469777750213541196e+02 9.666199169491248355e+00 4.628418150174568702e+00
2.454925277561424650e+02 1.020368235686887459e+01 5.638135801925218793e+00
2.439792370606339773e+02 1.074261228142470692e+01 6.677048933508967998e+00
2.424374041971217366e+02 1.128300795232884646e+01 7.745684992297948490e+00
2.408663874751280503e+02 1.182497188182675707e+01 8.844636524281394685e+00
2.392647014386843125e+02 1.236912215026696416e+01 9.974855262431058023e+00
2.376315256479818743e+02 1.291564766350558813e+01 1.113703494900291524e+01
2.359659932125096873e+02 1.346423531620142278e+01 1.233240767599220256e+01
2.342667559517240363e+02 1.401399769092747327e+01 1.356326317532909620e+01
2.325322036559929586e+02 1.456471598078158181e+01 1.483191606288128206e+01
2.307605532045401162e+02 1.511624064547737056e+01 1.614089039004704063e+01
2.289510794596451717e+02 1.566853930944985152e+01 1.749095921460633463e+01
2.271040938126742219e+02 1.622067638369252762e+01 1.888096457032870390e+01
2.252190327731085233e+02 1.677228591334928609e+01 2.031155040318146732e+01
2.232949604370242582e+02 1.732293037761625598e+01 2.178425815417779177e+01
2.213309058280285626e+02 1.787228521881745280e+01 2.330045485868316035e+01
2.193248863499464676e+02 1.841902531663873432e+01 2.486356551839875451e+01
2.172755758961171466e+02 1.896252606100264160e+01 2.647561999829411761e+01
2.151822330633425793e+02 1.950278601432911785e+01 2.813740427685643652e+01
2.130440014595193645e+02 2.003969811641734466e+01 2.984993194138763073e+01
2.108600218045460792e+02 2.057316725031403593e+01 3.161420766378438429e+01
2.086294186101444836e+02 2.110309643830441928e+01 3.343125513819950356e+01
2.063512997354393121e+02 2.162938679068115633e+01 3.530211760284517197e+01
2.040247561676914074e+02 2.215193748046673150e+01 3.722785809744390662e+01
2.016488629878485028e+02 2.267053387122905761e+01 3.920966669014828199e+01
1.992226143194376959e+02 2.318050626218833088e+01 4.125328998427980309e+01
1.967449998848947530e+02 2.367854191540543596e+01 4.336316182571803068e+01
1.942150697301985076e+02 2.416419491357910942e+01 4.554075708408488765e+01
1.916324063695094253e+02 2.463679673379871105e+01 4.778720205848900804e+01
1.889994945385201959e+02 2.509377799878924264e+01 5.010253046501386365e+01
1.863168632695048643e+02 2.553390947012302092e+01 5.248745032347384409e+01
1.835840619289293727e+02 2.595565079533347941e+01 5.494404179989157910e+01
1.808035937337282064e+02 2.635137358822193931e+01 5.747740241473341882e+01
1.779759089166321644e+02 2.671888024433892284e+01 6.008932135732801072e+01
1.751079790957600437e+02 2.705699723934142042e+01 6.277371838445086638e+01
1.722130859632778765e+02 2.735656436810837988e+01 6.552576622285872077e+01
1.692962145397923450e+02 2.761551852011065478e+01 6.834224904027223602e+01
1.663605364441199583e+02 2.783192367184363647e+01 7.122172245377959143e+01
1.634290307934364819e+02 2.799496963470162925e+01 7.415059459390822383e+01
1.605518547233117772e+02 2.808173928923937979e+01 7.709889287653588497e+01
1.577810154427226905e+02 2.806978836434456070e+01 8.003441272946014351e+01
1.551218592396867848e+02 2.795881245451502295e+01 8.295181481917639132e+01
1.525737184605463881e+02 2.775158326232788752e+01 8.584900619764030694e+01
1.501401669392029135e+02 2.745845905763964367e+01 8.871133488279394896e+01
1.478215266191549517e+02 2.708558450854218336e+01 9.153209000165030318e+01
1.456158738817162259e+02 2.663566155898102394e+01 9.431060564096506482e+01
1.435170143281861215e+02 2.612504146180393150e+01 9.703705186607808741e+01
1.415186715153980970e+02 2.556530836105006088e+01 9.970651667833814713e+01
1.396185426965800787e+02 2.495805304069394381e+01 1.023198539855736158e+02
1.378057996645087542e+02 2.431587683595911642e+01 1.048710448239531701e+02
1.360491516548145512e+02 2.367695429335349999e+01 1.073392358646846674e+02
1.343382296031075214e+02 2.304838284194029541e+01 1.097385395135091954e+02
1.326697292508405610e+02 2.243256814176226044e+01 1.120764691006030631e+02
1.310447032181072302e+02 2.182948287978690161e+01 1.143512212054397423e+02
1.294637134718684308e+02 2.123955691792545508e+01 1.165621956288213852e+02
1.279262644861804290e+02 2.066274929496396240e+01 1.187101974312008679e+02
1.264311817522861787e+02 2.009870796702123386e+01 1.207969267810690326e+02
1.249773370606120437e+02 1.954709703876366333e+01 1.228240186789812469e+02
1.235704203106720200e+02 1.900833705953459329e+01 1.247866228543995106e+02
1.222294400021563803e+02 1.848426810065538817e+01 1.266673740355462883e+02
1.209589406567901761e+02 1.797508320406106819e+01 1.284627757004602699e+02
1.197541782739779421e+02 1.747989345762933056e+01 1.301782865076162068e+02
1.186098192032444558e+02 1.699759984902069831e+01 1.318202535651618632e+02
1.175219743353743240e+02 1.652739838679297790e+01 1.333933301092798729e+02
1.164884894979101091e+02 1.606883549885615992e+01 1.349001468290067578e+02
1.155070259713215250e+02 1.562142134282176364e+01 1.363435436494837063e+02
1.145753095965797570e+02 1.518467027315392848e+01 1.377262762970327117e+02
1.136898263131563880e+02 1.475771409065118966e+01 1.390526213052239370e+02
1.128470228161239390e+02 1.433971823591065764e+01 1.403270453124972903e+02
1.120443653158154262e+02 1.393018488103927588e+01 1.415526871641558841e+02
1.112788439050055160e+02 1.352856363894784764e+01 1.427332476841173445e+02
1.105487460748497455e+02 1.313451553387682580e+01 1.438708095288674542e+02
1.098528083636155230e+02 1.274777934997217521e+01 1.449668999000118106e+02
1.091896773634212110e+02 1.236807546462907403e+01 1.460231515495179622e+02
1.085559150242689412e+02 1.199473090371594175e+01 1.470437165402084929e+02
1.079495690939752706e+02 1.162736566643356184e+01 1.480309673481734194e+02
1.073697979205291659e+02 1.126580850277853330e+01 1.489859302247524226e+02
1.068157648517766205e+02 1.090988525391289166e+01 1.499096075347066801e+02
1.062866709254452928e+02 1.055942951789323203e+01 1.508029583281710302e+02
1.057779322159804707e+02 1.021340981259528213e+01 1.516718471992272157e+02
1.052865183510697449e+02 9.871152132067772200e+00 1.525201239106507956e+02
1.048116654539877572e+02 9.532497410922466941e+00 1.533487138240328136e+02
1.043529579869262847e+02 9.197359744037051144e+00 1.541581095684483387e+02
1.039100144649765554e+02 8.865661156576898350e+00 1.549487598043142214e+02
1.034824622152358131e+02 8.537325469335625527e+00 1.557211028336157312e+02
1.030699373352167072e+02 8.212278290261258107e+00 1.564755666487937731e+02
1.026720845464564178e+02 7.890446984630544058e+00 1.572125691048231033e+02
1.022885567682171342e+02 7.571760588194327291e+00 1.579325184203103731e+02
1.019188280753560321e+02 7.256172114487458025e+00 1.586360250709065838e+02
1.015612569526333431e+02 6.943645786048996627e+00 1.593249800950171675e+02
1.012147566149097599e+02 6.633960210808142577e+00 1.600006626029411620e+02
1.008787594825860339e+02 6.326929506146643511e+00 1.606637503024417981e+02
1.005530689359812300e+02 6.022433382886277720e+00 1.613144857267174928e+02
1.002374898241781409e+02 5.720422724350138211e+00 1.619530999985435074e+02
9.993094483390902383e+01 5.420612287495999659e+00 1.625809007663130217e+02
9.963160293568944326e+01 5.122504432477333225e+00 1.632001183219550740e+02
9.933896203690670745e+01 4.825967252672869634e+00 1.638113604415898124e+02
9.905288508779280221e+01 4.530969215271773542e+00 1.644147894063709714e+02
9.877338908413481988e+01 4.237521089307766609e+00 1.650103805981982816e+02
9.850009813558699534e+01 3.945526168115569554e+00 1.655985789915733051e+02
9.823265356988727603e+01 3.654892173069355543e+00 1.661798086643938746e+02
9.797082744369743068e+01 3.365562174531818496e+00 1.667543384874221033e+02
9.771452460982398236e+01 3.077515291037948852e+00 1.673222796262993768e+02
9.746368092036304631e+01 2.790739040150483241e+00 1.678837064415979512e+02
9.721822981788976392e+01 2.505220217499161350e+00 1.684386961814398944e+02
9.697810552926533489e+01 2.220945772008148467e+00 1.689873251858966228e+02
9.674324299094497803e+01 1.937902791316349349e+00 1.695296689734481959e+02
9.651357786390872207e+01 1.656078504691694153e+00 1.700658022237033151e+02
9.628904684030814565e+01 1.375460342888110032e+00 1.705957984224343136e+02
9.606958732636849163e+01 1.096035876248410812e+00 1.711197302286384456e+02
9.585513742407250959e+01 8.177928111290525548e-01 1.716376694957392885e+02
9.564563593116034212e+01 5.407189899001353384e-01 1.721496872715867141e+02
9.544102234112973804e+01 2.648023909454014224e-01 1.726558537984570307e+02
9.524123684323578232e+01 -9.968871337763397789e-03 1.731562385130528128e+02
9.504622032249112351e+01 -2.836065465383299511e-01 1.736509100465030144e+02
9.485591435966588847e+01 -5.561222482316263704e-01 1.741399362243629696e+02
9.467026123128765391e+01 -8.275274539793376904e-01 1.746233840666143351e+02
9.448920390964146065e+01 -1.097833505329505854e+00 1.751013197876650338e+02
9.431268606276985622e+01 -1.367051607816529346e+00 1.755738087963494536e+02
