2.540000000000000000e+02 7.000000000000000000e+00 0.000000000000000000e+00
2.525375853408922069e+02 7.525708824891977677e+00 9.121665879466541726e-01
2.510466663836899670e+02 8.052940552954964915e+00 1.852485543579742489e+00
2.495266141792249925e+02 8.581697226169978876e+00 2.821714174250570473e+00
2.479768152771455902e+02 9.111985661619165455e+00 3.820562065190844958e+00
2.463967073150555791e+02 9.643822520069429416e+00 4.849616291117802902e+00
2.447854390703637932e+02 1.017740488509813268e+01 5.909562978383235077e+00
2.431413717953683431e+02 1.071340312580992382e+01 7.001408543821790786e+00
2.414635261664298298e+02 1.125173723141431914e+01 8.126248896235859220e+00
2.397503750566259839e+02 1.179142721948853989e+01 9.286641156978232559e+00
2.380006430563558126e+02 1.233239001000509738e+01 1.048419939385389554e+01
2.362120597261350952e+02 1.287447748760212818e+01 1.172200617279191981e+01
2.343836803935618889e+02 1.341769227063674030e+01 1.300110471327766426e+01
2.325146424559476657e+02 1.396204732423346151e+01 1.432240523926846798e+01
2.306039868909671213e+02 1.450739547171857247e+01 1.568710093522079063e+01
2.286506361372235290e+02 1.505338651583557308e+01 1.709673981147770760e+01
2.266536025539646459e+02 1.559990535169436932e+01 1.855251571427160329e+01
2.246119009748817632e+02 1.614670238956883352e+01 2.005555440694925906e+01
2.225243377312149278e+02 1.669092869126827239e+01 2.160804088397671663e+01
2.203901005433806404e+02 1.723222362025490639e+01 2.321087446634848206e+01
2.182082595849718700e+02 1.777049949226336523e+01 2.486508820840645129e+01
2.159778634748597881e+02 1.830566619396100947e+01 2.657174168091792765e+01
2.136979432738975504e+02 1.883763189312264075e+01 2.833191407077598356e+01
2.113675103935546815e+02 1.936630283315399481e+01 3.014670651832110337e+01
2.089855561093224594e+02 1.989158328528447228e+01 3.201724266116148243e+01
2.065510515607134323e+02 2.041337554856710668e+01 3.394466863417299862e+01
2.040629477512617882e+02 2.093157994987856085e+01 3.593015306949921239e+01
2.015201753566937555e+02 2.144609482506696096e+01 3.797488731094565395e+01
1.989216437111405753e+02 2.195681642132980116e+01 4.008008654498846823e+01
1.962664668791209408e+02 2.246244043424111680e+01 4.224797536115425345e+01
1.935569328235780517e+02 2.295714279124542045e+01 4.448219790035402355e+01
1.907946487114755882e+02 2.343757929897856584e+01 4.678464292312364137e+01
1.879788431766035899e+02 2.390086036915129242e+01 4.915914186852359080e+01
1.851103547634037625e+02 2.434705920457369288e+01 5.160476231403694669e+01
1.821909299770988753e+02 2.477632288415772166e+01 5.411956762822537570e+01
1.792244776464240772e+02 2.518328781328145638e+01 5.670512691869388533e+01
1.762146243783405168e+02 2.556360303211708285e+01 5.936232197177050551e+01
1.731636323333803773e+02 2.591438464617030135e+01 6.209185829717888083e+01
1.700862487901540305e+02 2.622460227596193505e+01 6.489001437483281620e+01
1.669856982595935051e+02 2.649154932453155098e+01 6.775626729160470063e+01
1.638707363592563695e+02 2.671053702446040745e+01 7.068643949847421482e+01
1.607787831038761510e+02 2.686437789250853925e+01 7.365982796268131949e+01
1.577504831493917266e+02 2.693509518335647712e+01 7.665365817884853072e+01
1.548435756679678548e+02 2.689827301750510458e+01 7.963448352074917125e+01
1.520620706317836550e+02 2.675445380407364837e+01 8.259769057690257910e+01
1.494073468129899709e+02 2.651115762803572196e+01 8.553395741706495414e+01
1.468821063550899169e+02 2.617975122038702551e+01 8.842849674917228242e+01
1.444836231122210961e+02 2.576389467870135519e+01 9.128036640118253331e+01
1.422021020313384270e+02 2.527921408235696532e+01 9.408376475436695330e+01
1.400323747259173217e+02 2.473901802168125386e+01 9.683035239167480768e+01
1.379722622271912940e+02 2.414723379626714461e+01 9.951826335473769802e+01
1.360191742265800769e+02 2.350555956515622569e+01 1.021484133705463364e+02
1.341651244159441205e+02 2.282203352448067690e+01 1.047180082348177734e+02
1.323709139131596544e+02 2.213972469778933672e+01 1.072083231369832532e+02
1.306216252378470131e+02 2.147038552076700668e+01 1.096334928473298902e+02
1.289144266559497396e+02 2.081523933149288652e+01 1.119992222340107730e+02
1.272495008309847151e+02 2.017391810853362699e+01 1.143049168865414913e+02
1.256287899348238710e+02 1.954637920509664184e+01 1.165472877528538476e+02
1.240517703205394753e+02 1.893232920177631229e+01 1.187269828312304298e+02
1.225194986947084459e+02 1.833243230849199534e+01 1.208427509390519532e+02
1.210316268646778326e+02 1.774671113129793909e+01 1.228951934537527535e+02
1.195866874592960727e+02 1.717466954838917204e+01 1.248863815896685310e+02
1.181829195712309399e+02 1.661588140628463961e+01 1.268185423882133733e+02
1.168336493575177428e+02 1.607167158659596140e+01 1.286795771001227990e+02
1.155550873531131515e+02 1.554359467408698947e+01 1.304548967412640081e+02
1.143424066611614904e+02 1.503043779808327862e+01 1.321505666965638568e+02
1.131915032001314643e+02 1.453130186881412911e+01 1.337714698513038343e+02
1.120997911343060593e+02 1.404560985705957421e+01 1.353207342632212544e+02
1.110645924913652465e+02 1.357275976871425271e+01 1.368015856565177160e+02
1.100816036308190746e+02 1.311165353982885762e+01 1.382192473849337659e+02
1.091464266251561099e+02 1.266120857474122907e+01 1.395791788319374689e+02
1.082562602382949848e+02 1.222085239458823658e+01 1.408847742301492474e+02
1.074076369505209811e+02 1.178989633515761071e+01 1.421402552926070655e+02
1.065987269622201694e+02 1.136794847443315959e+01 1.433478273912868701e+02
1.058280901128132996e+02 1.095468889082996000e+01 1.445092174022991003e+02
1.050942534010700626e+02 1.054979412771426794e+01 1.456261945215065623e+02
1.043950544841345192e+02 1.015281679623020317e+01 1.467013760744663102e+02
1.037270191096835958e+02 9.763036049330571231e+00 1.477389376668240573e+02
1.030883726070675266e+02 9.380067550823605771e+00 1.487410032158001059e+02
1.024782764910797255e+02 9.003722027433015640e+00 1.497085812310650113e+02
1.018934196299674966e+02 8.633255815187242277e+00 1.506457718855406540e+02
1.013281604589840583e+02 8.267314742505899261e+00 1.515597155880327591e+02
1.007816951372661833e+02 7.905705654709625385e+00 1.524514025891942879e+02
1.002535709676925677e+02 7.548330341480832040e+00 1.533213631683475739e+02
9.974334202560477536e+01 7.195091764466233109e+00 1.541701203577582930e+02
9.925057330519183552e+01 6.845895254240419447e+00 1.549981843891228550e+02
9.877484006481276424e+01 6.500648368289456691e+00 1.558060534610521017e+02
9.831572772290346052e+01 6.159260868430505020e+00 1.565942138611005987e+02
9.787283179356282403e+01 5.821644706838564609e+00 1.573631400412794790e+02
9.744577806691565058e+01 5.487723541398579208e+00 1.581132703210529939e+02
9.703381175337673881e+01 5.157240434626255698e+00 1.588455013076262219e+02
9.663477689864791387e+01 4.829534319469486192e+00 1.595624158640845849e+02
9.624555836046533841e+01 4.503874147000316519e+00 1.602677523203712155e+02
9.586574997653890762e+01 4.180193820938136184e+00 1.609619891468186097e+02
9.549545982540770694e+01 3.858450350615457047e+00 1.616449984453205388e+02
9.513446817326676808e+01 3.538620760148302402e+00 1.623170348766849713e+02
9.478192457185274122e+01 3.220722087754912089e+00 1.629790891221249751e+02
9.443715292861355692e+01 2.904758230262804108e+00 1.636319490404166288e+02
9.409953247212860106e+01 2.590544161465236250e+00 1.642763447523880700e+02
9.376863661376864911e+01 2.277966689418690738e+00 1.649127769631138847e+02
9.344445462132790681e+01 1.967028629956091956e+00 1.655412563628998441e+02
9.312690748864170587e+01 1.657713744562454350e+00 1.661618741005045479e+02
9.281590565471944387e+01 1.350002755559054801e+00 1.667747337943408183e+02
9.251136569501085205e+01 1.043878022571843367e+00 1.673799318586380025e+02
9.221320509092788598e+01 7.393220940597062807e-01 1.679775636630283771e+02
9.192134256967189287e+01 4.363177780346749191e-01 1.685677231408157297e+02
9.163569789769996987e+01 1.348480990807610358e-01 1.691505030270542704e+02
9.135619178081742575e+01 -1.651037224372489676e-01 1.697259949737154727e+02
9.108274586417797991e+01 -4.635542703737940418e-01 1.702942895496880453e+02
9.081528273228363446e+01 -7.605199328025399330e-01 1.708554762407777332e+02
9.055372590898473106e+01 -1.056016902016376768e+00 1.714096434497074313e+02
9.029799985747986568e+01 -1.350061174527420693e+00 1.719568784961172696e+02
9.004802998031603067e+01 -1.642668551067014926e+00 1.724972676165644145e+02
8.980374261938852953e+01 -1.933854636585725206e+00 1.730308959645232676e+02
8.956506503681454490e+01 -2.223634844233955743e+00 1.735578476324330381e+02
8.933192536347222301e+01 -2.512024406072342675e+00 1.740782057110203596e+02
8.910425278986549813e+01 -2.799038333349847196e+00 1.745920520692802711e+02
8.888197736197547272e+01 -3.084691458989110124e+00 1.750994675898063804e+02
8.866502994701805562e+01 -3.368998444712840712e+00 1.756005322082637292e+02
8.845334223344400471e+01 -3.651973781043813538e+00 1.760953249133887653e+02
8.824684673093881315e+01 -3.933631787304872507e+00 1.765839237469891714e+02
8.804547677042293685e+01 -4.213986611618929068e+00 1.770664058039439794e+02
8.784916650405148175e+01 -4.493052230908961775e+00 1.775428472322036271e+02
8.765785090521443124e+01 -4.770842450898014953e+00 1.780133232327897588e+02
