2.540000000000000000e+02 7.000000000000000000e+00 0.000000000000000000e+00
2.529105210105421691e+02 7.474471851147144186e+00 6.954490118014775568e-01
2.517910421653149626e+02 7.957291239902964719e+00 1.411749761866152975e+00
2.506408301707389228e+02 8.448655300170031524e+00 2.149403371057002410e+00
2.494591340773038439e+02 8.948765897589902707e+00 2.908923022110001089e+00
2.482451850651036409e+02 9.457829687005617103e+00 3.690834106138582982e+00
2.469981960300937374e+02 9.976058223315206419e+00 4.495674505262456933e+00
2.457173610734275826e+02 1.050366809829652404e+01 5.323994941451616114e+00
2.443966587965951476e+02 1.103841812380131238e+01 6.184586841446868100e+00
2.430189071723176255e+02 1.157377308359638413e+01 7.097116922394252292e+00
2.415730955288705957e+02 1.210727671659015137e+01 8.062829279395838711e+00
2.400567989104100377e+02 1.263875973385713181e+01 9.083503867843708335e+00
2.384676751569953694e+02 1.316808798943017500e+01 1.016100554100455611e+01
2.368033044948575423e+02 1.369512270911204155e+01 1.129726107255151746e+01
2.350611887088437584e+02 1.421972044098387400e+01 1.249425981689183018e+01
2.332393524166538157e+02 1.474182634320227869e+01 1.375411023178136460e+01
2.313485141642551071e+02 1.526338144660067542e+01 1.508020474293487467e+01
2.293980746836672893e+02 1.578619757240317867e+01 1.647606592012577664e+01
2.273860422579804492e+02 1.631036406518107285e+01 1.794435440416056338e+01
2.253101816332281544e+02 1.683594463258891594e+01 1.948780783193388189e+01
2.231682132060057597e+02 1.736301288170348656e+01 2.110927478839884586e+01
2.209577694463422119e+02 1.789164529817470850e+01 2.281171145725057414e+01
2.186763925953452201e+02 1.842192154092101575e+01 2.459818599758381552e+01
2.163215282744505430e+02 1.895392466578535462e+01 2.647188647098706937e+01
2.138905248629553171e+02 1.948774114731397233e+01 2.843612161366997881e+01
2.113806294945885043e+02 2.002346101882103468e+01 3.049432580247281876e+01
2.087890709748184861e+02 2.056115979510975933e+01 3.264994356731661895e+01
2.061417692931121621e+02 2.109501270522526184e+01 3.486678213954782279e+01
2.034615373748736999e+02 2.162011064860669762e+01 3.711327663823748679e+01
2.007489908793811253e+02 2.213622033098794972e+01 3.938866709777711606e+01
1.980042941472694054e+02 2.264320602239447666e+01 4.169282387997710515e+01
1.952273470046094985e+02 2.314098879737914771e+01 4.402598679433547346e+01
1.924182284775542087e+02 2.362945092728945795e+01 4.638814683457805188e+01
1.895769895416947008e+02 2.410848175144795036e+01 4.877933634363383675e+01
1.867036829699368639e+02 2.457797085727103337e+01 5.119958696367954332e+01
1.837983640210766509e+02 2.503780793027371843e+01 5.364892867274542709e+01
1.808610904431409665e+02 2.548788276028371769e+01 5.612738977947778807e+01
1.778919224847429348e+02 2.592808525497613559e+01 5.863499690901095818e+01
1.748909229011046591e+02 2.635830544822304944e+01 6.117177499490701820e+01
1.718581569555704505e+02 2.677843350347663787e+01 6.373774727650761918e+01
1.687936924265306970e+02 2.718835972390443345e+01 6.633293528940957628e+01
1.656975996144595058e+02 2.758797456262927739e+01 6.895735885581314051e+01
1.625869891897852426e+02 2.796309913665549729e+01 7.161167090293182014e+01
1.595679321975629819e+02 2.822696492180105921e+01 7.429919619413399801e+01
1.566578434432042002e+02 2.836742887945420932e+01 7.701891444578424739e+01
1.538543568136830118e+02 2.838872376288933097e+01 7.976904042524797944e+01
1.511551278455332579e+02 2.829499066011342023e+01 8.254784646539404491e+01
1.485578516198968373e+02 2.809026823276835927e+01 8.535365999211155952e+01
1.460602627466155639e+02 2.777849281865177744e+01 8.818486345432269502e+01
1.436601352082092831e+02 2.736349865138284443e+01 9.103989425129259416e+01
1.413552817096077376e+02 2.684902103199218004e+01 9.391724266770972918e+01
1.391435533226289465e+02 2.623869877288478136e+01 9.681545019026219734e+01
1.370216683367062842e+02 2.553751446284205429e+01 9.973280804314237002e+01
1.349380757606285215e+02 2.480946097610724266e+01 1.026554938913807575e+02
1.328627472730169643e+02 2.409214365953379300e+01 1.055747998312706244e+02
1.308475877859580123e+02 2.338539314210323639e+01 1.084202596710782558e+02
1.289348056723686966e+02 2.268902386351221878e+01 1.111341214341664596e+02
1.271197650585428107e+02 2.200277181229228418e+01 1.137222009239578284e+02
1.253981757529417962e+02 2.132638331278390709e+01 1.161898674789746622e+02
1.237659296446035455e+02 2.065961390510119244e+01 1.185422638081420672e+02
1.222190862646193494e+02 2.000222763958303318e+01 1.207843239415603875e+02
1.207538732093650964e+02 1.935399709727406758e+01 1.229207727044821610e+02
1.193666839175219394e+02 1.871470327967253056e+01 1.249561284823541314e+02
1.180542359951680709e+02 1.808788773352148027e+01 1.268989608451965125e+02
1.168135941062199379e+02 1.748192028998416347e+01 1.287632833952906424e+02
1.156415484280102817e+02 1.689648752792412623e+01 1.305532762930982926e+02
1.145350040843031678e+02 1.633066860635535988e+01 1.322722359347063730e+02
1.134857774429547987e+02 1.578255135378700480e+01 1.339228435950287803e+02
1.124750837647108597e+02 1.524883288496577194e+01 1.355074786653765955e+02
1.114954406130343330e+02 1.472843028945923116e+01 1.370288754133553084e+02
1.105466882067886161e+02 1.422103148019226992e+01 1.384889908332513073e+02
1.096277392371109443e+02 1.372623575015727582e+01 1.398898409985836224e+02
1.087376046810593522e+02 1.324366262954909246e+01 1.412333643772614948e+02
1.078753315098960570e+02 1.277294391944786867e+01 1.425214382465681808e+02
1.070399997933329530e+02 1.231372401107601533e+01 1.437558749101353044e+02
1.062307194260588403e+02 1.186565864314043495e+01 1.449384281205782088e+02
1.054466276631288508e+02 1.142841396624489292e+01 1.460707979151030429e+02
1.046868891199643485e+02 1.100166654289001400e+01 1.471546306155068180e+02
1.039506956151678878e+02 1.058510328778992537e+01 1.481915191365969235e+02
1.032372660306758121e+02 1.017842141468420536e+01 1.491830032607155658e+02
1.025458461637799417e+02 9.781328380220108087e+00 1.501305699279959640e+02
1.018757049906370611e+02 9.393540465463336986e+00 1.510356605675380308e+02
1.012261342790306173e+02 9.014782628881222948e+00 1.518996718572011275e+02
1.005964485883708051e+02 8.644788506342761636e+00 1.527239557236037228e+02
9.998598549430691662e+01 8.283300496342061336e+00 1.535098189014881029e+02
9.939410453482814489e+01 7.930069359831121822e+00 1.542585250016229850e+02
9.881753840015045398e+01 7.583598491674873543e+00 1.549754769824122320e+02
9.824672961911720392e+01 7.237504952022705496e+00 1.556789582402836345e+02
9.768171818843543974e+01 6.888724222067031278e+00 1.563739283821857953e+02
9.712277024056936625e+01 6.537095762687058276e+00 1.570604933697010210e+02
9.656986709279577497e+01 6.182652515067720955e+00 1.577386824889771901e+02
9.602299144796985786e+01 5.825427151724020369e+00 1.584085242984433819e+02
9.548212583463647718e+01 5.465452261276130486e+00 1.590700475678478369e+02
9.494725266803847319e+01 5.102760320976915231e+00 1.597232811937834072e+02
9.441835425011674943e+01 4.737383696711930270e+00 1.603682541996877262e+02
9.389541276951023008e+01 4.369354642999429217e+00 1.610049957358431243e+02
9.337841030155577471e+01 3.998705302990347210e+00 1.616335350793766565e+02
9.286732880828839143e+01 3.625467708468320005e+00 1.622539016342600462e+02
9.236215013844103794e+01 3.249673779849670208e+00 1.628661249313098836e+02
9.186285602744469259e+01 2.871355326183416157e+00 1.634702346281872281e+02
9.136942809742836857e+01 2.490544045151263930e+00 1.640662605093980915e+02
9.088184785721909975e+01 2.107271523067614893e+00 1.646542324862930400e+02
9.040009670234195482e+01 1.721569234879561261e+00 1.652341805970675068e+02
8.992415591501999472e+01 1.333468544166886094e+00 1.658061350067615081e+02
8.945400666417430102e+01 9.430007031420662988e-01 1.663701260072597847e+02
8.898963000542401858e+01 5.501968526502679646e-01 1.669261840172919165e+02
8.853100688108624183e+01 1.550880221693505256e-01 1.674743395824320373e+02
8.807811813129494283e+01 -2.422948729564632364e-01 1.680146233601169001e+02
8.763094454967955471e+01 -6.419210417434076943e-01 1.685470660453021310e+02
8.718946673062339414e+01 -1.043759777585721915e+00 1.690716985766194114e+02
8.675366515724476812e+01 -1.447780486981601333e+00 1.695885520165740274e+02
8.632352022536440472e+01 -1.853952696146142776e+00 1.700976575191312179e+02
8.589901224350536779e+01 -2.262246051011346459e+00 1.705990463297158897e+02
8.548012143289321330e+01 -2.672630317226117658e+00 1.710927497852127601e+02
8.506682792745579036e+01 -3.085075380156260483e+00 1.715787993139664422e+02
8.465911177382348285e+01 -3.499551244884486767e+00 1.720572264357812458e+02
8.425695293132892516e+01 -3.916028036210407404e+00 1.725280627619212908e+02
8.386033127200727222e+01 -4.334475998650537676e+00 1.729913399951105077e+02
8.346922658059600053e+01 -4.754865496438297257e+00 1.734470899295326944e+02
8.308361855453499345e+01 -5.177167013524006656e+00 1.738953444508313453e+02
8.270348680396658381e+01 -5.601351153574890773e+00 1.743361355361097935e+02
8.232881085173541180e+01 -6.027388639975076678e+00 1.747694952539311259e+02
8.195957013338862396e+01 -6.455250315825595386e+00 1.751954557643182966e+02
8.159574399717570259e+01 -6.884907143944377417e+00 1.756140493187540415e+02
