2.540000000000000000e+02 7.000000000000000000e+00 0.000000000000000000e+00
2.529721243760852190e+02 7.443733584467493891e+00 6.341924748830617409e-01
2.519171307109719748e+02 7.894671620364289488e+00 1.288037878367209732e+00
2.508343568058687936e+02 8.352983165393647269e+00 1.962007711090970163e+00
2.497231245641533235e+02 8.818841321106186015e+00 2.656584792035734388e+00
2.485827396826057907e+02 9.292423311416774467e+00 3.372263478334066367e+00
2.474124916133117438e+02 9.773910492291957297e+00 4.109549692390404907e+00
2.462116529740304145e+02 1.026348850168865567e+01 4.868961341635726470e+00
2.449794787226996675e+02 1.076134746947091614e+01 5.651028906190456169e+00
2.437152312647344559e+02 1.126768824444078732e+01 6.456300557205033819e+00
2.424131811500010656e+02 1.178140291878242785e+01 7.284838573449572863e+00
2.410544724711445213e+02 1.229529178737035089e+01 8.154541172007910177e+00
2.396313865424413621e+02 1.280639230636956860e+01 9.075963660396269006e+00
2.381417958791022045e+02 1.331454759338638105e+01 1.005086873129718583e+01
2.365835022667238832e+02 1.381959540549608256e+01 1.108107783525170831e+01
2.349542362349411349e+02 1.432136809930291932e+01 1.216847161798483867e+01
2.332516546444434198e+02 1.481969244765794969e+01 1.331499192388794839e+01
2.314777580827266092e+02 1.531524710507882148e+01 1.452301338996019986e+01
2.296475956406441128e+02 1.581129841497133626e+01 1.579618510651355834e+01
2.277603583488270829e+02 1.630811574266061115e+01 1.713708184924328393e+01
2.258140425198891421e+02 1.680575281379534758e+01 1.854827889831648591e+01
2.238065436332204001e+02 1.730426145476570454e+01 2.003244833903240618e+01
2.217356761284918889e+02 1.780369574656852549e+01 2.159236442900751740e+01
2.195991684197661300e+02 1.830411216254048412e+01 2.323090988069321128e+01
2.173946616759468782e+02 1.880556960203677619e+01 2.495107739812382164e+01
2.151197076132233974e+02 1.930812945137912706e+01 2.675597245869398932e+01
2.127717634589599243e+02 1.981185572295850150e+01 2.864881965903080285e+01
2.103481860971765798e+02 2.031681521693435855e+01 3.063297009214363698e+01
2.078475844237340766e+02 2.082281719818044863e+01 3.271001151960309983e+01
2.053010088764254419e+02 2.132351366007830862e+01 3.483630830356688790e+01
2.027239857599992661e+02 2.181578307764216262e+01 3.699021091305377951e+01
2.001165499473560487e+02 2.229952446325600590e+01 3.917176624307237631e+01
1.974787375582807556e+02 2.277463699559370980e+01 4.138102109654053606e+01
1.948105868308420554e+02 2.324101993158864943e+01 4.361802091768697665e+01
1.921121381273612769e+02 2.369857261257571324e+01 4.588280978492668538e+01
1.893834339344128068e+02 2.414719446429137051e+01 4.817543041086095457e+01
1.866245188628238054e+02 2.458678499687360386e+01 5.049592414227733173e+01
1.838354396476742920e+02 2.501724380486194477e+01 5.284433096014964093e+01
1.810162451482973438e+02 2.543847056719746291e+01 5.522068947963801833e+01
1.781669863482786127e+02 2.585036504722278394e+01 5.762503695008883398e+01
1.752877163531809117e+02 2.625282709311488816e+01 6.005740925628005300e+01
1.723784903714847019e+02 2.664575665504881385e+01 6.251784092167085305e+01
1.694393657681099512e+02 2.702905380872223162e+01 6.500636506125347580e+01
1.664704020601028844e+02 2.740261875331615826e+01 6.752301338542801545e+01
1.634755152160788327e+02 2.776311466480298051e+01 7.006789623818347934e+01
1.605500780438498225e+02 2.803106966290961921e+01 7.264253581248807734e+01
1.577325180694296876e+02 2.817642744910686403e+01 7.524613031165328891e+01
1.550202402810427316e+02 2.820373393917405025e+01 7.787692110085394859e+01
1.524106667135578164e+02 2.811743926357973677e+01 8.053321002387431804e+01
1.499012732952452041e+02 2.792186823270193941e+01 8.321335911334399782e+01
1.474895895415895666e+02 2.762122121429294808e+01 8.591579012589296838e+01
1.451731982729588140e+02 2.721957475386227898e+01 8.863898425460895680e+01
1.429497338933533968e+02 2.672088741612832408e+01 9.138147883654450254e+01
1.408168808132124070e+02 2.612900487866190602e+01 9.414186452934033866e+01
1.387723734319613982e+02 2.544765995641363077e+01 9.691878530378400569e+01
1.368088890383028513e+02 2.468673130591371034e+01 9.970981909433669443e+01
1.348690253671303765e+02 2.391705769920194413e+01 1.025019323867181527e+02
1.329370239669357545e+02 2.315819526534685835e+01 1.052912594514609737e+02
1.310678472297269082e+02 2.241065516012014669e+01 1.080038217826090374e+02
1.292992372787643376e+02 2.167470262461507957e+01 1.105883640846732447e+02
1.276266186149277644e+02 2.095003397041664428e+01 1.130505295888279136e+02
1.260456089778379720e+02 2.023635645236324976e+01 1.153957247268558319e+02
1.245520151309659553e+02 1.953338803922498812e+01 1.176291242885435224e+02
1.231418337633937767e+02 1.884085746128372918e+01 1.197556703194836842e+02
1.218112390325912600e+02 1.815850353121166094e+01 1.217800873649992184e+02
1.205565723807939520e+02 1.748607942682466643e+01 1.237069004215568242e+02
1.193747536308724762e+02 1.683067299524537574e+01 1.255486609122436903e+02
1.182627475884513615e+02 1.619760055061993853e+01 1.273159868998210129e+02
1.172173035282423115e+02 1.558577349947790580e+01 1.290122005371648015e+02
1.162252530770449113e+02 1.499226539678510761e+01 1.306392014321732518e+02
1.152692319527405829e+02 1.441419506301868481e+01 1.321988918480852249e+02
1.143456116039103563e+02 1.385134061778561865e+01 1.336944604774820675e+02
1.134532137604285396e+02 1.330322483779527865e+01 1.351281219603880572e+02
1.125912273931680261e+02 1.276934498469747936e+01 1.365018985090768808e+02
1.117585096345856783e+02 1.224925814920312384e+01 1.378178808217689095e+02
1.109540325752297178e+02 1.174252722902292767e+01 1.390780594864830562e+02
1.101768029114024898e+02 1.124872958398155376e+01 1.402843583950675566e+02
1.094258629240531349e+02 1.076745744397970839e+01 1.414386328581206271e+02
1.087002883836356943e+02 1.029831703570601675e+01 1.425426736398291894e+02
1.079991850947109953e+02 9.840927142395756277e+00 1.435982136123655835e+02
1.073216888618000553e+02 9.394919089598252171e+00 1.446069278216474174e+02
1.066669652506307671e+02 8.959936645626440210e+00 1.455704339471779463e+02
1.060342097055679602e+02 8.535636070368331829e+00 1.464902920760910945e+02
1.054226462421262340e+02 8.121685570376413921e+00 1.473680072210179333e+02
1.048315240669392949e+02 7.717763889917416797e+00 1.482050358295153103e+02
1.042601174103203618e+02 7.323560241170446794e+00 1.490027861065368597e+02
1.037077255783167544e+02 6.938774325914884855e+00 1.497626179141997795e+02
1.031736572396370661e+02 6.563108559404420284e+00 1.504858674748586225e+02
1.026571495860674048e+02 6.196229091768766573e+00 1.511739748874062741e+02
1.021487310284023948e+02 5.831651548828140186e+00 1.518447970330609564e+02
1.016463892135172529e+02 5.464633922013754308e+00 1.525072304469102278e+02
1.011501479034772046e+02 5.095151846008254104e+00 1.531613574077867099e+02
1.006599816873678463e+02 4.723238236772188792e+00 1.538072145218231981e+02
1.001758649379289920e+02 4.348926036099473258e+00 1.544448383343945181e+02
9.969777198440347377e+01 3.972248033013085600e+00 1.550742654379766918e+02
9.922567711264889567e+01 3.593236863746524179e+00 1.556955324719963585e+02
9.875955456513763409e+01 3.211925011743810288e+00 1.563086761228308319e+02
9.829937854095675220e+01 2.828344807659486815e+00 1.569137331238082425e+02
9.784512319580807116e+01 2.442528429358618247e+00 1.575107402552073381e+02
9.739676264200814160e+01 2.054507901916789780e+00 1.580997343442575129e+02
9.695427094848825789e+01 1.664315097620109540e+00 1.586807522651390343e+02
9.651762215164049508e+01 1.271981734403246023e+00 1.592538309244033883e+02
9.608679037136926127e+01 8.775393591941378357e-01 1.598190071049693017e+02
9.566174953477602116e+01 4.810193883348923283e-01 1.603763178376160567e+02
9.524247348717766215e+01 8.245309212456840287e-02 1.609258002517790942e+02
9.482893605330491482e+01 -3.181284139609106831e-01 1.614674914932857064e+02
9.442111103730222510e+01 -7.206941692687581780e-01 1.620014287243551223e+02
9.401897222272791055e+01 -1.125213367969323475e+00 1.625276491235982803e+02
9.362249337255401826e+01 -1.531655359056091514e+00 1.630461898860180838e+02
9.323164822916645278e+01 -1.939989646345685381e+00 1.635570882230091456e+02
9.284641051436479131e+01 -2.350185888477863472e+00 1.640603813623580436e+02
9.246675392936251114e+01 -2.762213898915518495e+00 1.645561065482429797e+02
9.209265215478684752e+01 -3.176043645944684357e+00 1.650443010412341778e+02
9.172407885067879363e+01 -3.591645252674526390e+00 1.655250021182937132e+02
9.136100765649317168e+01 -4.008988997037349122e+00 1.659982470727752570e+02
9.100341219109860447e+01 -4.428045311788590510e+00 1.664640732144246158e+02
9.065126605277743010e+01 -4.848784784506827705e+00 1.669225178693791918e+02
9.030454281922585835e+01 -5.271178157593773506e+00 1.673736183801683239e+02
8.996321604755385692e+01 -5.695196328274275466e+00 1.678174121057131742e+02
8.962725927428516570e+01 -6.120810348596320338e+00 1.682539364213267561e+02
8.929664601535732515e+01 -6.547991425431027857e+00 1.686832287187138775e+02
8.897134976612171897e+01 -6.976710920472654287e+00 1.691053264059712262e+02
8.865134400052927788e+01 -7.406940349444196769e+00 1.695202669087295817e+02
8.833660214984480774e+01 -7.838651357747376203e+00 1.699280877002920818e+02
