2.540000000000000000e+02 7.000000000000000000e+00 0.000000000000000000e+00
2.526312042664596618e+02 7.522642486222465230e+00 8.753873453714910990e-01
2.512325979989442430e+02 8.047375931504488378e+00 1.780117872071386831e+00
2.498035875879252785e+02 8.574231594736207995e+00 2.714787641847581590e+00
2.483435691853019023e+02 9.103241534407942481e+00 3.680001596917700901e+00
2.468518553971126153e+02 9.634429322899393355e+00 4.676515330128089509e+00
2.453277244295821617e+02 1.016780005852162105e+01 5.705202909571597480e+00
2.437693080498232518e+02 1.070347384271452462e+01 6.767887063353867028e+00
2.421744089184978463e+02 1.124128973519397512e+01 7.867009089194159088e+00
2.405420095238595763e+02 1.178115899094682462e+01 9.003795231090055751e+00
2.388698723213590256e+02 1.232299638415947207e+01 1.018115347745215793e+01
2.371564070699157583e+02 1.286678573764611855e+01 1.140101251042983144e+01
2.354006628269365251e+02 1.341248950862649103e+01 1.266442337963026432e+01
2.336014625942225109e+02 1.395977885523529061e+01 1.397301387409679485e+01
2.317584083074591774e+02 1.450806163631245127e+01 1.532705987396853509e+01
2.298717368364570177e+02 1.505648046749519864e+01 1.672581092366463551e+01
2.279406261360207111e+02 1.560495276621612426e+01 1.817008778927140256e+01
2.259634881506262047e+02 1.615281005633229583e+01 1.966219866247135428e+01
2.239380824361747955e+02 1.669872459287118360e+01 2.120576323646031369e+01
2.218633074217699175e+02 1.724256714085175801e+01 2.280204184571961790e+01
2.197380768264517599e+02 1.778424663840563724e+01 2.445224122961746716e+01
2.175612899384096295e+02 1.832367962669846051e+01 2.615757541677256981e+01
2.153318316149818088e+02 1.886079024992988096e+01 2.791926572505410320e+01
2.130485684927598982e+02 1.939550646346590312e+01 2.973854841902450019e+01
2.107103341819177444e+02 1.992774546523295953e+01 3.161670438240107472e+01
2.083159387640249065e+02 2.045742435872946885e+01 3.355503877720150285e+01
2.058641669231686535e+02 2.098445876005562738e+01 3.555488434638098028e+01
2.033537773796916497e+02 2.150876242717276199e+01 3.761760236367853594e+01
2.007835023074432570e+02 2.203024721808553821e+01 3.974458327410163605e+01
1.981520497569820805e+02 2.254883364078012420e+01 4.193723385556158689e+01
1.954607933771564205e+02 2.306422159928445481e+01 4.419449247249590940e+01
1.927151966438379986e+02 2.357114892354418245e+01 4.651602194808667434e+01
1.899154405356735538e+02 2.406664222096674877e+01 4.890456013699808580e+01
1.870607926316128271e+02 2.454977730771340205e+01 5.136179880366595540e+01
1.841523793796533539e+02 2.501731388560938640e+01 5.388992622263168641e+01
1.811909109699854525e+02 2.546798438574467838e+01 5.648950997731829204e+01
1.781800129830489823e+02 2.589575011790691406e+01 5.916284170569660716e+01
1.751223340318756527e+02 2.629497208295279620e+01 6.191290700188350371e+01
1.720303854306627898e+02 2.665503561129648702e+01 6.473737377414823868e+01
1.689128447930055756e+02 2.696888738518066120e+01 6.763425695544860616e+01
1.657775030114929393e+02 2.723210812686851767e+01 7.059985283682141244e+01
1.626635534867976105e+02 2.742557967291508092e+01 7.361247912725085030e+01
1.595999653967501786e+02 2.753594966034152591e+01 7.665559275936305994e+01
1.566516890647696982e+02 2.753373365583585652e+01 7.969179150859334015e+01
1.538315159090407462e+02 2.741557953390599423e+01 8.271126678458298898e+01
1.511394427180758555e+02 2.718650780051337179e+01 8.570897315950833217e+01
1.485793117318519023e+02 2.686043432719912261e+01 8.866670067631656593e+01
1.461494121458641189e+02 2.644239837294467321e+01 9.158118136324439718e+01
1.438395747240361686e+02 2.594809373492435611e+01 9.444755446298944435e+01
1.416440045584091081e+02 2.539173825621324454e+01 9.725776353493155568e+01
1.395610252771448927e+02 2.477954800617751729e+01 1.000072820790726809e+02
1.375880094482997436e+02 2.411347767266298447e+01 1.026968929553899841e+02
1.357125891475175763e+02 2.340710501059085047e+01 1.053210273030965993e+02
1.338940522932003319e+02 2.270557220154511313e+01 1.078647680409608824e+02
1.321182936367754905e+02 2.201786823520406600e+01 1.103470783115989349e+02
1.303849080430453284e+02 2.134440055717621476e+01 1.127689595354550960e+02
1.286937582263703348e+02 2.068512985601029541e+01 1.151306128083363944e+02
1.270457307969047775e+02 2.003990898161882228e+01 1.174304268644775675e+02
1.254425451333689381e+02 1.940870253889934816e+01 1.196654718453309698e+02
1.238839981842983633e+02 1.879161404576009886e+01 1.218361711785602921e+02
1.223708061393690230e+02 1.818916185581743505e+01 1.239417199552863025e+02
1.209018047900591313e+02 1.760099089353543533e+01 1.259838065882090063e+02
1.194757195330194151e+02 1.702668877459939623e+01 1.279642611677131043e+02
1.180941445800182663e+02 1.646626329552099222e+01 1.298821297370689649e+02
1.167780393603825360e+02 1.592224081841739292e+01 1.317183241049570768e+02
1.155296915837486864e+02 1.539431092745608431e+01 1.334722164450292894e+02
1.143459514371197372e+02 1.488161065340949207e+01 1.351479120397803229e+02
1.132235160658307933e+02 1.438343168519513426e+01 1.367492430008819042e+02
1.121596282805515301e+02 1.389912274775280387e+01 1.382795711248225530e+02
1.111485993332132409e+02 1.342714841631883615e+01 1.397458352626692033e+02
1.101860988755729238e+02 1.296651759159645678e+01 1.411534045559660342e+02
1.092683665979869261e+02 1.251643470637727695e+01 1.425068612491812132e+02
1.083934835735140894e+02 1.207646509505831212e+01 1.438085212430287640e+02
1.075597239683526993e+02 1.164621628658086827e+01 1.450604677108583473e+02
1.067650522209453356e+02 1.122524964965295524e+01 1.462651837164892186e+02
1.060077120689851427e+02 1.081317572546399752e+01 1.474247994367885042e+02
1.052846576183435587e+02 1.040930739368520541e+01 1.485429602360547676e+02
1.045934193237043672e+02 1.001308767694080260e+01 1.496226258988361337e+02
1.039329001815554392e+02 9.624264083306858453e+00 1.506651087208899185e+02
1.033012058446452102e+02 9.242411164811770163e+00 1.516727149788871145e+02
1.026928550886316458e+02 8.866226498002108158e+00 1.526522985064739260e+02
1.021047622737835638e+02 8.494925790128839083e+00 1.536077766836002638e+02
1.015362258621956641e+02 8.128297692807738173e+00 1.545400623058715155e+02
1.009867233321537725e+02 7.766226731352928070e+00 1.554497673523011372e+02
1.004557890085352625e+02 7.408606643253423663e+00 1.563374393880252740e+02
9.994296832492055671e+01 7.055333695185136200e+00 1.572036129213498725e+02
9.944781781403200682e+01 6.706306680834194900e+00 1.580488094149885967e+02
9.896990489486327647e+01 6.361426872436693358e+00 1.588735375362578566e+02
9.850880763461790934e+01 6.020597971063356368e+00 1.596782934287773514e+02
9.806435546221953814e+01 5.683753510054422087e+00 1.604632709973959095e+02
9.763413291834434915e+01 5.350180947391807607e+00 1.612313740176001318e+02
9.721546054200449305e+01 5.019140984313430920e+00 1.619858253831976356e+02
9.680700800781637838e+01 4.690297391785455794e+00 1.627282211081501373e+02
9.640850695201272913e+01 4.363603108283288456e+00 1.634588778501276920e+02
9.601914194522203161e+01 4.039049173974892604e+00 1.641787465453026584e+02
9.563834184250401904e+01 3.716643844795581852e+00 1.648884919450713937e+02
9.526579876232916888e+01 3.396324094693178974e+00 1.655884745137919083e+02
9.490070483037213478e+01 3.077864417244230655e+00 1.662796463713906689e+02
9.454278681857718425e+01 2.761192358192089191e+00 1.669623281352473896e+02
9.419203297667733921e+01 2.446310486392055061e+00 1.676365315520349952e+02
9.384833393032856463e+01 2.133193307083216972e+00 1.683023837113564980e+02
9.351159913274467783e+01 1.821820638456610908e+00 1.689599894949854217e+02
9.318173903942894754e+01 1.512172519835117690e+00 1.696094526258692383e+02
9.285866536407273486e+01 1.204229268074872738e+00 1.702508753723111852e+02
9.254229108100072665e+01 8.979714781036955973e-01 1.708843585451517697e+02
9.223253018950146043e+01 5.933799709787473953e-01 1.715100017701913941e+02
9.192929771380870818e+01 2.904357938823936003e-01 1.721279034882128940e+02
9.163250970310166110e+01 -1.087977987779667650e-02 1.727381609549814527e+02
9.134208323150470221e+01 -3.105852508690513658e-01 1.733408702412446587e+02
9.105793639808754847e+01 -6.086988935333934592e-01 1.739361262327324198e+02
9.077998832686520814e+01 -9.052387561876434896e-01 1.745240226301570203e+02
9.050815916679802342e+01 -1.200222661023417681e+00 1.751046519492132063e+02
9.024237009179155677e+01 -1.493668204107128306e+00 1.756781055205779865e+02
8.998254321453011073e+01 -1.785592774372297686e+00 1.762444735895180088e+02
8.972860173622289892e+01 -2.076013520614375274e+00 1.768038451427855478e+02
8.948046991552160989e+01 -2.364947358340818706e+00 1.773563079445499113e+02
8.923807290333262188e+01 -2.652411006180001696e+00 1.779019487273496338e+02
8.900133674276924012e+01 -2.938420985891765369e+00 1.784408531921479266e+02
8.877018836915171107e+01 -3.222993622367422706e+00 1.789731060083325360e+02
8.854455561000716557e+01 -3.506145043629755875e+00 1.794987908137160559e+02
8.832436718506964723e+01 -3.787891180833015792e+00 1.800179902145356436e+02
8.810955270628008407e+01 -4.068247768262925668e+00 1.805307857854530198e+02
8.790004267778638791e+01 -4.347230343336677905e+00 1.810372580695548663e+02
8.769576849594328394e+01 -4.624854246602933650e+00 1.815374865783522296e+02
