2.540000000000000000e+02 7.000000000000000000e+00 0.000000000000000000e+00
2.529570658015022673e+02 7.473141264697936492e+00 6.803543324574533591e-01
2.518851371444868619e+02 7.953255092456314124e+00 1.381818450588550018e+00
2.507835308576753164e+02 8.440494679247942500e+00 2.104880039724491336e+00
2.496515481012677640e+02 8.935016704943937071e+00 2.850037960867923381e+00
2.484884741832875363e+02 9.436981374112049181e+00 3.617802381666313849e+00
2.472935782365486830e+02 9.946552487775703000e+00 4.408695006780942727e+00
2.460658720544789162e+02 1.046384248103399628e+01 5.223195009569941760e+00
2.447980039436679931e+02 1.098749527578103802e+01 6.060324675925668814e+00
2.434856017174248848e+02 1.151679135165309908e+01 6.919672681048681717e+00
2.421216141505630333e+02 1.204875629881821730e+01 7.811190051238612320e+00
2.406919760133304180e+02 1.257714089501800636e+01 8.755363902544926802e+00
2.391940973405609725e+02 1.310150821578921843e+01 9.754693079010076318e+00
2.376257861931358661e+02 1.362164628851358117e+01 1.081101058761593769e+01
2.359847808743856490e+02 1.413733614237313496e+01 1.192620799615707128e+01
2.342687493968327033e+02 1.464835175469302264e+01 1.310223588106652137e+01
2.324748210162200337e+02 1.515435024176565193e+01 1.434106662438116331e+01
2.306080792028506039e+02 1.565686490998593783e+01 1.564540866987540824e+01
2.286802500310293738e+02 1.615906487171895023e+01 1.701875540963600741e+01
2.266920956318989795e+02 1.666163243879791267e+01 1.846393413967392405e+01
2.246414242008008273e+02 1.716458441910413057e+01 1.998364834061273143e+01
2.225260278844378092e+02 1.766795434743010063e+01 2.158070934846625022e+01
2.203436155363445721e+02 1.817177730436723238e+01 2.325803382346646941e+01
2.180918062020545278e+02 1.867609003602616013e+01 2.501865198283420000e+01
2.157681284263205441e+02 1.918093096676349418e+01 2.686570847625401015e+01
2.133700169853429998e+02 1.968634025918515107e+01 2.880246651551151871e+01
2.108949149333107016e+02 2.019234124807565678e+01 3.083216564257496373e+01
2.083482121546799135e+02 2.069755422880712814e+01 3.294700342767974632e+01
2.057673919010086081e+02 2.119514085693431937e+01 3.509481250427394627e+01
2.031563725419804882e+02 2.168431630843349822e+01 3.727024549145583876e+01
2.005151953254540160e+02 2.216498143234817064e+01 3.947334783615705334e+01
1.978439035926132874e+02 2.263703715803012884e+01 4.170416365084866328e+01
1.951425427795762459e+02 2.310038449708992303e+01 4.396273571143608194e+01
1.924111604173944841e+02 2.355492454339686859e+01 4.624910545725900590e+01
1.896498061320533566e+02 2.400055847307903534e+01 4.856331299109145050e+01
1.868585316441195232e+02 2.443718754476411448e+01 5.090539707923695545e+01
1.840373907647855560e+02 2.486471310770186705e+01 5.327539514963498846e+01
1.811864394126356501e+02 2.528303661651758460e+01 5.567334327296835284e+01
1.783057356194265992e+02 2.569205963948837379e+01 5.809927615440363979e+01
1.753953395289482557e+02 2.609168386033768527e+01 6.055322713334395957e+01
1.724553133984369993e+02 2.648181108256823890e+01 6.303522818014769769e+01
1.694857216039879120e+02 2.686234323950825598e+01 6.554530988713713668e+01
1.664866306431921998e+02 2.723318240003136737e+01 6.808350146376619705e+01
1.634767873239985931e+02 2.757841196789370741e+01 7.065001236981164823e+01
1.605629308779705866e+02 2.780862762452563430e+01 7.324517169266766814e+01
1.577589435825208568e+02 2.791455240396443216e+01 7.586734907190988508e+01
1.550619252713650553e+02 2.790112846278869796e+01 7.851474816788814337e+01
1.524690438498841445e+02 2.777314883289797720e+01 8.118563971341771435e+01
1.499775350018505264e+02 2.753525820657451106e+01 8.387836112060332994e+01
1.475847016624488219e+02 2.719195415670117910e+01 8.659131591430515584e+01
1.452879122475226836e+02 2.674759210761983041e+01 8.932297118862712182e+01
1.430845975913932477e+02 2.620639377635379574e+01 9.207185332224371166e+01
1.409722507659644748e+02 2.557244764262276604e+01 9.483654774633626516e+01
1.389484264714242840e+02 2.484971038428846768e+01 9.761569827148611012e+01
1.369940048308757810e+02 2.406235221787794032e+01 1.004047916520379857e+02
1.350521179120004263e+02 2.327982701004652810e+01 1.031925980877407909e+02
1.331184122699928878e+02 2.250740944766876339e+01 1.059781904097672935e+02
1.312544402818581943e+02 2.174593015702369669e+01 1.086802501731147288e+02
1.294947177907649234e+02 2.099574554891345457e+01 1.112527091652928846e+02
1.278346933238500469e+02 2.025658494328736836e+01 1.137009924334757045e+02
1.262696780173490225e+02 1.952818217987650584e+01 1.160307348408452555e+02
1.247951934668803915e+02 1.881028070646391015e+01 1.182473202347257484e+02
1.234069568941048516e+02 1.810263293902075432e+01 1.203558991079787859e+02
1.221008817947436853e+02 1.740499573200193240e+01 1.223613825152771710e+02
1.208731250091092022e+02 1.671832884250610718e+01 1.242697868224909570e+02
1.197204231379686519e+02 1.605267066737251369e+01 1.260971638423462764e+02
1.186393115631111357e+02 1.540959687406359357e+01 1.278501326543927803e+02
1.176205598986545056e+02 1.478695072198405036e+01 1.295311196768402624e+02
1.166431343448996074e+02 1.418158314243794038e+01 1.311415190922666056e+02
1.157002051269604124e+02 1.359312168127662090e+01 1.326847176051332724e+02
1.147910111849924135e+02 1.302097224276755050e+01 1.341630025592336892e+02
1.139143266972625383e+02 1.246458980147563800e+01 1.355786974089335786e+02
1.130689514660525248e+02 1.192345056484220933e+01 1.369340437979148248e+02
1.122537394792436487e+02 1.139704792680436363e+01 1.382312029190730129e+02
1.114675878130561273e+02 1.088489401554659608e+01 1.394722551126498047e+02
1.107094328800664158e+02 1.038651806606134187e+01 1.406592069012631612e+02
1.099782473234372304e+02 9.901465073034581010e+00 1.417939968132324395e+02
1.092730400161945283e+02 9.429295790532068011e+00 1.428784953839350464e+02
1.085928555510021880e+02 8.969586510583850369e+00 1.439145061126304483e+02
1.079367748093544748e+02 8.521929310006399305e+00 1.449037643953127201e+02
1.073039110149539255e+02 8.085930338544951468e+00 1.458479449246740387e+02
1.066934076383919034e+02 7.661208909933844069e+00 1.467486656189825567e+02
1.061044383970512541e+02 7.247397501854558222e+00 1.476074876222630508e+02
1.055362074910874384e+02 6.844141858204459083e+00 1.484259148619563859e+02
1.049879479469102108e+02 6.451100270431957995e+00 1.492053971551139000e+02
1.044589198060636761e+02 6.067942791955128534e+00 1.499473336042767926e+02
1.039482747483992426e+02 5.694284047287591299e+00 1.506532825192216194e+02
1.034473061000880705e+02 5.325831731601626373e+00 1.513369370443448076e+02
1.029493226213836579e+02 4.959079863495183815e+00 1.520090402585391018e+02
1.024565470661733713e+02 4.591434748691635370e+00 1.526715766590664884e+02
1.019700992522715950e+02 4.221562840686162055e+00 1.533256141102772858e+02
1.014899919537266015e+02 3.849443984367937333e+00 1.539712354555848890e+02
1.010161750470753503e+02 3.475132316242463215e+00 1.546084679426001856e+02
1.005486195500311339e+02 3.098656728235720692e+00 1.552373575851677288e+02
1.000872934542147163e+02 2.720049686767079145e+00 1.558579474045859570e+02
9.963216467837817447e+01 2.339343471237020022e+00 1.564702805159350305e+02
9.918320106131733382e+01 1.956570175564651626e+00 1.570744001375128107e+02
9.874037047119874444e+01 1.571761715702154616e+00 1.576703494457853481e+02
9.830364080555962403e+01 1.184949829634783791e+00 1.582581715753870242e+02
9.787297999130782955e+01 7.961660773808642011e-01 1.588379096191206372e+02
9.744835598472197091e+01 4.054418409917941446e-01 1.594096066279572597e+02
9.702973677145124043e+01 1.280832455204442694e-02 1.599733056110361815e+02
9.661709036651555493e+01 -3.817034458208415915e-01 1.605290495356650808e+02
9.621038481430547051e+01 -7.780626219762495355e-01 1.610768813273199385e+02
9.580958818858229620e+01 -1.176238533730491476e+00 1.616168438696450664e+02
9.541466859247792343e+01 -1.576200688866806754e+00 1.621489800044530227e+02
9.502559415849499658e+01 -1.977918773135364461e+00 1.626733325317246965e+02
9.464233304850675665e+01 -2.381362650253258995e+00 1.631899442096093651e+02
9.426485345375716918e+01 -2.786502361904512171e+00 1.636988577544244947e+02
9.389312359486089576e+01 -3.193308127740077662e+00 1.642001158406559682e+02
9.352711172180320887e+01 -3.601750345377832563e+00 1.646937611009579143e+02
9.316678611394009124e+01 -4.011799590402581828e+00 1.651798361261527646e+02
9.281211507999825017e+01 -4.423426616366059605e+00 1.656583834652313385e+02
9.246306695807494691e+01 -4.836602354786928792e+00 1.661294456253527017e+02
9.211961011563819568e+01 -5.251297915150777484e+00 1.665930650718442507e+02
9.178171294070419606e+01 -5.667484579335874351e+00 1.670492842400056190e+02
9.144934382195157241e+01 -6.085133782145823567e+00 1.674981455618225539e+02
9.112247122162231960e+01 -6.504217148517801306e+00 1.679396913685752395e+02
9.080106364786142592e+01 -6.924706479765681877e+00 1.683739639277850699e+02
9.048508964994125847e+01 -7.346573750888053311e+00 1.688010054495986481e+02
9.017451781826179058e+01 -7.769791110568226244e+00 1.692208580867878709e+02
8.986931678435047388e+01 -8.194330881174225922e+00 1.696335639347498443e+02
8.956945522086226674e+01 -8.620165558758797530e+00 1.700391650315070819e+02
8.927490184245506555e+01 -9.047267812385664243e+00 1.704377033565550619e+02
