2.540000000000000000e+02 7.000000000000000000e+00 0.000000000000000000e+00
2.528733135030586254e+02 7.485465150232974985e+00 7.019597979347768080e-01
2.517165004540592577e+02 7.978425696232925191e+00 1.426514499101755318e+00
2.505288180070579926e+02 8.479056951561871003e+00 2.174212299553473393e+00
2.493095053581324692e+02 8.987538444533390347e+00 2.945614646105260359e+00
2.480577835259544202e+02 9.504053969686394154e+00 3.741296398232921039e+00
2.467728549105763705e+02 1.002879169128662973e+01 4.561846153611222476e+00
2.454526768253628859e+02 1.056169852780713114e+01 5.407588120898123130e+00
2.440877688119452955e+02 1.110120370620301067e+01 6.277112459627389285e+00
2.426705239989966003e+02 1.164454535807725577e+01 7.179161646360027405e+00
2.411853198772056999e+02 1.218506823043765053e+01 8.136206744284095294e+00
2.396292610043640536e+02 1.272230503361603837e+01 9.151102584658158179e+00
2.379999648594850044e+02 1.325606404205838551e+01 1.022586739093120656e+01
2.362949697800443403e+02 1.378614695402629486e+01 1.136258666682979523e+01
2.345116761846423401e+02 1.431233531898384115e+01 1.256341165671478244e+01
2.326553669260726167e+02 1.483628315590750724e+01 1.383101470982255066e+01
2.307388432057163072e+02 1.536150943477691477e+01 1.516873742452128759e+01
2.287597506361505850e+02 1.588804257586819979e+01 1.657930534089575758e+01
2.267158909748737869e+02 1.641596889135336212e+01 1.806556048290649130e+01
2.246049003143469918e+02 1.694535974907331166e+01 1.963045044106758041e+01
2.224243195200739081e+02 1.747628968836451335e+01 2.127704079577966567e+01
2.201715921246659207e+02 1.800883648988052244e+01 2.300851772513362903e+01
2.178440616372265879e+02 1.854308126476411189e+01 2.482819133683619484e+01
2.154389685213431278e+02 1.907910855482277057e+01 2.673949941045905021e+01
2.129534415379210088e+02 1.961700661952270508e+01 2.874601811780294369e+01
2.103840975377633526e+02 2.015693887645016602e+01 3.085200086619892446e+01
2.077507488413870647e+02 2.069490949648774603e+01 3.303046006521523026e+01
2.050841995639626134e+02 2.122516781272445741e+01 3.523984894277413815e+01
2.023856792699077971e+02 2.174739165487080683e+01 3.747860459293959678e+01
1.996552109029767905e+02 2.226147792953568327e+01 3.974679387928676988e+01
1.968928193371683619e+02 2.276732340109522568e+01 4.204448257595581140e+01
1.940985315633302264e+02 2.326482484674552609e+01 4.437173515649757150e+01
1.912723766897743189e+02 2.375387905700599589e+01 4.672861479318176237e+01
1.884143859422767093e+02 2.423438283571935514e+01 4.911518335699689430e+01
1.855245926640777441e+02 2.470623300005167167e+01 5.153150141765033254e+01
1.826030323158819613e+02 2.516932638049234328e+01 5.397762824356829725e+01
1.796497424758581190e+02 2.562355982085406936e+01 5.645362180189580670e+01
1.766647628396392236e+02 2.606883017827291127e+01 5.895953875849674120e+01
1.736481352203223594e+02 2.650503432320823194e+01 6.149543447795380047e+01
1.705999035484689728e+02 2.693206913944273140e+01 6.406136302356854628e+01
1.675201138721046448e+02 2.734983152408242901e+01 6.665737715736133850e+01
1.644080582366934777e+02 2.775885869167264985e+01 6.928351979840040542e+01
1.613232095160672088e+02 2.810886493115306806e+01 7.194041157239435336e+01
1.583519248931813479e+02 2.832850844071241880e+01 7.462772542559856959e+01
1.554938164489149131e+02 2.842076522631177227e+01 7.734352581830731310e+01
1.527458586675029437e+02 2.839075525599599814e+01 8.008591412349890959e+01
1.501050979615631888e+02 2.824344218805823203e+01 8.285306337804483690e+01
1.475686520445573535e+02 2.798363511631291445e+01 8.564321737296769754e+01
1.451337092910671913e+02 2.761599010815586652e+01 8.845468990662955378e+01
1.427975278224234330e+02 2.714501268221860286e+01 9.128586350811957573e+01
1.405574317031366434e+02 2.657506822376389621e+01 9.413518404521862237e+01
1.384108103086434483e+02 2.591038368096390343e+01 9.700115985434406696e+01
1.363335538985249400e+02 2.518095513345953762e+01 9.987826297312116708e+01
1.342680102429756062e+02 2.445639634937518991e+01 1.027552062432253166e+02
1.322108962478279466e+02 2.374036392108502014e+01 1.056316175746278816e+02
1.301867093057910836e+02 2.303287966642597695e+01 1.084760720126056412e+02
1.282727855051016377e+02 2.233425486864504705e+01 1.111889116757633360e+02
1.264683120927509208e+02 2.164434561763869169e+01 1.137705020306529775e+02
1.247680697319673015e+02 2.096298673347078179e+01 1.162268944320538822e+02
1.231670694618469781e+02 2.029001807179100325e+01 1.185638750027925283e+02
1.216605501188760314e+02 1.962528447326572945e+01 1.207869675975491077e+02
1.202439775289500119e+02 1.896863574520482132e+01 1.229014347336750745e+02
1.189130253928109084e+02 1.831991842582383256e+01 1.249122902390301988e+02
1.176636568282927016e+02 1.768875517367346717e+01 1.268350979341892639e+02
1.164913868733355571e+02 1.707981333140507729e+01 1.286800335264927355e+02
1.153735903441197195e+02 1.648909621863236907e+01 1.304473395020770567e+02
1.142957111588814740e+02 1.591622624001536224e+01 1.321408087145353534e+02
1.132555496598221367e+02 1.536075960625129966e+01 1.337633835148943433e+02
1.122517257349610560e+02 1.482209527903485480e+01 1.353176302323915650e+02
1.112829070806958498e+02 1.429965284011674775e+01 1.368060265513367142e+02
1.103478080151970175e+02 1.379287198029937045e+01 1.382309637101885187e+02
1.094451893058921286e+02 1.330121242513207669e+01 1.395947468212862930e+02
1.085738578770951932e+02 1.282415380888558509e+01 1.408995954128535004e+02
1.077326660225692905e+02 1.236119533548051841e+01 1.421476448882681893e+02
1.069205055445189601e+02 1.191185325437906961e+01 1.433409573881193069e+02
1.061363070837672069e+02 1.147566057210728907e+01 1.444815230315879546e+02
1.053790399570815737e+02 1.105216698218439575e+01 1.455712602179469854e+02
1.046477119554650415e+02 1.064093877814124411e+01 1.466120160005411037e+02
1.039413685605420312e+02 1.024155851608279200e+01 1.476055675389935971e+02
1.032590880966292701e+02 9.853622926784080249e+00 1.485536310838745067e+02
1.025999812287552402e+02 9.476742699487795463e+00 1.494578629070357749e+02
1.019631910361305671e+02 9.110542513535392573e+00 1.503198591654651750e+02
1.013478929008297627e+02 8.754660990309709234e+00 1.511411561077530621e+02
1.007532916429189100e+02 8.408749459409154525e+00 1.519232353835423339e+02
1.001779099171643423e+02 8.072133021562773791e+00 1.526686093514491631e+02
9.961058838907062807e+01 7.739520367593363481e+00 1.533944986479767749e+02
9.904642568666535851e+01 7.408592001589494380e+00 1.541084550344727688e+02
9.848549021422971350e+01 7.079394076138450842e+00 1.548104306888999986e+02
9.792811422391301335e+01 6.751507935909518032e+00 1.555008347704374785e+02
9.737664682175523012e+01 6.422101681211498381e+00 1.561819082020559790e+02
9.683168327079279436e+01 6.090454029893244581e+00 1.568542706619346347e+02
9.629317022667476067e+01 5.756621879038375411e+00 1.575179474212986577e+02
9.576107606736430000e+01 5.420635961219057108e+00 1.581729835052758233e+02
9.523536911211158440e+01 5.082526835924541686e+00 1.588194239945190134e+02
9.471601768909565067e+01 4.742324896120547528e+00 1.594573139377134225e+02
9.420299014640301039e+01 4.400060369241437286e+00 1.600866983373669825e+02
9.369625485202749360e+01 4.055763317190214323e+00 1.607076221498108737e+02
9.319578019387049039e+01 3.709463636338518278e+00 1.613201302851992693e+02
9.270153457974068090e+01 3.361191057526635717e+00 1.619242676075093073e+02
9.221348643735420580e+01 3.010975146063489483e+00 1.625200789345412318e+02
9.173160421433466638e+01 2.658845301726646237e+00 1.631076090379182801e+02
9.125585637821302498e+01 2.304830758762311582e+00 1.636869026430867962e+02
9.078621141642771875e+01 1.948960585885332719e+00 1.642580044293160597e+02
9.032263783632456011e+01 1.591263686279197787e+00 1.648209590296984004e+02
8.986510416515679367e+01 1.231768797596034526e+00 1.653758110311493112e+02
8.941357895008511036e+01 8.705044919566132799e-01 1.659226049744072213e+02
8.896803075817757644e+01 5.074991759503454380e-01 1.664613853540335242e+02
8.852842824372052632e+01 1.427811035881429436e-01 1.669921965321329935e+02
8.809474011784153902e+01 -2.236216264060378600e-01 1.675150827776719495e+02
8.766693495380168599e+01 -5.916811078191385187e-01 1.680300885160914390e+02
8.724498135997829706e+01 -9.613695959285591952e-01 1.685372581072960827e+02
8.682884798511405222e+01 -1.332659506530591509e+00 1.690366358389213417e+02
8.641850351831692478e+01 -1.705523415940416010e+00 1.695282659263335461e+02
8.601391668906029508e+01 -2.079934060992106204e+00 1.700121925126300084e+02
8.561505626718273732e+01 -2.455864339038623889e+00 1.704884596686388250e+02
8.522189106288828953e+01 -2.833287307951824374e+00 1.709571113929190744e+02
8.483438992674622625e+01 -3.212176186122449817e+00 1.714181916117606477e+02
8.445252174969118641e+01 -3.592504352460136108e+00 1.718717441791844180e+02
8.407625546302313069e+01 -3.974245346393408873e+00 1.723178128769420709e+02
8.370556003840734149e+01 -4.357372867869682587e+00 1.727564414145161891e+02
8.334040448787440880e+01 -4.741860777355264567e+00 1.731876734291203093e+02
8.298075786382034380e+01 -5.127683095835354976e+00 1.736115524856988088e+02
8.262658925900635154e+01 -5.514814004814038384e+00 1.740281220769269623e+02
8.227786780655904408e+01 -5.903227846314294425e+00 1.744374256232109701e+02
