2.540000000000000000e+02 7.000000000000000000e+00 0.000000000000000000e+00
2.526899908926374678e+02 7.481123849109664548e+00 8.024105133973642445e-01
2.513551580714603517e+02 7.963621170570877261e+00 1.628952998129364005e+00
2.499932276269698264e+02 8.447644440880273109e+00 2.481750653992777611e+00
2.486019052034454830e+02 8.933345842830297201e+00 3.362949053267762167e+00
2.471805728826273878e+02 9.420752133928273153e+00 4.273154462739891635e+00
2.457286473306728851e+02 9.909907105697529417e+00 5.212922253178815524e+00
2.442451038424322860e+02 1.040036903209320585e+01 6.183728807143727302e+00
2.427287333593908727e+02 1.089147228217936991e+01 7.187456531670327387e+00
2.411784099980818894e+02 1.138349947526012507e+01 8.224976897372933138e+00
2.395920044049625517e+02 1.187712458613751210e+01 9.297942765203751847e+00
2.379670142151726111e+02 1.237216527344294192e+01 1.040965914884791488e+01
2.363019411075299843e+02 1.286829371072620454e+01 1.156218179299010984e+01
2.345957914141896481e+02 1.336543059454889182e+01 1.275663955544124484e+01
2.328475915769602693e+02 1.386359200563409466e+01 1.399403723533525579e+01
2.310563443271940969e+02 1.436279208811860819e+01 1.527540650180400128e+01
2.292210287510899605e+02 1.486304531375441584e+01 1.660180349498349273e+01
2.273406543479229072e+02 1.536441065742348400e+01 1.797420195523504560e+01
2.254130296330800434e+02 1.586599323338650436e+01 1.939591862875688477e+01
2.234359853162650040e+02 1.636695781319156850e+01 2.087017952620690409e+01
2.214082502207036498e+02 1.686723181382115300e+01 2.239840272326039283e+01
2.193294903834049592e+02 1.736615930501050542e+01 2.398061018986529191e+01
2.171998609055057727e+02 1.786279208428697984e+01 2.561613640161094452e+01
2.150183540555838135e+02 1.835697882748040755e+01 2.730601856887104972e+01
2.127838780373289467e+02 1.884860925274253773e+01 2.905140861733870850e+01
2.104952419072562861e+02 1.933760108985599402e+01 3.085359349010458629e+01
2.081512627499981534e+02 1.982388869933377507e+01 3.271384076705949440e+01
2.057525143720133372e+02 2.030807293709267114e+01 3.463098090660176354e+01
2.032983876827275083e+02 2.079030076911753611e+01 3.660548114789901319e+01
2.007875992971613641e+02 2.127046347202659504e+01 3.863873510446703818e+01
1.982189792865875688e+02 2.174850528852111964e+01 4.073197080418952964e+01
1.955910922538189993e+02 2.222444914502857927e+01 4.288659907939256044e+01
1.929076204932790120e+02 2.269618552729257388e+01 4.510113837870126474e+01
1.901704852460299833e+02 2.316247172035447832e+01 4.737496804605007128e+01
1.873802820404831095e+02 2.362272168213154089e+01 4.970810014789512365e+01
1.845375288414134332e+02 2.407285206558808355e+01 5.210406161154175209e+01
1.816417715728183282e+02 2.451113764890497393e+01 5.456501750929853500e+01
1.786922209681646052e+02 2.493749241155612140e+01 5.709185185055599021e+01
1.756909427887196671e+02 2.534794513795227644e+01 5.968648347615508953e+01
1.726413720588107594e+02 2.573426204768892944e+01 6.235384521590924578e+01
1.695566747016388831e+02 2.608507152052792222e+01 6.509216897968114779e+01
1.664481542439029340e+02 2.638940923648316428e+01 6.790115815197653149e+01
1.633286528019065145e+02 2.664029068525321264e+01 7.077486944048955309e+01
1.602381199127545699e+02 2.681873848696837115e+01 7.369198734714399279e+01
1.572067705510075371e+02 2.691100902409108997e+01 7.663609257626549720e+01
1.542941547234824782e+02 2.689077208563609034e+01 7.957408224243397399e+01
1.515113266473383362e+02 2.675570184690000275e+01 8.249723619515920348e+01
1.488579001984701051e+02 2.651045862126630226e+01 8.540122503848058955e+01
1.463368142350881556e+02 2.616837247698864743e+01 8.826935183862219958e+01
1.439457494408444802e+02 2.573765779205344373e+01 9.109565137052742045e+01
1.416725541508570245e+02 2.523662524811856755e+01 9.387422006063148672e+01
1.395134734150476845e+02 2.467194727849810221e+01 9.660219607587015389e+01
1.374671384158003491e+02 2.405076381102680472e+01 9.927373646697863308e+01
1.355311128299031509e+02 2.337695428426693312e+01 1.018873323165138203e+02
1.336948244081401356e+02 2.266191490197206448e+01 1.044383671486199177e+02
1.319144082871820558e+02 2.195235527915436080e+01 1.069134574200313637e+02
1.301758221172947003e+02 2.125725446955744147e+01 1.093292087055580595e+02
1.284779289475877135e+02 2.057638577626778797e+01 1.116873597706128862e+02
1.268199050638221195e+02 1.990950837102908721e+01 1.139891123516918867e+02
1.252024210926655456e+02 1.925678903320723023e+01 1.162334658776697154e+02
1.236268376103684687e+02 1.861831571966403231e+01 1.184182007791892630e+02
1.220938272909706512e+02 1.799400132836212407e+01 1.205421208170927372e+02
1.206034150791927004e+02 1.738365152683729420e+01 1.226050369369410618e+02
1.191558046507224873e+02 1.678749905634616724e+01 1.246067831254056131e+02
1.177510221200638654e+02 1.620574319471431934e+01 1.265474663868898801e+02
1.163883989456441412e+02 1.563823983401402273e+01 1.284281009547683254e+02
1.150661175452811449e+02 1.508446385084446106e+01 1.302510289496832172e+02
1.137915986899640899e+02 1.454514053916800265e+01 1.320099352450169192e+02
1.125817399580413252e+02 1.402210969035844101e+01 1.336900484919156327e+02
1.114352395124477511e+02 1.351478391367932375e+01 1.352935782489528265e+02
1.103485895167891897e+02 1.302224975671212981e+01 1.368247443543621671e+02
1.093158909693589322e+02 1.254290238163175353e+01 1.382907637580096321e+02
1.083333467739534512e+02 1.207583505771623678e+01 1.396962827657148125e+02
1.073969601372848643e+02 1.162015534918310955e+01 1.410461463789810352e+02
1.065044962855327100e+02 1.117533884454572579e+01 1.423430502609817836e+02
1.056543818235460037e+02 1.074099732068399149e+01 1.435888779939841413e+02
1.048449290734999124e+02 1.031672427902387490e+01 1.447856582488085451e+02
1.040739526917103461e+02 9.902031758848028886e+00 1.459360532385464069e+02
1.033387333549761422e+02 9.496286971513669073e+00 1.470433300327174777e+02
1.026360858586300253e+02 9.098739092144413121e+00 1.481112932145447871e+02
1.019647433754680605e+02 8.709084693776086183e+00 1.491414533369650997e+02
1.013227410897420526e+02 8.326853956553099678e+00 1.501362051714548329e+02
1.007039670994887359e+02 7.950523559400755502e+00 1.511031402725231771e+02
1.001055543696693206e+02 7.579327899907355004e+00 1.520458832373485905e+02
9.952706325358224149e+01 7.213122086861462279e+00 1.529650081808214566e+02
9.896792870668160447e+01 6.851774018216214124e+00 1.538611783021443671e+02
9.842766858295050270e+01 6.495168063559744631e+00 1.547349606652148282e+02
9.790581263499100828e+01 6.143191439896893868e+00 1.555869083451053427e+02
9.740190234301782368e+01 5.795734170730445278e+00 1.564175606291051679e+02
9.691549039176365454e+01 5.452688960893845582e+00 1.572274436316956212e+02
9.644648165173182974e+01 5.114051831450320940e+00 1.580166599603999771e+02
9.599281557141614485e+01 4.779188096202918068e+00 1.587876782592464622e+02
9.555137547462074110e+01 4.447160080063410348e+00 1.595442391422609205e+02
9.512060994132183112e+01 4.117556749951852169e+00 1.602882004178813702e+02
9.470015219864420430e+01 3.790316639618865224e+00 1.610199955076479910e+02
9.428982555372601837e+01 3.465397282448404059e+00 1.617398298396828693e+02
9.388953788952770196e+01 3.142783854642268171e+00 1.624478090675288229e+02
9.349876194148004060e+01 2.822347764490566124e+00 1.631445511220658773e+02
9.311660351217425102e+01 2.503864024901202967e+00 1.638311060248696549e+02
9.274293076575547445e+01 2.187305207868779799e+00 1.645076265779977973e+02
9.237760232065626553e+01 1.872657547689594137e+00 1.651742767183480396e+02
9.202018805033205240e+01 1.559910277241007170e+00 1.658315598924093877e+02
9.167007927958775326e+01 1.249065588022875373e+00 1.664801896038204063e+02
9.132710244166860036e+01 9.401048738035624464e-01 1.671203684082293819e+02
9.099117402169792967e+01 6.330053243349927916e-01 1.677521930782482400e+02
9.066220077627677654e+01 3.277449471056471109e-01 1.683757718325340136e+02
9.034009060351321807e+01 2.430201610371246143e-02 1.689912115673211872e+02
9.002475278396460112e+01 -2.773448719855730049e-01 1.695986175773397520e+02
8.971609774202589449e+01 -5.772168534337760448e-01 1.701980938321973156e+02
8.941403700800324827e+01 -8.753348063152640579e-01 1.707897430203092597e+02
8.911848321811383755e+01 -1.171719350507205881e+00 1.713736665488987683e+02
8.882935011448603291e+01 -1.466390847689570842e+00 1.719499645439965718e+02
8.854655254515924412e+01 -1.759369401345129535e+00 1.725187358504412600e+02
8.827000646408400542e+01 -2.050674856759453490e+00 1.730800780318789691e+02
8.799962892981568530e+01 -2.340326801325570028e+00 1.736340873722767810e+02
8.773533800406804062e+01 -2.628344588206140919e+00 1.741808589934276483e+02
8.747705295761070943e+01 -2.914747288309116335e+00 1.747204866164605335e+02
8.722469415525294778e+01 -3.199553717114234086e+00 1.752530626950627948e+02
8.697818293322603722e+01 -3.482782463272795503e+00 1.757786785575076181e+02
8.673744159918338426e+01 -3.764451888607673435e+00 1.762974244066538461e+02
8.650239343220047772e+01 -4.044580128113302031e+00 1.768093893199460638e+02
8.627296268277494562e+01 -4.323185089955686067e+00 1.773146612494145415e+02
8.604907457282651251e+01 -4.600284455472393397e+00 1.778133270216753488e+02
8.583065529569694263e+01 -4.875895679172562502e+00 1.783054723379301549e+02
