2.540000000000000000e+02 7.000000000000000000e+00 0.000000000000000000e+00
2.528395795522008882e+02 7.477867137151602783e+00 7.045587565982627254e-01
2.516558414313813614e+02 7.957893728579217729e+00 1.431890815654263571e+00
2.504483242186231280e+02 8.440032942276452843e+00 2.182544733833878592e+00
2.492165350643166164e+02 8.924208595284541801e+00 2.957129925189502906e+00
2.479599265208065617e+02 9.410246964776460388e+00 3.756415939379566638e+00
2.466778246891462913e+02 9.898168115707402848e+00 4.581099948128542820e+00
2.453671182035642744e+02 1.038823174504753943e+01 5.434167158211005599e+00
2.440264586034508056e+02 1.088057124716623392e+01 6.316901969846989040e+00
2.426549858719149597e+02 1.137497995003515960e+01 7.230429015783735203e+00
2.412514003422669759e+02 1.187077615830023625e+01 8.176815473481719110e+00
2.398148907593843546e+02 1.236784317155536073e+01 9.157044797813668424e+00
2.383435544219973963e+02 1.286681630661338183e+01 1.017258960339554363e+01
2.368340026373710430e+02 1.336780196191644876e+01 1.122766472850775976e+01
2.352849327850878183e+02 1.387055795738243447e+01 1.232404494396996419e+01
2.336953427262443768e+02 1.437512263826335790e+01 1.346278926651156560e+01
2.320642097453710733e+02 1.488153194648804778e+01 1.464497998930575129e+01
2.303904851831811698e+02 1.538982272906187987e+01 1.587172686978478353e+01
2.286730939838562051e+02 1.590003275385715042e+01 1.714416760888586211e+01
2.269104272541449063e+02 1.641179727975599079e+01 1.846450308726272738e+01
2.251000578884789434e+02 1.692413813689295310e+01 1.983655969021232934e+01
2.232404481862766943e+02 1.743682773599418567e+01 2.126229807336335753e+01
2.213303540967776826e+02 1.794990155102121676e+01 2.274304453369608936e+01
2.193688824752505582e+02 1.846306453407998305e+01 2.427964021743250100e+01
2.173567653791708096e+02 1.897501005258853723e+01 2.587057829311849488e+01
2.152930703413855724e+02 1.948552727981582677e+01 2.751679091304016467e+01
2.131766137004165387e+02 1.999456451510274491e+01 2.921956731987802769e+01
2.110072535951549924e+02 2.050246992411588565e+01 3.097871979106992768e+01
2.087846779202945413e+02 2.100952837989291666e+01 3.279429977265046148e+01
2.065079043675303865e+02 2.151577911351179040e+01 3.466729786687116643e+01
2.041758275274225127e+02 2.202122355004256704e+01 3.659887010414424680e+01
2.017872188893957173e+02 2.252582530854742515e+01 3.859033794304247778e+01
1.993407591610968836e+02 2.302952277175302243e+01 4.064314228587622324e+01
1.968354452910353700e+02 2.353213954705706001e+01 4.275851602046274991e+01
1.942742868230230044e+02 2.403188691370127117e+01 4.493520969345595262e+01
1.916602832836840378e+02 2.452763777220679842e+01 4.717131789772873418e+01
1.889934901867221697e+02 2.501938012312006521e+01 4.946682357001230912e+01
1.862729913441376652e+02 2.550707604268659878e+01 5.182272908712267423e+01
1.834979934446489267e+02 2.599006298958865102e+01 5.424053400057388785e+01
1.806688967817522098e+02 2.646286837224524646e+01 5.672530346462154682e+01
1.777854969339501565e+02 2.692397036866577764e+01 5.927878846666956036e+01
1.748526497197523213e+02 2.736723519232568691e+01 6.190213017257038075e+01
1.718857799783287987e+02 2.777940664890138933e+01 6.459263234127639919e+01
1.688940640987363793e+02 2.814753802288057472e+01 6.735398058929868625e+01
1.658983594338434671e+02 2.845788353502744528e+01 7.017826087619332043e+01
1.629325431175775236e+02 2.869378176441384198e+01 7.304671316849137952e+01
1.600137638545261609e+02 2.884730485535124345e+01 7.594949644767336849e+01
1.572053507757788111e+02 2.888827549369971948e+01 7.885119077245899177e+01
1.545250732632243853e+02 2.881090328880202733e+01 8.173912475021629120e+01
1.519718581388649739e+02 2.861821931952481890e+01 8.461136617754270617e+01
1.495462205243226492e+02 2.831854465275146282e+01 8.745875174195531088e+01
1.472496177992729827e+02 2.792400682605114781e+01 9.026712339071650604e+01
1.450741653094657124e+02 2.744795658178481901e+01 9.303130060574800098e+01
1.430102483517057408e+02 2.690458381719978576e+01 9.574712105323037292e+01
1.410563183471080606e+02 2.629912833260998184e+01 9.841087415988580744e+01
1.392107195433069933e+02 2.563880710974679999e+01 1.010169125056952169e+02
1.374462004691865218e+02 2.495507680479016344e+01 1.035505242550369616e+02
1.357272375248008132e+02 2.428289390343733345e+01 1.060148279811620569e+02
1.340483483852051450e+02 2.362443887566303147e+01 1.084207540610939020e+02
1.324086270585548277e+02 2.297940316257653492e+01 1.107696236717627869e+02
1.308071471682839331e+02 2.234746928526198673e+01 1.130627862126413845e+02
1.292436016342530536e+02 2.172855974944043922e+01 1.153007100889404057e+02
1.277190720869474916e+02 2.112306866560839325e+01 1.174818375651213955e+02
1.262354901253501396e+02 2.053101662244056413e+01 1.196028672391448566e+02
1.247947723977076890e+02 1.995304213680387306e+01 1.216609932940096002e+02
1.233972800476980183e+02 1.938953283377023595e+01 1.236558903259086151e+02
1.220417874737341890e+02 1.884008381046825775e+01 1.255893550990993930e+02
1.207270726199228221e+02 1.830428908742858241e+01 1.274631774702501303e+02
1.194519457077496440e+02 1.778175394439054813e+01 1.292790983434944110e+02
1.182203020547779175e+02 1.727291823012019023e+01 1.310340617863229511e+02
1.170545315954040149e+02 1.678109198349814690e+01 1.327080296742328755e+02
1.159508447511458229e+02 1.630513185841775936e+01 1.343060958781786667e+02
1.149054830823073132e+02 1.584402824799729714e+01 1.358328398219752557e+02
1.139130245063620350e+02 1.539624058187157729e+01 1.372949024206988895e+02
1.129695334201716719e+02 1.496081506032466812e+01 1.386972157063772215e+02
1.120712628394379493e+02 1.453686786986014212e+01 1.400443732415023135e+02
1.112156036601100340e+02 1.412376874565005025e+01 1.413395611792646491e+02
1.104009287074889443e+02 1.372111160659131102e+01 1.425847643009866488e+02
1.096254893157953205e+02 1.332848788264016626e+01 1.437821437056047955e+02
1.088856981669950699e+02 1.294503151263353935e+01 1.449360464404706192e+02
1.081787264257852001e+02 1.257004990405519962e+01 1.460498948722160719e+02
1.075028404510242979e+02 1.220311160504206427e+01 1.471257910895331520e+02
1.068573148321145396e+02 1.184402559950187950e+01 1.481646217260162359e+02
1.062411588066081123e+02 1.149253820496518586e+01 1.491675929883105596e+02
1.056523092976795084e+02 1.114812923668286970e+01 1.501372544350492433e+02
1.050850223158821137e+02 1.080933528389883413e+01 1.510808460038444707e+02
1.045373698965698708e+02 1.047563144553382841e+01 1.520008481267688580e+02
1.040083234557631471e+02 1.014673212360282051e+01 1.528985803335671108e+02
1.034971838078188284e+02 9.822449909952744918e+00 1.537749150587919473e+02
1.030035811654305320e+02 9.502695586262522198e+00 1.546302776418042697e+02
1.025273460483352608e+02 9.187461765090342070e+00 1.554648370838873177e+02
1.020677745191416506e+02 8.876522008089940741e+00 1.562794516581975017e+02
1.016240413370706932e+02 8.569575179659812747e+00 1.570751221501983252e+02
1.011954589469395813e+02 8.266382202492783549e+00 1.578526798400310440e+02
1.007814774858036344e+02 7.966766063359825623e+00 1.586127864960522231e+02
1.003816828614246646e+02 7.670611042034368943e+00 1.593559367270657674e+02
9.999574165792402880e+01 7.377838452721667828e+00 1.600825257608583740e+02
9.962332957593108063e+01 7.088372271138826619e+00 1.607929379229119036e+02
9.926408675882727550e+01 6.802126617326940128e+00 1.614876011021540307e+02
9.891794913251121102e+01 6.519094351671613552e+00 1.621665832878146318e+02
9.858353980156618945e+01 6.238917721992507381e+00 1.628315509257151916e+02
9.825804203480475962e+01 5.960853018298867489e+00 1.634859249644013062e+02
9.794091591729673496e+01 5.684762125726430249e+00 1.641303503982673533e+02
9.763142516234952950e+01 5.410452873644870486e+00 1.647656995378145552e+02
9.732936122809915958e+01 5.137875111033572750e+00 1.653922180443276773e+02
9.703460693073679977e+01 4.867007266493513562e+00 1.660100428440807434e+02
9.674670438798524685e+01 4.597837846352054392e+00 1.666197088199117786e+02
9.646533341098512437e+01 4.330352290176158192e+00 1.672215903088437301e+02
9.619032343496257909e+01 4.064531555557675979e+00 1.678158870141250532e+02
9.592152258669665343e+01 3.800356356457604168e+00 1.684027768266784904e+02
9.565879768451949872e+01 3.537807163206082794e+00 1.689824158251007873e+02
9.540203423831616192e+01 3.276864202502403955e+00 1.695549382756630052e+02
9.515113644952471361e+01 3.017507457415004257e+00 1.701204566323103791e+02
9.490602721113620532e+01 2.759716667381468813e+00 1.706790615366623172e+02
9.466664810769472638e+01 2.503471328208528579e+00 1.712308218180124584e+02
9.443295017269466030e+01 2.248751139856798531e+00 1.717758013593609121e+02
9.420484355002719212e+01 1.995537366320687234e+00 1.723141169485965918e+02
9.398224241839569970e+01 1.743810383074323456e+00 1.728458471496776667e+02
9.376506710723380422e+01 1.493550894828360898e+00 1.733710697208443889e+02
9.355324182615616735e+01 1.244740111928446469e+00 1.738898678403047313e+02
9.334669466495840595e+01 9.973597503552197319e-01 1.744023301062342171e+02
9.314535759361716316e+01 7.513920317243144575e-01 1.749085505367759481e+02
9.294916646228999468e+01 5.068196832863577361e-01 1.754086285700406904e+02
9.275806100131556775e+01 2.636259379269699221e-01 1.759026690641067034e+02
