2.540000000000000000e+02 7.000000000000000000e+00 0.000000000000000000e+00
2.513628166576231138e+02 7.015047363645954270e+00 2.422687716726587226e+00
2.487352361555396101e+02 7.027367378768830442e+00 4.839202292787095239e+00
2.461172381003659382e+02 7.036969419642678858e+00 7.249553447401170025e+00
2.435088034722270152e+02 7.043866919364575097e+00 9.653745502902401299e+00
2.409099234737892061e+02 7.048104461819517219e+00 1.205174166244959011e+01
2.383205331893709058e+02 7.049556918090747359e+00 1.444372953273937910e+01
2.357405640988584992e+02 7.048085766316823708e+00 1.682991367175979747e+01
2.331699635970671523e+02 7.043597760713980804e+00 1.921043790331409440e+01
2.306086952996890886e+02 7.036045939993227805e+00 2.158538400887916353e+01
2.280567399357215947e+02 7.025434200269552676e+00 2.395476624991407988e+01
2.255140811649081627e+02 7.011774844583307242e+00 2.631858759014482629e+01
2.229807508428864367e+02 6.994994446688809653e+00 2.867687653683853100e+01
2.204568191492381857e+02 6.974957242184526507e+00 3.102967705595133907e+01
2.179423352944785677e+02 6.951601014412542412e+00 3.337699785213144565e+01
2.154373446341479621e+02 6.924916760711205654e+00 3.571881439962793792e+01
2.129419505504404526e+02 6.894942511524948969e+00 3.805503055259013223e+01
2.104563917137633950e+02 6.861704862575855657e+00 4.038546503734146143e+01
2.079806693237391357e+02 6.825215533435636139e+00 4.271011017032913770e+01
2.055147624431593272e+02 6.785486459775313506e+00 4.502897336014405028e+01
2.030586501516028193e+02 6.742529553018131061e+00 4.734206202382932105e+01
2.006123115456419157e+02 6.696356700387398497e+00 4.964938358664521445e+01
1.981757257383655713e+02 6.646979764800148516e+00 5.195094548260848910e+01
1.957488718598475543e+02 6.594410584975297418e+00 5.424675515395909287e+01
1.933317290573691309e+02 6.538660975484601678e+00 5.653682005090689700e+01
1.909242764954190079e+02 6.479742726752656168e+00 5.882114763163174587e+01
1.885264933556933897e+02 6.417667605056893265e+00 6.109974536228342856e+01
1.861383588370959217e+02 6.352447352527589075e+00 6.337262071698166466e+01
1.837598521557364677e+02 6.284093687150255292e+00 6.563978117781560684e+01
1.813909525450296769e+02 6.212618302803418757e+00 6.790123423471438002e+01
1.790316252106497075e+02 6.138038500185353463e+00 7.015699509148285529e+01
1.766824235900141105e+02 6.060135679205249204e+00 7.240675628042106382e+01
1.743442770262794284e+02 5.978513733362252225e+00 7.465002900305070455e+01
1.720200602401172318e+02 5.892725543603445360e+00 7.688457778479583737e+01
1.697196102715527104e+02 5.801183993953126006e+00 7.910280472301910493e+01
1.674458142818815247e+02 5.703450580820984328e+00 8.130241987611084653e+01
1.652000240050606408e+02 5.599338628586039590e+00 8.348231654615638320e+01
1.629820831023877759e+02 5.488902040489969991e+00 8.564258462400717065e+01
1.607919017470411802e+02 5.372197018713723793e+00 8.778324763074851944e+01
1.586361193523649717e+02 5.248468521388826247e+00 8.989870342414482707e+01
1.565175915176974684e+02 5.117407248693470301e+00 9.198650210969006480e+01
1.544363169513063383e+02 4.979050464758604910e+00 9.404658273420756132e+01
1.523919944417349370e+02 4.833479921380701150e+00 9.607913593018417941e+01
1.503840256842165672e+02 4.680821437853248668e+00 9.808460155638941558e+01
1.484117959941568188e+02 4.521203123610775698e+00 1.000634342849196798e+02
1.464748258202644706e+02 4.354732597436705710e+00 1.020159767982131171e+02
1.445726033465723788e+02 4.181521752447805440e+00 1.039425995050712999e+02
1.427046239275237554e+02 4.001680893978516451e+00 1.058436676431752801e+02
1.408703900879688433e+02 3.815318739581640362e+00 1.077195412790875508e+02
1.390694115089985985e+02 3.622542422169520382e+00 1.095705753184658278e+02
1.373012048721978431e+02 3.423457524554328835e+00 1.113971196183352674e+02
1.355652936839489087e+02 3.218168118414026946e+00 1.131995191137418573e+02
1.338612082333238789e+02 3.006776773630301491e+00 1.149781138481076681e+02
1.321884855216164283e+02 2.789384573916396270e+00 1.167332390240286770e+02
1.305466690988172047e+02 2.566091153082544540e+00 1.184652251211551857e+02
1.289353090219440503e+02 2.336994704276869506e+00 1.201743979262303696e+02
1.273540682293117356e+02 2.102032521647940300e+00 1.218611203032672137e+02
1.258031080823692776e+02 1.860404635951367514e+00 1.235259421894657663e+02
1.242820609645381182e+02 1.612157786724162989e+00 1.251691463337060952e+02
1.227905102744533110e+02 1.357620221866971066e+00 1.267907581259095338e+02
1.213280322374875198e+02 1.097010350327705330e+00 1.283909401772066872e+02
1.198941969626439032e+02 8.304162779387661564e-01 1.299700151032488407e+02
1.184885824035754212e+02 5.579397359745476015e-01 1.315282816342192120e+02
1.171107723694874778e+02 2.796794553123391203e-01 1.330660362261153580e+02
1.157603566695164687e+02 -4.267275208120177403e-03 1.345835710774362326e+02
1.144361543739074278e+02 -2.934185648037427874e-01 1.360815513315737064e+02
1.131355086498764280e+02 -5.866601034902966250e-01 1.375614531155113127e+02
1.118575852936118622e+02 -8.837219091913816049e-01 1.390238106376435212e+02
1.106020867123676368e+02 -1.184545129612833758e+00 1.404688459835482774e+02
1.093687185108021254e+02 -1.489071625155231837e+00 1.418967789411913714e+02
1.081571900495447949e+02 -1.797244010470554043e+00 1.433078265053190989e+02
1.069672143105411521e+02 -2.109005627369556102e+00 1.447022029775521048e+02
1.057985078970526445e+02 -2.424300544821773151e+00 1.460801199663857801e+02
1.046507910336567022e+02 -2.743073558955517743e+00 1.474417863871899215e+02
1.035237875678664210e+02 -3.065270193383877295e+00 1.487874084610051284e+02
1.024172249602358420e+02 -3.390836697215281248e+00 1.501171897218988818e+02
1.013308341303091566e+02 -3.719720014058211177e+00 1.514313311314777479e+02
1.002642621051481058e+02 -4.051835065167484373e+00 1.527300668355374285e+02
9.921114547204572887e+01 -4.384662473750381650e+00 1.540158170002016789e+02
9.816665757539713866e+01 -4.716029079405060109e+00 1.552900362167980859e+02
9.713026007407903251e+01 -5.045948123415559650e+00 1.565533472229411700e+02
9.610168198976569442e+01 -5.374463608030758621e+00 1.578061341817784182e+02
9.508087225099066586e+01 -5.701583218355661842e+00 1.590484671272784567e+02
9.406778011153319596e+01 -6.027314592871588772e+00 1.602804156453774453e+02
9.306235514685873511e+01 -6.351665323939817753e+00 1.615020488788799469e+02
9.206454724848549631e+01 -6.674642958599044995e+00 1.627134355352327759e+02
9.107430662394779119e+01 -6.996254998570531569e+00 1.639146438865739697e+02
9.009162065672836661e+01 -7.316534816209190772e+00 1.651056636776706625e+02
8.911643068563401471e+01 -7.635494178701462076e+00 1.662865727761904679e+02
8.814836401444223668e+01 -7.952928976158927021e+00 1.674581100631871493e+02
8.718711938313266785e+01 -8.268668972597366107e+00 1.686208773907216596e+02
8.623249976951437645e+01 -8.582599842210964169e+00 1.697752709863548262e+02
8.528441238922580681e+01 -8.894663169372309497e+00 1.709214814531472371e+02
8.434285328459137077e+01 -9.204851350330631732e+00 1.720595213969280621e+02
8.340777184101557395e+01 -9.513170848700323035e+00 1.731894612344196673e+02
8.247913341479109306e+01 -9.819651227533817917e+00 1.743113271532908755e+02
8.155690305963895526e+01 -1.012431295738031700e+01 1.754251537567122909e+02
8.064103384919249606e+01 -1.042716187661988236e+01 1.765310064652580593e+02
7.973146687699728830e+01 -1.072818919146340733e+01 1.776289815169057817e+02
7.882813125651119890e+01 -1.102737147595265199e+01 1.787192059670367428e+02
7.793093952149618531e+01 -1.132466928553182584e+01 1.798018458156870736e+02
7.703980796096544736e+01 -1.162005973918800272e+01 1.808770469167838542e+02
7.615477149884620189e+01 -1.191359690155956841e+01 1.819447094432457561e+02
7.527585856465078962e+01 -1.220533056533307459e+01 1.830047470695658944e+02
7.440306897030403377e+01 -1.249529465404855522e+01 1.840571303774822809e+02
7.353637391014332536e+01 -1.278350722209952828e+01 1.851018868559781367e+02
7.267570351466100931e+01 -1.306997472147208406e+01 1.861391158728683877e+02
7.182068588188235481e+01 -1.335479601494318835e+01 1.871692898549286213e+02
7.097108383493957717e+01 -1.363804452940312473e+01 1.881927010014282189e+02
7.012679436583425741e+01 -1.391975046827733742e+01 1.892094776936693847e+02
6.928774078133842806e+01 -1.419993365976737998e+01 1.902197178445690326e+02
6.845387270299465854e+01 -1.447860355685092060e+01 1.912234888986587009e+02
6.762516606711596978e+01 -1.475575923728173500e+01 1.922208278320845807e+02
6.680161024506269030e+01 -1.503139342003638745e+01 1.932117569948480309e+02
6.598274260041617367e+01 -1.530563983172955211e+01 1.941968546670651392e+02
6.516827973176435762e+01 -1.557858192070106185e+01 1.951764737513249202e+02
6.435813640615749875e+01 -1.585024401760743373e+01 1.961507210540747508e+02
6.355219522670147114e+01 -1.612066235111428725e+01 1.971197413084540528e+02
6.275030663255789420e+01 -1.638988504789634959e+01 1.980837171742944065e+02
6.195226342826256172e+01 -1.665797356618895719e+01 1.990429062664735511e+02
6.115775448238783696e+01 -1.692499843394525527e+01 1.999977144790521209e+02
6.036658358389366441e+01 -1.719101828899628259e+01 2.009483853862112142e+02
5.957859223042809305e+01 -1.745608785517821460e+01 2.018951093112518151e+02
5.879364670748439181e+01 -1.772025897435299058e+01 2.028380418435839943e+02
