2.540000000000000000e+02 7.000000000000000000e+00 0.000000000000000000e+00
2.527031431268941333e+02 7.476867867668358869e+00 7.830853019903323275e-01
2.513804276182050046e+02 7.955199047835704640e+00 1.591078887405655395e+00
2.500314060189678571e+02 8.435009397596585856e+00 2.424423759244215937e+00
2.486539725125486200e+02 8.916432799711904167e+00 3.285084146021445495e+00
2.472454056241182627e+02 9.399655695876441897e+00 4.175581584856073114e+00
2.458046686365594837e+02 9.884356473296080026e+00 5.097295355591170640e+00
2.443304209193080965e+02 1.036983562991018992e+01 6.052297612504726310e+00
2.428220484851839274e+02 1.085603493725812463e+01 7.041258535480145575e+00
2.412770578057687487e+02 1.134319052478441492e+01 8.066751028535271928e+00
2.396923953899592163e+02 1.183160368965045883e+01 9.131999903377623795e+00
2.380667444030481761e+02 1.232124640276429339e+01 1.023854599403615673e+01
2.363989661976004300e+02 1.281213078263080796e+01 1.138761519151795021e+01
2.346880240075027757e+02 1.330427862131819161e+01 1.258026173545137993e+01
2.329328151546699246e+02 1.379768830797688040e+01 1.381764175265602823e+01
2.311312890738264514e+02 1.429165521012098772e+01 1.510274788133643220e+01
2.292811884940876723e+02 1.478535686564131524e+01 1.643893083706225511e+01
2.273812798621682134e+02 1.527879036582765515e+01 1.782748482378719856e+01
2.254302697750046036e+02 1.577192991443848058e+01 1.926979421845523532e+01
2.234268941466075376e+02 1.626471731366552476e+01 2.076718906732549996e+01
2.213719086830685683e+02 1.675594740144899220e+01 2.231821629184972622e+01
2.192649736170140216e+02 1.724508882952656563e+01 2.392296519039188141e+01
2.171064398569035063e+02 1.773263423606776357e+01 2.558057353864841943e+01
2.148959816620100014e+02 1.821883476311213457e+01 2.729111314757333773e+01
2.126325114444654503e+02 1.870365501290099175e+01 2.905570153180012127e+01
2.103148813474989822e+02 1.918704464300065027e+01 3.087553117646597300e+01
2.079419181360110258e+02 1.966895194714473050e+01 3.275182118622586103e+01
2.055124235033294440e+02 2.014932408179922163e+01 3.468581675263322239e+01
2.030251732026497393e+02 2.062810702668232921e+01 3.667879005796014980e+01
2.004786753470071119e+02 2.110531426820001144e+01 3.873220603350408453e+01
1.978771133997128970e+02 2.157935334880085421e+01 4.084363204976345685e+01
1.952242813978249671e+02 2.204885165449128337e+01 4.301079040173375034e+01
1.925193123916467073e+02 2.251371237943888559e+01 4.523464655723709171e+01
1.897613513031361094e+02 2.297381028888248622e+01 4.751618329439302357e+01
1.869495175390394195e+02 2.342902181302867959e+01 4.985640693255232492e+01
1.840829162603205589e+02 2.387922122270648373e+01 5.225634024343515449e+01
1.811606323507363641e+02 2.432430287817874515e+01 5.471700621559088518e+01
1.781826401905036050e+02 2.476065533846196587e+01 5.724204658882914742e+01
1.751507925684931308e+02 2.518258266809727175e+01 5.983534302269285376e+01
1.720710817763140597e+02 2.558361505490437438e+01 6.249748858011638220e+01
1.689601660576925326e+02 2.595144053548789032e+01 6.522431809700717054e+01
1.658290254202220524e+02 2.627138008398529223e+01 6.801994994643355597e+01
1.627135715065109878e+02 2.652302719158305777e+01 7.086922470542579333e+01
1.596347063539135718e+02 2.669661318449242771e+01 7.376111144348581661e+01
1.566209431531195833e+02 2.677906999112823172e+01 7.668058180300143079e+01
1.537357234446316738e+02 2.674191098439533931e+01 7.959358376086494502e+01
1.509895341082540199e+02 2.658345110311973869e+01 8.249142042355894944e+01
1.483814489175088625e+02 2.630899092766635761e+01 8.536959685576159984e+01
1.459133671672107084e+02 2.593374445178877963e+01 8.821041572804486464e+01
1.435763766597525262e+02 2.547427088480943524e+01 9.100603824266431729e+01
1.413602587674479594e+02 2.494450290280076388e+01 9.375267992472552692e+01
1.392627875567199851e+02 2.434885259752528341e+01 9.644807398918013064e+01
1.372819762868738565e+02 2.369536504890276873e+01 9.908595780717601542e+01
1.354149873732451965e+02 2.298841305884503683e+01 1.016646218378277382e+02
1.336287037800145470e+02 2.226300076550157314e+01 1.041726444951484183e+02
1.318873454278534894e+02 2.155226744027854124e+01 1.066162476685378948e+02
1.301882115074609771e+02 2.085681948605276048e+01 1.089997453654914921e+02
1.285303074408274711e+02 2.017629980922053434e+01 1.113245554871604526e+02
1.269126635479453284e+02 1.951035907924433488e+01 1.135920595838436640e+02
1.253343662967353538e+02 1.885867275827535039e+01 1.158035625292476851e+02
1.237959797263388140e+02 1.822148078230763701e+01 1.179582874281611424e+02
1.222992639525389507e+02 1.759907927894722945e+01 1.200534807728754174e+02
1.208463781462145050e+02 1.699188590926326370e+01 1.220858043372805781e+02
1.194385103512884285e+02 1.640058850207583063e+01 1.240537544229197096e+02
1.180747293847495882e+02 1.582492715437754960e+01 1.259587126825261123e+02
1.167536344383824627e+02 1.526439892927879249e+01 1.278026761586710478e+02
1.154739443280584368e+02 1.471855408666605669e+01 1.295874788062991172e+02
1.142348248410789751e+02 1.418703602906579064e+01 1.313144932104666225e+02
1.130479769325811219e+02 1.367157420542263679e+01 1.329735845346588405e+02
1.119255802862429903e+02 1.317370431634124728e+01 1.345548419771334636e+02
1.108628736607387424e+02 1.269208720194855289e+01 1.360638645124465143e+02
1.098541186675773815e+02 1.222506200248973585e+01 1.375076832255238344e+02
1.088937756230902352e+02 1.177121782814223749e+01 1.388930601183595570e+02
1.079793807137348267e+02 1.132990586359133900e+01 1.402229700723824237e+02
1.071089481719193373e+02 1.090059922882522514e+01 1.414998100814704571e+02
1.062801614732982074e+02 1.048271195238426046e+01 1.427263969013682754e+02
1.054911426404683255e+02 1.007574751661666745e+01 1.439049974488850978e+02
1.047383712950693564e+02 9.678783794440668942e+00 1.450398237613942456e+02
1.040193081481773163e+02 9.291150760333849234e+00 1.461339176273541796e+02
1.033327140896614793e+02 8.912510535305427695e+00 1.471887710681062060e+02
1.026773221177507480e+02 8.542519940122435429e+00 1.482059110610142909e+02
1.020492932516430074e+02 8.180171789601827115e+00 1.491900295856086984e+02
1.014435695183474593e+02 7.824073289661629182e+00 1.501474122802789566e+02
1.008582210611120900e+02 7.473615820944761623e+00 1.510805865659128244e+02
1.002926303660461258e+02 7.128625026058930558e+00 1.519903024741082618e+02
9.974628594373919555e+01 6.788962604175615922e+00 1.528771639467859131e+02
9.921868948224960150e+01 6.454493792774576022e+00 1.537417594306199646e+02
9.870935549361452388e+01 6.125087294699744334e+00 1.545846622315356740e+02
9.821781076203119198e+01 5.800615129047558050e+00 1.554064311662174873e+02
9.774324119861582005e+01 5.480779544735907116e+00 1.562080410474549979e+02
9.728447611513607285e+01 5.165101692895971652e+00 1.569909023035667701e+02
9.684141633569424812e+01 4.853557738343479144e+00 1.577551244347971249e+02
9.641219562086610040e+01 4.545629708678121439e+00 1.585029453890004163e+02
9.599447751702058440e+01 4.240664700290930789e+00 1.592371708397697034e+02
9.558710765617892946e+01 3.938336026439530624e+00 1.599591845787563784e+02
9.518966460329221491e+01 3.638569189779183866e+00 1.606694844421884056e+02
9.480128590738233640e+01 3.341352266670682525e+00 1.613690839005336954e+02
9.442135943309936863e+01 3.046569704221478325e+00 1.620587023140043925e+02
9.404914449757649209e+01 2.753992165939463277e+00 1.627392104895982357e+02
9.368450059434991317e+01 2.463580703545989792e+00 1.634107727245165620e+02
9.332732176639559896e+01 2.175306522354248706e+00 1.640735126607623613e+02
9.297750367067021671e+01 1.889141264922877372e+00 1.647275520584030346e+02
9.263494357297636839e+01 1.605057009664553780e+00 1.653730108015565179e+02
9.229954007223970791e+01 1.323026196162290002e+00 1.660100072198773091e+02
9.197119310040618245e+01 1.043021625141491437e+00 1.666386580886767206e+02
9.164980392244183349e+01 7.650164584699572501e-01 1.672590786289227083e+02
9.133527513633299577e+01 4.889842191578809283e-01 1.678713825072397867e+02
9.102751067308612676e+01 2.148987913578483400e-01 1.684756818359092563e+02
9.072641579672789192e+01 -5.726557963516068495e-02 1.690720871728691179e+02
9.043189710430517891e+01 -3.275342873837718827e-01 1.696607075217138458e+02
9.014386128058070824e+01 -5.959324643569866575e-01 1.702416474618355551e+02
8.986221707606665632e+01 -8.624848202104600237e-01 1.708150117540343160e+02
8.958687775612479243e+01 -1.127215476653166570e+00 1.713809114320889933e+02
8.931775796855879435e+01 -1.390148235403623644e+00 1.719394567631217967e+02
8.905477370311585616e+01 -1.651306581530721740e+00 1.724907571550803027e+02
8.879784229148681618e+01 -1.910713683453723721e+00 1.730349211567369707e+02
8.854688240730598636e+01 -2.168392392942263935e+00 1.735720564576893707e+02
8.830181406615128026e+01 -2.424365245116352874e+00 1.741022698883601834e+02
8.806255862554414193e+01 -2.678654458446368736e+00 1.746256674199972849e+02
8.782903878494961702e+01 -2.931281934753066754e+00 1.751423541646734066e+02
8.760116183574763227e+01 -3.182285335299013251e+00 1.756524393504833768e+02
8.737885659730554266e+01 -3.431675411716953672e+00 1.761560013777305755e+02
8.716212169882916783e+01 -3.679390860450835188e+00 1.766530796744132772e+02
8.695093868311741403e+01 -3.925388866677089528e+00 1.771437255297955460e+02
