2.540000000000000000e+02 7.000000000000000000e+00 0.000000000000000000e+00
2.527736088964173291e+02 7.465138934806257787e+00 6.921795091632469976e-01
2.515232226550766086e+02 7.931693323878570290e+00 1.406653988610485628e+00
2.502484177535110916e+02 8.399679109843502189e+00 2.143827610030955011e+00
2.489487633292470150e+02 8.869112841086053578e+00 2.904111197620980800e+00
2.476237540052968882e+02 9.339875689399088188e+00 3.688130374383410626e+00
2.462728136675717110e+02 9.811766239918021881e+00 4.496666225827604890e+00
2.448931831067444591e+02 1.028492945600130604e+01 5.332233107429894758e+00
2.434829165764673178e+02 1.075946167745614623e+01 6.196616501792198584e+00
2.420409958695389605e+02 1.123497730021537144e+01 7.091210358290704896e+00
2.405662252219854054e+02 1.171081570723785958e+01 8.017854501887111240e+00
2.390567050621170893e+02 1.218725501132622213e+01 8.978354432865042867e+00
2.375092453195417193e+02 1.266480246916347951e+01 9.975801603269898621e+00
2.359228471892245693e+02 1.314346139433883387e+01 1.101122486378125842e+01
2.342964938607963745e+02 1.362301819541003844e+01 1.208588005054008896e+01
2.326291571694727622e+02 1.410327996521604810e+01 1.320101191326090984e+01
2.309194225002796941e+02 1.458392220044744825e+01 1.435844722383617977e+01
2.291649021921924430e+02 1.506395135758339698e+01 1.556183898246211328e+01
2.273640938417193809e+02 1.554312925876192786e+01 1.681304421476073330e+01
2.255158107493305124e+02 1.602143516441494597e+01 1.811330866018797181e+01
2.236192537946977836e+02 1.649862951942336409e+01 1.946335187395126098e+01
2.216753263932894242e+02 1.697363629719465905e+01 2.086157495183432076e+01
2.196836260337339297e+02 1.744606280664441655e+01 2.230819004421634588e+01
2.176432869660646929e+02 1.791584674276796463e+01 2.380404357102059265e+01
2.155545620904322845e+02 1.838346439281820821e+01 2.534844815644543914e+01
2.134172535469666911e+02 1.884916515914765256e+01 2.694133156926554307e+01
2.112304979981220185e+02 1.931294324546540508e+01 2.858352735740479389e+01
2.089932111496741527e+02 1.977471034829145324e+01 3.027616472117539459e+01
2.067043651467880920e+02 2.023440838008540155e+01 3.202028805849248982e+01
2.043628987861957569e+02 2.069197299146195945e+01 3.381698010071183091e+01
2.019669724025204403e+02 2.114754538990749211e+01 3.566784993707346274e+01
1.995179483373057678e+02 2.160038044117436939e+01 3.757238521589727753e+01
1.970199024839311335e+02 2.204902441664127366e+01 3.952823237655761801e+01
1.944744369041468985e+02 2.249275745967445062e+01 4.153462764326874179e+01
1.918811273123794194e+02 2.293142343423586738e+01 4.359214629862276524e+01
1.892392746832818489e+02 2.336488025132908675e+01 4.570160671148877185e+01
1.865481292282506445e+02 2.379300205948003821e+01 4.786385907546416263e+01
1.838069299268020700e+02 2.421566099061104893e+01 5.007976645940566129e+01
1.810149045501883052e+02 2.463272711668023618e+01 5.235020483001294878e+01
1.781712694491162097e+02 2.504406840972633930e+01 5.467606329710213231e+01
1.752754576314659118e+02 2.544918461058070136e+01 5.705838684795469362e+01
1.723328470551221585e+02 2.583792411014521662e+01 5.950204689435278738e+01
1.693588786911363400e+02 2.619760864554131885e+01 6.200469715870372056e+01
1.663622636443628551e+02 2.652228747074306625e+01 6.456383106761320789e+01
1.633565942795943329e+02 2.680054817384303334e+01 6.717782849745503881e+01
1.603845903546237537e+02 2.700526120717721668e+01 6.983260292590330209e+01
1.574519112010480910e+02 2.713399230348044000e+01 7.252512937824640460e+01
1.545875680991963748e+02 2.717351784683605587e+01 7.524080616977683178e+01
1.518507578119656216e+02 2.709762770475212079e+01 7.794904359904624869e+01
1.492504855246011459e+02 2.690531017506496880e+01 8.064223024298318876e+01
1.467851508342321836e+02 2.660018616116502699e+01 8.331831378694515422e+01
1.444546618449798530e+02 2.619293601193517063e+01 8.596655419869068737e+01
1.422560209017731836e+02 2.569933734382497548e+01 8.857394219158304338e+01
1.401760586728131273e+02 2.513779172753608648e+01 9.113501636696666708e+01
1.382112009041580052e+02 2.451209318835200079e+01 9.364946626982009548e+01
1.363592599342058804e+02 2.382889876285403830e+01 9.611270477327559547e+01
1.346092205454423834e+02 2.310499461206094196e+01 9.851564641594248428e+01
1.329127261981005290e+02 2.238890403680888497e+01 1.008520131869142062e+02
1.312585484001220664e+02 2.168875150357629167e+01 1.031293031175326433e+02
1.296456704512284261e+02 2.100414734588721899e+01 1.053489308422023356e+02
1.280730906110080412e+02 2.033471615620448958e+01 1.075122961898922114e+02
1.265398310875758199e+02 1.968009150008966657e+01 1.096207655227484707e+02
1.250446626710881048e+02 1.903984873740791173e+01 1.116760819210009714e+02
1.235889690684305862e+02 1.841420727612693398e+01 1.136761009242493827e+02
1.221762159680433797e+02 1.780391443990016143e+01 1.156155908531683991e+02
1.208073121840923676e+02 1.720949605777113334e+01 1.174934123175718952e+02
1.194825004580288237e+02 1.663124624882251723e+01 1.193093693163769586e+02
1.182006064428249204e+02 1.606876404849670692e+01 1.210651304608255572e+02
1.169602145857874689e+02 1.552152379021708306e+01 1.227626772371326211e+02
1.157589404358661085e+02 1.498884448814427905e+01 1.244048934854079533e+02
1.146002029834937872e+02 1.447116298277904178e+01 1.259889878821287112e+02
1.134985346594042568e+02 1.397090150534635100e+01 1.275016554762294589e+02
1.124572570483822886e+02 1.348806461164738835e+01 1.289411069794859088e+02
1.114734297023772598e+02 1.302165924047221779e+01 1.303111786658940048e+02
1.105404400631633735e+02 1.256973825817963331e+01 1.316198737847714142e+02
1.096521095851192342e+02 1.213062655262418410e+01 1.328747241829835275e+02
1.088063626216371205e+02 1.170374878966272014e+01 1.340782327500525355e+02
1.080014757117332493e+02 1.128861533101196279e+01 1.352324713986562870e+02
1.072356777676697988e+02 1.088472606068346238e+01 1.363395690402054470e+02
1.065061363274964918e+02 1.049130031852571854e+01 1.374029171893787975e+02
1.058102821736112418e+02 1.010762965263727864e+01 1.384255923965720569e+02
1.051462284969983472e+02 9.733188250248941742e+00 1.394098577635028562e+02
1.045126340332580668e+02 9.367596439107742867e+00 1.403573260004716303e+02
1.039086442230454423e+02 9.010605979554478395e+00 1.412690260437605900e+02
1.033321285604518636e+02 8.661619931463791389e+00 1.421475453604595316e+02
1.027786931195669951e+02 8.319390363652779286e+00 1.429982938782288784e+02
1.022445596622846438e+02 7.982791348897000816e+00 1.438260089334125951e+02
1.017289415657147487e+02 7.651576565696779575e+00 1.446316765162843581e+02
1.012313433800197089e+02 7.325605940513634451e+00 1.454158832079075410e+02
1.007512829278234250e+02 7.004743148150431864e+00 1.461791998790410219e+02
1.002882909138541834e+02 6.688855501514020752e+00 1.469221821521928746e+02
9.984191031439620190e+01 6.377813779193708399e+00 1.476453711243063367e+02
9.941179060712779858e+01 6.071539672748434313e+00 1.483491797009009758e+02
9.899716000409131311e+01 5.769741002709191768e+00 1.490345291577780245e+02
9.859711928264725600e+01 5.472057016444917821e+00 1.497024948563032183e+02
9.821106639750665579e+01 5.178270859188320863e+00 1.503537941301773913e+02
9.783863107717644425e+01 4.888277937568839882e+00 1.509888650990341716e+02
9.747946925880235369e+01 4.601985344959346413e+00 1.516081144506489125e+02
9.713325156209138811e+01 4.319305392309125580e+00 1.522119313818649005e+02
9.679966304557763124e+01 4.040154411860950923e+00 1.528006878997614137e+02
9.647794616914083576e+01 3.764318247377631099e+00 1.533752884027720143e+02
9.616502904376919503e+01 3.490897706729289229e+00 1.539394212984274475e+02
9.586010836231189103e+01 3.219810220860083838e+00 1.544940473389436590e+02
9.556252525646921470e+01 2.950985288186324329e+00 1.550399502155991058e+02
9.527169399585477549e+01 2.684230174194144336e+00 1.555778179291328343e+02
9.498735810278435565e+01 2.419465603456519620e+00 1.561079517935823731e+02
9.470945082301150819e+01 2.156673681889391236e+00 1.566304300462399226e+02
9.443787212954011068e+01 1.895825635482758287e+00 1.571453700490909853e+02
9.417252762914151276e+01 1.636894577415218599e+00 1.576528810217163254e+02
9.391332159863685547e+01 1.379853901931085369e+00 1.581530633951978757e+02
9.366016604252600075e+01 1.124677652401680383e+00 1.586460330330306476e+02
9.341297548527680306e+01 8.713402785471844325e-01 1.591319076200490770e+02
9.317166521900065845e+01 6.198165606012453477e-01 1.596108020305199773e+02
9.293615130345260411e+01 3.700816093109753346e-01 1.600828283281428241e+02
9.270635056603121882e+01 1.221108659369533750e-01 1.605480957660493857e+02
9.248218060177866562e+01 -1.241198977467770220e-01 1.610067107868040068e+02
9.226355977338066339e+01 -3.686345794527054465e-01 1.614587770224035523e+02
9.205040721116655789e+01 -6.114567463798564750e-01 1.619043952942772364e+02
9.184264216678084836e+01 -8.526096655095652954e-01 1.623436620107698616e+02
9.164018378431448753e+01 -1.092116282690316353e+00 1.627766682592211112e+02
9.144295314148288867e+01 -1.329999158356652611e+00 1.632035054524268389e+02
9.125087242466666737e+01 -1.566280543335547115e+00 1.636242638065149606e+02
9.106386490354651642e+01 -1.800982380419378082e+00 1.640390322831320589e+02
9.088185493110336211e+01 -2.034126304365928117e+00 1.644478985894429570e+02
