2.540000000000000000e+02 7.000000000000000000e+00 0.000000000000000000e+00
2.528653979249226325e+02 7.479732609185549386e+00 6.876364798287046831e-01
2.517063513292438302e+02 7.961738142504439786e+00 1.398900170866450354e+00
2.505222326200407963e+02 8.446002051152596835e+00 2.134502816959578553e+00
2.493125461591809540e+02 8.932549024157818707e+00 2.894948515040339565e+00
2.480767966368678685e+02 9.421416322761253070e+00 3.680726701434665848e+00
2.468144784229513675e+02 9.912640909566622582e+00 4.492338234048485646e+00
2.455250301020219297e+02 1.040626394198745075e+01 5.330337818483084966e+00
2.442056322731740465e+02 1.090254450329681646e+01 6.197393440671219444e+00
2.428536609872529084e+02 1.140094234550994123e+01 7.096799528790140421e+00
2.414677191749782992e+02 1.190073681512178361e+01 8.030761570401882210e+00
2.400460451683792655e+02 1.240182559471876722e+01 9.001506309023449504e+00
2.385851613845647989e+02 1.290468132871779083e+01 1.001269025549480851e+01
2.370837233032772815e+02 1.340950813498454686e+01 1.106557675056176038e+01
2.355407223590061960e+02 1.391637930829840641e+01 1.216117309010987491e+01
2.339545354063861566e+02 1.442497194066371691e+01 1.330165478123173983e+01
2.323226381222293639e+02 1.493441703070521598e+01 1.449087863088145589e+01
2.306434285194321774e+02 1.544450360575610581e+01 1.573086758242419059e+01
2.289156162599460629e+02 1.595523301096305424e+01 1.702302628589886879e+01
2.271378732082006593e+02 1.646660568022709370e+01 1.836880210750514664e+01
2.253094751640483651e+02 1.697829191680038008e+01 1.976881367064616768e+01
2.234315727131298956e+02 1.748901289354071409e+01 2.122115137810736840e+01
2.215033104029878359e+02 1.799852107545988034e+01 2.272664930059056587e+01
2.195239103411246901e+02 1.850692596538043588e+01 2.428602708320457282e+01
2.174942557147534785e+02 1.901491957148047263e+01 2.589773360871325636e+01
2.154132891913625940e+02 1.952249884992620466e+01 2.756286728996274604e+01
2.132798591573656211e+02 2.002963581087713862e+01 2.928264710854573138e+01
2.110927816761902704e+02 2.053629933592517176e+01 3.105832840918960969e+01
2.088508463727289381e+02 2.104245757800055827e+01 3.289119460522925209e+01
2.065528455357321889e+02 2.154808467848208764e+01 3.478252165864893897e+01
2.041973330898676409e+02 2.205310656544564907e+01 3.673387114066996872e+01
2.017858106105809668e+02 2.255726916912335511e+01 3.874402592221904484e+01
1.993236784381922462e+02 2.305825325897185607e+01 4.080983297426904244e+01
1.968110482793412359e+02 2.355551435608365551e+01 4.293173787464432678e+01
1.942470153639659713e+02 2.404895963974119510e+01 4.511077341080967784e+01
1.916306969455157514e+02 2.453847853881204344e+01 4.734796790825471646e+01
1.889611956139837332e+02 2.502395848158223757e+01 4.964436694602554923e+01
1.862375990035316988e+02 2.550528485512461785e+01 5.200103370152093163e+01
1.834589796206709309e+02 2.598234098141286808e+01 5.441904915313031665e+01
1.806243945173243617e+02 2.645500807188145487e+01 5.689951246578943511e+01
1.777329064685988840e+02 2.692314054364377540e+01 5.944354349158016504e+01
1.747906338168809555e+02 2.737998825636314493e+01 6.205148198495552236e+01
1.718173169715584265e+02 2.780605515125595417e+01 6.472197067782992974e+01
1.688179165690519596e+02 2.819550623098101738e+01 6.745555680954542765e+01
1.658266909769611743e+02 2.852675661302152577e+01 7.023802694850049022e+01
1.628694151038512530e+02 2.877814821285834412e+01 7.306418278711002756e+01
1.599501268682804209e+02 2.894758653943196336e+01 7.593192223630430249e+01
1.571130373931451913e+02 2.901257805717904503e+01 7.881783849760330440e+01
1.544057697044005977e+02 2.895090037497293878e+01 8.169471924844253863e+01
1.518344979603886600e+02 2.876328635701333525e+01 8.455546483154594739e+01
1.493978945932499585e+02 2.845407368573960838e+01 8.739716270350432126e+01
1.470956306144163364e+02 2.804036461956499338e+01 9.020295620492653654e+01
1.449163720096571808e+02 2.754594497802397157e+01 9.296112522843954196e+01
1.428541778744606177e+02 2.697900009385628550e+01 9.566980593411410894e+01
1.409067755500701367e+02 2.634215213444236170e+01 9.832877168766928833e+01
1.390719271709341456e+02 2.564443815970453500e+01 1.009312635666030218e+02
1.373138690179663115e+02 2.493030626889385459e+01 1.034594083676532961e+02
1.356001984943738705e+02 2.423067726080818929e+01 1.059218480201969186e+02
1.339282020107011988e+02 2.354609818865412052e+01 1.083236332136226139e+02
1.322968958124582457e+02 2.287621553757816173e+01 1.106661970224416223e+02
1.307053191280738815e+02 2.222068404990131540e+01 1.129509390397248580e+02
1.291525339633946032e+02 2.157916665128868061e+01 1.151792256764758946e+02
1.276376245028628631e+02 2.095133423560997699e+01 1.173523910339949339e+02
1.261606365784045636e+02 2.033705567234301270e+01 1.194702614445344011e+02
1.247263231735595781e+02 1.973770826679310275e+01 1.215256735362927571e+02
1.233373288380398378e+02 1.915443191165722325e+01 1.235149121853615384e+02
1.219928354845318381e+02 1.858702758072731953e+01 1.254392379058371034e+02
1.206914113840989415e+02 1.803499364716517306e+01 1.273007456750526245e+02
1.194317423102486657e+02 1.749786382389991246e+01 1.291013543131876986e+02
1.182125303679302277e+02 1.697517761460851560e+01 1.308429587932659786e+02
1.170327123098202264e+02 1.646652885578960834e+01 1.325272101639274922e+02
1.159062862437634465e+02 1.597460437850832271e+01 1.341414540498911663e+02
1.148454498834033046e+02 1.550156301831354888e+01 1.356752220721473634e+02
1.138436190471608427e+02 1.504552428053285951e+01 1.371363528337683704e+02
1.128946028526737138e+02 1.460457057425987770e+01 1.385324380965950297e+02
1.119919569457776305e+02 1.417692946382011598e+01 1.398715082862144925e+02
1.111327557650501348e+02 1.376182892508157529e+01 1.411571955509938050e+02
1.103151538546092780e+02 1.335874834612437034e+01 1.423917670024363247e+02
1.095373874920324937e+02 1.296718264135310505e+01 1.435773851282264388e+02
1.087959176157529839e+02 1.258614806914706818e+01 1.447183632213905753e+02
1.080882643043490532e+02 1.221494986557411977e+01 1.458177284551646551e+02
1.074130432702695117e+02 1.185319084774359766e+01 1.468771787378813940e+02
1.067689927873968401e+02 1.150050785526711294e+01 1.478982626439745047e+02
1.061552296091040120e+02 1.115664119995170722e+01 1.488820611108425567e+02
1.055705720566138126e+02 1.082125019823244116e+01 1.498300267671792483e+02
1.050097743285085130e+02 1.049287601527846192e+01 1.507486989983079297e+02
1.044691478026061731e+02 1.017045423839747542e+01 1.516427485927652867e+02
1.039472908801187003e+02 9.853518349403024956e+00 1.525140591048294425e+02
1.034437126812178462e+02 9.541908147229776205e+00 1.533632612745274173e+02
1.029578869580008273e+02 9.235477940055716317e+00 1.541909801741877573e+02
1.024893392487948631e+02 8.934091244041111324e+00 1.549977877481097437e+02
1.020376075242468943e+02 8.637615150333788350e+00 1.557842409554440053e+02
1.016019928448831564e+02 8.345796602485970439e+00 1.565511923254804287e+02
1.011814288001888258e+02 8.058194582252591331e+00 1.572999530194049953e+02
1.007754525724145367e+02 7.774662435271204153e+00 1.580310832851772602e+02
1.003836579079229665e+02 7.495079443590531909e+00 1.587450733261126743e+02
1.000056662132563474e+02 7.219336551215733699e+00 1.594423792905152482e+02
9.964112655513662276e+01 6.947336364108419815e+00 1.601234232716772965e+02
9.928971566046543273e+01 6.678993150186634864e+00 1.607885933078794949e+02
9.895112412502282950e+01 6.414226139970923057e+00 1.614382605405947686e+02
9.862502691345714823e+01 6.152945244614468123e+00 1.620728159025492801e+02
9.831041610594479607e+01 5.894850292286371030e+00 1.626934903298672737e+02
9.800473290124564585e+01 5.639215232699887892e+00 1.633034122562596906e+02
9.770660670685026616e+01 5.385719419294879629e+00 1.639042455337828699e+02
9.741532352557825902e+01 5.134233565429557444e+00 1.644968547377993389e+02
9.713068807956527451e+01 4.884754353016898420e+00 1.650814739511689595e+02
9.685259076683527724e+01 4.637245575768190520e+00 1.656582340712799919e+02
9.658093343092677685e+01 4.391678435246094026e+00 1.662272520415524752e+02
9.631561978448260675e+01 4.148024850546772058e+00 1.667886425657324878e+02
9.605655478129857272e+01 3.906257102192326247e+00 1.673425188696469377e+02
9.580364499205437312e+01 3.666347941536126864e+00 1.678889922538098176e+02
9.555679857198639127e+01 3.428270581349820656e+00 1.684281721319137262e+02
9.531592494250637060e+01 3.191998603116954047e+00 1.689601664099387222e+02
9.508093479120148572e+01 2.957505957032978028e+00 1.694850814861521258e+02
9.485174007183424294e+01 2.724766962005246373e+00 1.700030222511088027e+02
9.462825400434257972e+01 2.493756305653015648e+00 1.705140920876509369e+02
9.441039107483980786e+01 2.264449044307444314e+00 1.710183928709081727e+02
9.419806703561461347e+01 2.036820603011594955e+00 1.715160249682974722e+02
9.399119890513105702e+01 1.810846775520432717e+00 1.720070872395232868e+02
9.378970497086024238e+01 1.586503725125394171e+00 1.724916770332060310e+02
9.359350483506204910e+01 1.363767997984838720e+00 1.729698901323669702e+02
9.340251926732825893e+01 1.142616480187918393e+00 1.734418209300120850e+02
9.321667016147225127e+01 9.230263852014490844e-01 1.739075624804643780e+02
9.303588055343867325e+01 7.049752590849496237e-01 1.743672064780379287e+02
