2.540000000000000000e+02 7.000000000000000000e+00 0.000000000000000000e+00
2.528553715135029449e+02 7.485514716632774679e+00 6.868783670538913810e-01
2.516859767974275144e+02 7.973105048927393135e+00 1.397945899274768200e+00
2.504912456266332867e+02 8.462835709170628107e+00 2.133760882921458713e+00
2.492703688680779237e+02 8.954904620894765799e+00 2.895057682584551095e+00
2.480227999473802356e+02 9.449364061535733939e+00 3.682373890587025578e+00
2.467480193918645739e+02 9.946247576395734313e+00 4.496228709491743025e+00
2.454453768475366360e+02 1.044560585941387920e+01 5.337262494993294304e+00
2.441117620546535534e+02 1.094774008009266453e+01 6.208410715100502131e+00
2.427447896983252349e+02 1.145221656386481435e+01 7.112620646598899476e+00
2.413429650731834784e+02 1.195812563336652445e+01 8.052423541326399814e+00
2.399033229643169989e+02 1.246538766073644489e+01 9.031562292874257381e+00
2.384230927284037307e+02 1.297465508978553217e+01 1.005260314040950576e+01
2.369012108577416598e+02 1.348600023719846064e+01 1.111662237589882984e+01
2.353353786871928719e+02 1.399870761044585343e+01 1.222707433704304414e+01
2.337234130908529153e+02 1.451217401831391918e+01 1.338713853085451788e+01
2.320639607765076562e+02 1.502635792577682139e+01 1.459835308302890233e+01
2.303556998311186135e+02 1.554126174419545414e+01 1.586216481229143582e+01
2.285972713561349394e+02 1.605688797253350941e+01 1.718006097356632722e+01
2.267872789496487940e+02 1.657323916005628561e+01 1.855356989212184970e+01
2.249242873531123337e+02 1.709031790811999940e+01 1.998426244560023335e+01
2.230068347122646344e+02 1.760812013473875837e+01 2.147373453387931974e+01
2.210355180603513929e+02 1.812580519908275534e+01 2.302069931539525882e+01
2.190127728285804665e+02 1.864311793842770371e+01 2.462133946189091915e+01
2.169379352313109450e+02 1.916021733930038096e+01 2.627618719442499540e+01
2.148098118515414399e+02 1.967707634953791640e+01 2.798650756373449866e+01
2.126271822005084573e+02 2.019366733078391363e+01 2.975359429296219815e+01
2.103887979039229492e+02 2.070996197616188539e+01 3.157877070283728926e+01
2.080933823579708815e+02 2.122593130199393485e+01 3.346339007683267397e+01
2.057400228254098806e+02 2.174179255236583330e+01 3.540820667667688326e+01
2.033316511113918637e+02 2.225657767678122312e+01 3.741123903221846092e+01
2.008715323559578962e+02 2.276855065353946017e+01 3.947089893918997916e+01
1.983602668562092219e+02 2.327692773498804257e+01 4.158736768913943393e+01
1.957969350719247643e+02 2.378162019510694236e+01 4.376169259480739271e+01
1.931806355785961671e+02 2.428251760726151431e+01 4.599492409375567803e+01
1.905104519088052939e+02 2.477950752801397627e+01 4.828813033525888443e+01
1.877854522718171779e+02 2.527247545877006374e+01 5.064239751125442268e+01
1.850046892290963854e+02 2.576130480139997658e+01 5.305883023930991982e+01
1.821671995473174945e+02 2.624587683812325523e+01 5.553855173611652418e+01
1.792720230151534224e+02 2.672606572547145021e+01 5.808268921444280863e+01
1.763188110593116562e+02 2.720079811722678187e+01 6.069266993453661030e+01
1.733250168908105877e+02 2.765615545566977929e+01 6.336403069036221325e+01
1.703032553376104374e+02 2.807779358906817890e+01 6.609764241995814871e+01
1.672711138384202911e+02 2.845407750881723885e+01 6.888655314263223772e+01
1.642651217446591261e+02 2.875925767269046318e+01 7.171821352131564709e+01
1.612970542133805623e+02 2.897965088482639828e+01 7.459402361840163564e+01
1.583776981730846956e+02 2.911032877231035343e+01 7.750766487749054079e+01
1.555679641090497967e+02 2.911980224133664308e+01 8.042710922698726961e+01
1.528908078374551849e+02 2.899950424612287136e+01 8.333702619998636862e+01
1.503548886230380219e+02 2.874880521773839348e+01 8.622907229028847098e+01
1.479585447057459362e+02 2.837760659273903130e+01 8.909509692301028849e+01
1.456922417509764784e+02 2.791717651469771155e+01 9.191400188614107947e+01
1.435482055861866399e+02 2.737951524128961367e+01 9.468211257285895499e+01
1.415239046577977717e+02 2.676733434427471536e+01 9.739940003612186104e+01
1.396169400916284928e+02 2.608585354586608318e+01 1.000632033342142080e+02
1.378137708776404509e+02 2.535828481999556061e+01 1.026603064736125930e+02
1.360648856615341629e+02 2.463897602050180424e+01 1.051824343799304415e+02
1.343593023319786823e+02 2.393545829353408294e+01 1.076413046852393904e+02
1.326959923597704289e+02 2.324734708708677644e+01 1.100384131395339722e+02
1.310739393361134546e+02 2.257427381157203428e+01 1.123752460442021146e+02
1.294921508527903029e+02 2.191587857905960846e+01 1.146532546030722415e+02
1.279496884254824778e+02 2.127181556797502893e+01 1.168738072401535391e+02
1.264455240908342546e+02 2.064172745361657135e+01 1.190384182097387651e+02
1.249824633580590927e+02 2.002590232575569118e+01 1.211424632539756772e+02
1.235638060094882178e+02 1.942563914324063035e+01 1.231811902855014154e+02
1.221911784582177773e+02 1.884184621263339210e+01 1.251524488499262162e+02
1.208635773609225765e+02 1.827422550528353540e+01 1.270577532329166957e+02
1.195795718287453582e+02 1.772226516302315957e+01 1.288992008679213939e+02
1.183377753126158751e+02 1.718547017095760054e+01 1.306788248965418688e+02
1.171368455651766283e+02 1.666336132683795412e+01 1.323985934967722358e+02
1.159749296798635640e+02 1.615535689872739766e+01 1.340609502477644526e+02
1.148602196697370346e+02 1.566302184839901201e+01 1.356585421735554746e+02
1.138090068702366153e+02 1.518958104346934768e+01 1.371763443999119829e+02
1.128180638893560825e+02 1.473382241962610628e+01 1.386190596072605103e+02
1.118798619321113392e+02 1.429345371567129952e+01 1.399959487135768939e+02
1.109881029395912861e+02 1.386668062573719240e+01 1.413149459589677122e+02
1.101401561281948176e+02 1.345277661627412158e+01 1.425793497656755164e+02
1.093337927288111615e+02 1.305112287386829273e+01 1.437919466755675728e+02
1.085667309070623219e+02 1.266106248227051090e+01 1.449555673556648685e+02
1.078353708813996974e+02 1.228157616904005245e+01 1.460746604631744958e+02
1.071378274693987720e+02 1.191211964215037966e+01 1.471515645650578108e+02
1.064726081046447348e+02 1.155225793659219313e+01 1.481881345769372444e+02
1.058384643705202564e+02 1.120162442511218970e+01 1.491859243581110661e+02
1.052342873506918153e+02 1.085989230444958942e+01 1.501463148227578586e+02
1.046582009087518372e+02 1.052652356928423849e+01 1.510716525402914954e+02
1.041043793682906795e+02 1.019986171538305264e+01 1.519693041260293285e+02
1.035704713659462328e+02 9.879163656019459339e+00 1.528423550047168646e+02
1.030552812302573358e+02 9.564042663258119248e+00 1.536923910153334702e+02
1.025582706557332955e+02 9.254339268779105510e+00 1.545200767029640758e+02
1.020789445262641379e+02 8.949908278858444532e+00 1.553260182973393455e+02
1.016168212099735229e+02 8.650608452306862262e+00 1.561108055196929172e+02
1.011714113234584431e+02 8.356292059256817950e+00 1.568750382274365904e+02
1.007418567560289944e+02 8.066624403442798297e+00 1.576197797355870307e+02
1.003274187398854309e+02 7.781324059618703437e+00 1.583459443122491734e+02
9.992753347846299050e+01 7.500193604897863686e+00 1.590542269677052332e+02
9.954171339284108910e+01 7.223071103223222877e+00 1.597452273713879265e+02
9.916954712174346298e+01 6.949830105367327704e+00 1.604194498518803584e+02
9.881069952153804081e+01 6.680379648932343706e+00 1.610773033969159087e+02
9.846489817033648251e+01 6.414657682147296036e+00 1.617191185846760106e+02
9.813180544650252557e+01 6.152568655014929888e+00 1.623453080706361504e+02
9.781070202447048700e+01 5.893901301745665400e+00 1.629567601640960675e+02
9.749941636206291662e+01 5.638006057273426741e+00 1.635561675446831771e+02
9.719623119260693045e+01 5.384369010460384075e+00 1.641456541484053844e+02
9.690048056855864900e+01 5.132793935841339916e+00 1.647260346132713664e+02
9.661189715903152830e+01 4.883283072157906801e+00 1.652976369207815708e+02
9.633007834087275967e+01 4.635825575809275456e+00 1.658609649290055188e+02
9.605481245178216909e+01 4.390402751480813492e+00 1.664162809030801498e+02
9.578600558738406789e+01 4.146983800906989259e+00 1.669636981652030272e+02
9.552357220142273775e+01 3.905537533956093377e+00 1.675033195074889818e+02
9.526740979913155627e+01 3.666035222827546125e+00 1.680352692573503930e+02
9.501742179629196983e+01 3.428448109494485418e+00 1.685596643482374475e+02
9.477351306333041236e+01 3.192747868217281404e+00 1.690766199533653094e+02
9.453558990522290628e+01 2.958906599572256102e+00 1.695862495100301715e+02
9.430355989399399164e+01 2.726896780678409460e+00 1.700886649222954645e+02
9.407733234770881836e+01 2.496691407530422957e+00 1.705839759813852936e+02
9.385681798307415136e+01 2.268263891768686147e+00 1.710722907860561293e+02
9.364192879236250633e+01 2.041588024107360955e+00 1.715537158915241491e+02
9.343257804341223505e+01 1.816637974334377015e+00 1.720283563094654369e+02
9.322868027962751114e+01 1.593388291311433225e+00 1.724963155080159254e+02
9.303015131997831588e+01 1.371813902973998411e+00 1.729576954117713115e+02
9.283690825900042398e+01 1.151890116331311553e+00 1.734125964017871411e+02
9.264886946679546043e+01 9.335926174663798927e-01 1.738611173155787242e+02
9.246595458965902026e+01 7.168974717227730720e-01 1.743033554463610528e+02
9.228808459702997880e+01 5.017811376550269653e-01 1.747394064862384084e+02
