2.540000000000000000e+02 7.000000000000000000e+00 0.000000000000000000e+00
2.528213414583614451e+02 7.468536063614948262e+00 6.573531176522066088e-01
2.516174304605109739e+02 7.938832882807600022e+00 1.337967889565400803e+00
2.503877860138968856e+02 8.410914385984250785e+00 2.042298722638496766e+00
2.491319183530617067e+02 8.884804941320496141e+00 2.770808292345033230e+00
2.478493283357730661e+02 9.360529371831217915e+00 3.523968146046526861e+00
2.465395074198289365e+02 9.838112956493983319e+00 4.302258724943146539e+00
2.452019236482006193e+02 1.031758258506700443e+01 5.106181708743053882e+00
2.438339087425997320e+02 1.079908092424328991e+01 5.938184953553311551e+00
2.424322011861672195e+02 1.128176718403895684e+01 6.802334600183972846e+00
2.409953238545043348e+02 1.176518566096437368e+01 7.700657896617798315e+00
2.395205451014946050e+02 1.224937880480530161e+01 8.636290041450658705e+00
2.380053447918978691e+02 1.273504524432683738e+01 9.611184450947238389e+00
2.364475167503823059e+02 1.322135153813699660e+01 1.062860674981095421e+01
2.348449274988012121e+02 1.370761725453779789e+01 1.169158738143716647e+01
2.331963578511635546e+02 1.419381148887835309e+01 1.280140541909703700e+01
2.315005750908200355e+02 1.467991485372149185e+01 1.395933902503237789e+01
2.297563132345906638e+02 1.516590733393632995e+01 1.516670098802043398e+01
2.279622724974411767e+02 1.565176836043136532e+01 1.642483917376243241e+01
2.261169287837671504e+02 1.613755533989633406e+01 1.773538241437628216e+01
2.242201951546192618e+02 1.662271221051805625e+01 1.909808886998733968e+01
2.222730495759442988e+02 1.710623531790495733e+01 2.051135478042559157e+01
2.202746498329600797e+02 1.758776564332787373e+01 2.197595891837289273e+01
2.182250544406688846e+02 1.806769462964876638e+01 2.349146826477122119e+01
2.161244832321597471e+02 1.854646335331118223e+01 2.505723977623787491e+01
2.139720666305001942e+02 1.902411418911626839e+01 2.667407131321940028e+01
2.117666764409439111e+02 1.950060180468492987e+01 2.834309598281135578e+01
2.095071579831181623e+02 1.997587909118070826e+01 3.006547419040869329e+01
2.071922423105021664e+02 2.044999850010250597e+01 3.184237963666206994e+01
2.048220382336785974e+02 2.092320532506657571e+01 3.367352670694572225e+01
2.024006535923847707e+02 2.139381780747862649e+01 3.555673127267356648e+01
1.999304928471889014e+02 2.186053714445651153e+01 3.749102670374695379e+01
1.974116081671305380e+02 2.232288643727816080e+01 3.947685327052815296e+01
1.948432472149626449e+02 2.278073391055652408e+01 4.151507354710992814e+01
1.922246264207178399e+02 2.323395925463011480e+01 4.360656892568047738e+01
1.895549397231084185e+02 2.368244210779086600e+01 4.575224233175939759e+01
1.868333687236817013e+02 2.412606008452321404e+01 4.795301070122501841e+01
1.840590824706707451e+02 2.456468873917054196e+01 5.020980522670240020e+01
1.812312372119050963e+02 2.499820152442246979e+01 5.252357163918673422e+01
1.783489762620820613e+02 2.542646976899703404e+01 5.489527035934859356e+01
1.754111716543603734e+02 2.584950170418496995e+01 5.732598897130794313e+01
1.724252385394755436e+02 2.626095663461049767e+01 5.981483541592402986e+01
1.694111324343553235e+02 2.664638913584033375e+01 6.235674539096491031e+01
1.663734582039820395e+02 2.699831029594370690e+01 6.495457932522093358e+01
1.633497053517726556e+02 2.729158784134697058e+01 6.759687427235934365e+01
1.603623836123990998e+02 2.750663432054723145e+01 7.028139606631597758e+01
1.574181605223135421e+02 2.763880199913116442e+01 7.300631466965795369e+01
1.545255619653139547e+02 2.768474495349611075e+01 7.576673687913631738e+01
1.517457689819912616e+02 2.761449997525300759e+01 7.853342757972076527e+01
1.491020376298202450e+02 2.741991309610572003e+01 8.129207778573696430e+01
1.466034740342945781e+02 2.710040402974813745e+01 8.403450631543101679e+01
1.442474243555900841e+02 2.666806032996334253e+01 8.675120227378185689e+01
1.420216049532479019e+02 2.615522057142760204e+01 8.942190932615901033e+01
1.399203912762420430e+02 2.556959289139475189e+01 9.204446697065462502e+01
1.379410541514905049e+02 2.491382554061125632e+01 9.461889998896930365e+01
1.360806571833581700e+02 2.419343262260384009e+01 9.714257159972395073e+01
1.343138247892262598e+02 2.344226546927444943e+01 9.960430505415143898e+01
1.325940416830128186e+02 2.270686978598350692e+01 1.020017300941466516e+02
1.309183811811844009e+02 2.198845470231916366e+01 1.043370510522192092e+02
1.292857381860583530e+02 2.128659921054041959e+01 1.066118262566611747e+02
1.276950387684352819e+02 2.060089146568727259e+01 1.088275682730316589e+02
1.261452356140055286e+02 1.993092982792124701e+01 1.109857521803797624e+02
1.246353511685447586e+02 1.927633037126962989e+01 1.130877487670758939e+02
1.231642922217053098e+02 1.863671142164482575e+01 1.151351228480829434e+02
1.217372703488908456e+02 1.801369908436627298e+01 1.171202854024838160e+02
1.203580852898466418e+02 1.740892310943169718e+01 1.190379999999514808e+02
1.190256854907353556e+02 1.682201832150606791e+01 1.208897731345845443e+02
1.177385316833948252e+02 1.625239942499654333e+01 1.226777761167919749e+02
1.164951302108949420e+02 1.569949816692434119e+01 1.244041157163404563e+02
1.152940369466355719e+02 1.516276513530815429e+01 1.260708288398858343e+02
1.141338552171052356e+02 1.464166896899881287e+01 1.276798854609479861e+02
1.130128148911359034e+02 1.413559494336072042e+01 1.292335955531124227e+02
1.119387996544178208e+02 1.364626269883673793e+01 1.307249127732117131e+02
1.109291379501350008e+02 1.317752356218360887e+01 1.321380537119557630e+02
1.099752924826280918e+02 1.272671861570668206e+01 1.334830480296968744e+02
1.090697473076210571e+02 1.229140297260467207e+01 1.347690828747942078e+02
1.082083268724998533e+02 1.187026291670816747e+01 1.360013154393298294e+02
1.073895095805892339e+02 1.146280695656127691e+01 1.371816077317667464e+02
1.066105928487182979e+02 1.106818821818256460e+01 1.383132375933435867e+02
1.058682511028187605e+02 1.068537457047398043e+01 1.394002309743590615e+02
1.051600832823970819e+02 1.031361423623753026e+01 1.404454995881163200e+02
1.044846062811215859e+02 9.952433800778280215e+00 1.414508488187035766e+02
1.038406488255489535e+02 9.601454826258407849e+00 1.424177079094138492e+02
1.032269219111646663e+02 9.260264227605812692e+00 1.433476471397978855e+02
1.026419559829750909e+02 8.928410555361812939e+00 1.442424487606995740e+02
1.020809143165648862e+02 8.604376528136834068e+00 1.451080921703725721e+02
1.015398773071252236e+02 8.286896138949026991e+00 1.459494816544624030e+02
1.010175917568311945e+02 7.975522088889305472e+00 1.467682561646387001e+02
1.005135849076453525e+02 7.670091039177850512e+00 1.475650048368442810e+02
1.000273098926793409e+02 7.370429585538081696e+00 1.483403814669092355e+02
9.955827253973905044e+01 7.076378736988926832e+00 1.490949798510541484e+02
9.910608190033130427e+01 6.787830140409973900e+00 1.498292676507705892e+02
9.866986742875171501e+01 6.504425770007663310e+00 1.505443003436345464e+02
9.824847574541014694e+01 6.225656513922511515e+00 1.512414804124538534e+02
9.784151715319480047e+01 5.951370139505258727e+00 1.519212761407801793e+02
9.744851234600058376e+01 5.681488367101133363e+00 1.525842628885318391e+02
9.706832293044422499e+01 5.415945838634141474e+00 1.532318155548664151e+02
9.670041056639932719e+01 5.154652966028069550e+00 1.538645826907824699e+02
9.634454031885107383e+01 4.897504211185861323e+00 1.544828456010931177e+02
9.600040347885570213e+01 4.644401098071767819e+00 1.550869749330262835e+02
9.566649874947309229e+01 4.394806844777840560e+00 1.556787971587141612e+02
9.534102760097644591e+01 4.148076543764676494e+00 1.562604958326170390e+02
9.502335348501379997e+01 3.903984871538816126e+00 1.568328351555705069e+02
9.471297643946122946e+01 3.662355543926183454e+00 1.573964148391750371e+02
9.440953308842276215e+01 3.423061316072089522e+00 1.579516701057953014e+02
9.411279664223049224e+01 3.186023982441232416e+00 1.584988716885607687e+02
9.382267634509075549e+01 2.951214178390531906e+00 1.590381265013092218e+02
9.353909818377643148e+01 2.718608514664020426e+00 1.595695221520512064e+02
9.326193417639025540e+01 2.488164141761627590e+00 1.600932118866324458e+02
9.299108347630497917e+01 2.259847904923505180e+00 1.606093160289791797e+02
9.272644675717451435e+01 2.033627148697107145e+00 1.611179530896436916e+02
9.246792621293373315e+01 1.809469716937197159e+00 1.616192397658039681e+02
9.221542555779855377e+01 1.587343952805845726e+00 1.621132909412639265e+02
9.196885002643996643e+01 1.367218698829496759e+00 1.626002196862472147e+02
9.172810637435755154e+01 1.149063297021942320e+00 1.630801372569465570e+02
9.149310281494675223e+01 9.328475682157117976e-01 1.635531531705952091e+02
9.126374897274159537e+01 7.185417967064292588e-01 1.640193752612335913e+02
9.103995588070915801e+01 5.061167293641086751e-01 1.644789096829371715e+02
9.082163597272204925e+01 2.955435731612868211e-01 1.649318609187960476e+02
9.060870305539798153e+01 8.679398592427713111e-02 1.653783318145026726e+02
9.040107226777610094e+01 -1.201599369096116726e-01 1.658184236264497144e+02
9.019865428098150062e+01 -3.253521597868977433e-01 1.662522400571597530e+02
9.000143000395219417e+01 -5.287391818537773291e-01 1.666798351495706925e+02
8.980941069447274572e+01 -7.302433450218253075e-01 1.671012421070319078e+02
