2.540000000000000000e+02 7.000000000000000000e+00 0.000000000000000000e+00
2.528656373215534359e+02 7.482336044684502419e+00 6.786040010364144948e-01
2.517057595276637585e+02 7.966836757313327411e+00 1.381619213437365712e+00
2.505195086910984799e+02 8.453615840380349411e+00 2.109871042110325945e+00
2.493061863133986833e+02 8.942792059262449911e+00 2.864003933427250903e+00
2.480651716898885297e+02 9.434440352803482810e+00 3.644607367580304569e+00
2.467959062090476436e+02 9.928599737212763898e+00 4.452227473373390865e+00
2.454978355851781089e+02 1.042530248327872222e+01 5.287409706964855793e+00
2.441703943375850372e+02 1.092458527360457232e+01 6.150711677865186466e+00
2.428103654026187144e+02 1.142605953406936869e+01 7.045841979602258220e+00
2.414139376792297185e+02 1.192912491263895980e+01 7.977468568090955614e+00
2.399782775838995121e+02 1.243316656255353614e+01 8.949666692645315891e+00
2.385007769459691644e+02 1.293867336341724616e+01 9.964841389198410226e+00
2.369781174569857853e+02 1.344513185289478940e+01 1.102731199294147579e+01
2.354087992925043409e+02 1.395240919433954652e+01 1.213885629677433364e+01
2.337915049774454133e+02 1.446051048612122436e+01 1.330088250896709567e+01
2.321248782207373722e+02 1.496944000852391099e+01 1.451484154422818662e+01
2.304075245214812924e+02 1.547920220652815892e+01 1.578222513744861288e+01
2.286381764989852741e+02 1.598973269497138006e+01 1.710435040393124240e+01
2.268177936159107446e+02 1.650004628139826224e+01 1.847963897219036866e+01
2.249466723043336458e+02 1.700946247788506582e+01 1.990740025845648731e+01
2.230235177171885539e+02 1.751788124297585370e+01 2.138902183440378124e+01
2.210482590484618868e+02 1.802568549601356551e+01 2.292427123701187242e+01
2.190211167833964225e+02 1.853337183648930164e+01 2.451252465848824968e+01
2.169411366055820736e+02 1.904102556177410932e+01 2.615470204798420184e+01
2.148071026090285329e+02 1.954862398733669693e+01 2.785206638027790405e+01
2.126177682802704680e+02 2.005614418914745301e+01 2.960591290240128259e+01
2.103718991969622039e+02 2.056357144738972664e+01 3.141751865059339366e+01
2.080696034852192611e+02 2.107128744821120847e+01 3.328647884129960488e+01
2.057128131068411392e+02 2.157841041197427145e+01 3.521178216831950891e+01
2.033064207028367889e+02 2.208239899372657433e+01 3.719106407689851324e+01
2.008499891476900530e+02 2.258298030651235777e+01 3.922505551434675652e+01
1.983426866644682320e+02 2.308003962342058202e+01 4.131472685950559764e+01
1.957836431747278993e+02 2.357347087261116414e+01 4.346107869030551285e+01
1.931719754167159522e+02 2.406316621925935095e+01 4.566512690941210195e+01
1.905067849792119432e+02 2.454901579657639132e+01 4.792790503612494746e+01
1.877871581826140925e+02 2.503090768954291789e+01 5.025046434499198966e+01
1.850121660789388898e+02 2.550872793490890800e+01 5.263387386580948402e+01
1.821808644518213782e+02 2.598236052119371919e+01 5.507922038362205086e+01
1.792922938165150128e+02 2.645168738868605729e+01 5.758760843872263990e+01
1.763470693484414085e+02 2.691555637093643227e+01 6.015956093544053118e+01
1.733665550572507357e+02 2.735817616922411233e+01 6.278888917508079714e+01
1.703585813097939479e+02 2.777260364609203691e+01 6.547439049519090304e+01
1.673544478810653686e+02 2.813909624451436287e+01 6.820344812033641801e+01
1.643811459248251481e+02 2.843221050128388327e+01 7.097377028445782798e+01
1.614471126365910436e+02 2.864083045208113987e+01 7.378789743397629763e+01
1.585569040106284149e+02 2.876296793203658808e+01 7.664313902774507881e+01
1.557546991203119262e+02 2.877581789444138849e+01 7.951711086354363545e+01
1.530791994979179549e+02 2.866093880322019061e+01 8.238868398146351524e+01
1.505478269429059139e+02 2.841383966692923835e+01 8.524457072315010464e+01
1.481611349490480620e+02 2.804429166055649958e+01 8.807443760414031431e+01
1.459055905091382783e+02 2.758890123011796547e+01 9.085560724194540683e+01
1.437760180432817094e+02 2.705528291229789772e+01 9.358582748700172260e+01
1.417696953775189570e+02 2.644625064979798879e+01 9.626509619204139767e+01
1.398838205744067693e+02 2.576655792764934105e+01 9.889154924604279984e+01
1.381041773109770077e+02 2.504017977066008527e+01 1.014535541471323654e+02
1.363782738223705451e+02 2.432286238026830461e+01 1.039468073338650242e+02
1.346966607215212548e+02 2.362213227336135901e+01 1.063756325143581023e+02
1.330582305031140322e+02 2.293757608760117250e+01 1.087416417029953948e+02
1.314619030990615727e+02 2.226879069993898952e+01 1.110464069773849047e+02
1.299066256024151755e+02 2.161538312358097969e+01 1.132914608802329610e+02
1.283910070690534155e+02 2.097683967141997741e+01 1.154788316859481370e+02
1.269143597904404146e+02 2.035297585906222295e+01 1.176095693152939390e+02
1.254817994566197683e+02 1.974577574192783302e+01 1.196762783217642721e+02
1.240965463060020681e+02 1.915647369041897718e+01 1.216742935316008243e+02
1.227588788777617026e+02 1.858516648206421706e+01 1.236032046514965401e+02
1.214671716606041372e+02 1.803122726053497971e+01 1.254653640107336798e+02
1.202199870279917349e+02 1.749411779872638917e+01 1.272628630079305339e+02
1.190158295541190512e+02 1.697327447144609636e+01 1.289978745777536915e+02
1.178532519698227219e+02 1.646815180230235853e+01 1.306725016797038847e+02
1.167308508738854442e+02 1.597822131430332604e+01 1.322887814052809290e+02
1.156520512460447776e+02 1.550425317130198977e+01 1.338441058129938597e+02
1.146377672438348583e+02 1.505166530558446070e+01 1.353192926873472288e+02
1.136849385834987061e+02 1.461934057814609567e+01 1.367185159279412972e+02
1.127844758577355577e+02 1.420420754426337240e+01 1.380527874993680939e+02
1.119302379788893518e+02 1.380422140266696296e+01 1.393296997441034364e+02
1.111184530643445214e+02 1.341822169836317080e+01 1.405540292256162616e+02
1.103472472707794481e+02 1.304559290674122529e+01 1.417280977005779903e+02
1.096132938203744089e+02 1.268526898728891616e+01 1.428559962030832651e+02
1.089137004811481262e+02 1.233632177323317336e+01 1.439412819072111347e+02
1.082468898664033645e+02 1.199823365819246312e+01 1.449859062539642025e+02
1.076114843426008321e+02 1.167055029774665087e+01 1.459915758498683829e+02
1.070062851490443876e+02 1.135287409690892879e+01 1.469597779592713778e+02
1.064300948698469682e+02 1.104480883054892004e+01 1.478919972533776672e+02
1.058815780209563115e+02 1.074591773016585705e+01 1.487898876468512128e+02
1.053570700886498628e+02 1.045503759406674860e+01 1.496580233514546308e+02
1.048532146871597774e+02 1.017106541300768363e+01 1.505006867030403157e+02
1.043678593294449684e+02 9.893280552885009627e+00 1.513206442834329835e+02
1.038997624364202750e+02 9.621261453562452104e+00 1.521194942783080819e+02
1.034485024318331483e+02 9.354851228850213474e+00 1.528977799027989590e+02
1.030132800561944322e+02 9.093714790991718644e+00 1.536564922251752137e+02
1.025932276575687752e+02 8.837495262357572656e+00 1.543967057290080618e+02
1.021877010357377316e+02 8.585938398080932288e+00 1.551192152938926654e+02
1.017962092093916482e+02 8.338866102360716681e+00 1.558246233347242082e+02
1.014184144161295364e+02 8.096176428461632213e+00 1.565133398016981801e+02
1.010540245769322780e+02 7.857789096421859298e+00 1.571857174991811235e+02
1.007026595739578170e+02 7.623577317296025058e+00 1.578422204308374148e+02
1.003639772558788792e+02 7.393431735000778104e+00 1.584832652121735919e+02
1.000376441161548939e+02 7.167245759529671467e+00 1.591092579320111895e+02
9.972333527510012630e+01 6.944915557895284586e+00 1.597205941750467844e+02
9.942077597735016070e+01 6.726332974925486319e+00 1.603176076681657207e+02
9.912955967624624520e+01 6.511416027567854314e+00 1.609007953314776671e+02
9.884886467915377750e+01 6.300158933520884297e+00 1.614711681929709357e+02
9.857824282098852109e+01 6.092499936855662490e+00 1.620292757386874882e+02
9.831663432952483106e+01 5.887998196733149392e+00 1.625764279512561643e+02
9.806200889251493891e+01 5.685914113573202755e+00 1.631151256596998280e+02
9.781359955037960674e+01 5.485966741270478231e+00 1.636463020002789222e+02
9.757115051188405630e+01 5.288064010421814842e+00 1.641702672402026337e+02
9.733465363009352700e+01 5.092205508357535493e+00 1.646870302745748234e+02
9.710398726723900609e+01 4.898348809894332412e+00 1.651967386423410744e+02
9.687905607037392031e+01 4.706461162561470957e+00 1.656995078327848603e+02
9.665976622433109355e+01 4.516510342049994797e+00 1.661954514727391938e+02
9.644602524628110984e+01 4.328464581651823018e+00 1.666846815754023794e+02
9.623774252912295424e+01 4.142292758891651161e+00 1.671673078822222180e+02
9.603482899896680181e+01 3.957964277886725224e+00 1.676434382777283361e+02
9.583719694015458401e+01 3.775449009248964316e+00 1.681131790014552507e+02
9.564475999525981820e+01 3.594717290084964656e+00 1.685766346479421429e+02
9.545743316508772125e+01 3.415739923995994243e+00 1.690339081667331129e+02
9.527513280867518120e+01 3.238488181078000849e+00 1.694851008623770383e+02
9.509777664329079983e+01 3.062933797921601364e+00 1.699303123944275455e+02
9.492528374443476480e+01 2.889048977612092006e+00 1.703696407774431805e+02
9.475757454679775549e+01 2.716806390058760901e+00 1.708031823798256426e+02
9.459457089899042614e+01 2.546179190792042135e+00 1.712310318575366352e+02
9.443619591241090916e+01 2.377140969056153352e+00 1.716532823371370853e+02
