2.540000000000000000e+02 7.000000000000000000e+00 0.000000000000000000e+00
2.526903756612925633e+02 7.529125212317905991e+00 7.985558487108784798e-01
2.513504373012287942e+02 8.061038747991737807e+00 1.625943161638467416e+00
2.499795654442921204e+02 8.595785356665837540e+00 2.482765429852825001e+00
2.485771279215662730e+02 9.133410688178496883e+00 3.369638529872368338e+00
2.471416496417392068e+02 9.674044809397310374e+00 4.287951016059889930e+00
2.456689596605974373e+02 1.021775948456403427e+01 5.241913745388074197e+00
2.441556964666053773e+02 1.076334268799832650e+01 6.236533033583058661e+00
2.425972366945524641e+02 1.131099529508861146e+01 7.277057945958059548e+00
2.409905399885082318e+02 1.185993057039126697e+01 8.367810874313857283e+00
2.393338548153096212e+02 1.240992125379649558e+01 9.510965407382736103e+00
2.376256689233365478e+02 1.296092223594830273e+01 1.070820511394664187e+01
2.358645160151760365e+02 1.351294565731977926e+01 1.196109100074341924e+01
2.340488980249685369e+02 1.406600983326578280e+01 1.327121034078511386e+01
2.321772495357825505e+02 1.462011746709563198e+01 1.464024277002785901e+01
2.302479665154400266e+02 1.517527543346881558e+01 1.606990411237919147e+01
2.282599685211127962e+02 1.573121217350511358e+01 1.756118368573504185e+01
2.262152244597921253e+02 1.628714365383267193e+01 1.911090207477020897e+01
2.241152197342668728e+02 1.684320289869672749e+01 2.071655527882010972e+01
2.219594680734907115e+02 1.739980002312822904e+01 2.237835997182697767e+01
2.197466859500347880e+02 1.795691242041462132e+01 2.409763101084482528e+01
2.174755196831896740e+02 1.851451948453738439e+01 2.587576375675011064e+01
2.151451190814052552e+02 1.907272570522563626e+01 2.771355939490913656e+01
2.127558012487892825e+02 1.963191356121728504e+01 2.961044901216018843e+01
2.103091391591680690e+02 2.019092267135542684e+01 3.156604009388049192e+01
2.078098290312414633e+02 2.074724997253075642e+01 3.357813750679649445e+01
2.052575550595944094e+02 2.130054989647749863e+01 3.564742342359394911e+01
2.026513186553903267e+02 2.185075583650807118e+01 3.777498666954693363e+01
1.999902025605099425e+02 2.239775775423053972e+01 3.996187819249917084e+01
1.972732614607440667e+02 2.294144917708043963e+01 4.220917388102675005e+01
1.944995344587237582e+02 2.348172167145856548e+01 4.451796757602866705e+01
1.916680447630390063e+02 2.401846480255323613e+01 4.688937142998333485e+01
1.887777994108446933e+02 2.455156609848920013e+01 4.932451622751185738e+01
1.858277890613508987e+02 2.508091102362696390e+01 5.182455162402586524e+01
1.828169876590478964e+02 2.560638293502655927e+01 5.439064653492766865e+01
1.797443551931486923e+02 2.612786181725186552e+01 5.702398757919363703e+01
1.766095996264429857e+02 2.664488008550576126e+01 5.972534394494383037e+01
1.734298566611296621e+02 2.714537983885065131e+01 6.248918314010693109e+01
1.702225501380981711e+02 2.761498138288499149e+01 6.531188726549865464e+01
1.670254149683331946e+02 2.803218809693051483e+01 6.817605246461052104e+01
1.638619294709654923e+02 2.837206240142340974e+01 7.108244592084331259e+01
1.607405556959691353e+02 2.862100149463074317e+01 7.403608238000573749e+01
1.576676517566901339e+02 2.877563350996618041e+01 7.703387978243712553e+01
1.546808348027364843e+02 2.881628088287514444e+01 8.005711836609725651e+01
1.518324561385767026e+02 2.871653436336827170e+01 8.307878079215056744e+01
1.491340139670126632e+02 2.847688260052314391e+01 8.608670111278131287e+01
1.465827056816974050e+02 2.813222964505106205e+01 8.904896995074153665e+01
1.441715081797059383e+02 2.769827654848374010e+01 9.195710585760639333e+01
1.418974506253581467e+02 2.717817740584069952e+01 9.481102069029644497e+01
1.397575485353035845e+02 2.657519629771125480e+01 9.761052954562768491e+01
1.377483053657922198e+02 2.589832645752802165e+01 1.003502486164331486e+02
1.358630981892111720e+02 2.515961057396526002e+01 1.030249806215150841e+02
1.340614979140378580e+02 2.440254381702528619e+01 1.056305679771680559e+02
1.323076197676924153e+02 2.366315692112659264e+01 1.081669739888555029e+02
1.305999646784853212e+02 2.294127730125118347e+01 1.106359993629054088e+02
1.289373480836675014e+02 2.223645790882446249e+01 1.130393719385849494e+02
1.273186150348242336e+02 2.154826287006059005e+01 1.153787763577798984e+02
1.257426402057583346e+02 2.087626748893702100e+01 1.176558540534964408e+02
1.242083276122953350e+02 2.022005814146581315e+01 1.198722036585699300e+02
1.227153811126122775e+02 1.957923953950052010e+01 1.220280690952965301e+02
1.212676845409019109e+02 1.895508468410081804e+01 1.241176574562165627e+02
1.198686143641706678e+02 1.834915025499666186e+01 1.261362310274409282e+02
1.185188257499706879e+02 1.776184457718047582e+01 1.280829409846252247e+02
1.172168839081967775e+02 1.719266924156934451e+01 1.299599087238132142e+02
1.159611901154013793e+02 1.664101938950857118e+01 1.317694651917188651e+02
1.147501504778312409e+02 1.610629328300057139e+01 1.335139351511424479e+02
1.135822235386905419e+02 1.558790897826390243e+01 1.351955668818915797e+02
1.124559202781405958e+02 1.508530432573330771e+01 1.368165321807814792e+02
1.113679132619752608e+02 1.459742688402974231e+01 1.383808227257028989e+02
1.103316943875045695e+02 1.412773668491803569e+01 1.398756912437042672e+02
1.093560197646526149e+02 1.367814305511337203e+01 1.412942322980562153e+02
1.084321495878828472e+02 1.324562500267724197e+01 1.426476534927758451e+02
1.075552955583335688e+02 1.282858771928460406e+01 1.439420572860992706e+02
1.067226338573244107e+02 1.242612687895549861e+01 1.451810181841274812e+02
1.059315496421457539e+02 1.203739198140995725e+01 1.463677914922940886e+02
1.051783588944639121e+02 1.166120596968372780e+01 1.475069666742659820e+02
1.044606625383412251e+02 1.129679305644546439e+01 1.486015395299901911e+02
1.037772237979883272e+02 1.094374049758505052e+01 1.496530662345663245e+02
1.031266429838664322e+02 1.060158580808224293e+01 1.506633036949160385e+02
1.025075341911555853e+02 1.026987141232083722e+01 1.516339922920434446e+02
1.019182831332524444e+02 9.948062180927840004e+00 1.525671699297186592e+02
1.013518864597928797e+02 9.633888156697665295e+00 1.534718012157769067e+02
1.008055413739234183e+02 9.326408511002396651e+00 1.543515476980004451e+02
1.002786251182537711e+02 9.025414812255307950e+00 1.552071878952443740e+02
9.977057611192557829e+01 8.730720538879776171e+00 1.560394173946303340e+02
9.928080905853511240e+01 8.442124440533364194e+00 1.568489623479469799e+02
9.880844072592637417e+01 8.159269025102364736e+00 1.576369268134320407e+02
9.835258772038866937e+01 7.881790739696242554e+00 1.584044158737862631e+02
9.791251953275791209e+01 7.609400916607720333e+00 1.591523414513867181e+02
9.748765293170170310e+01 7.341883121590618622e+00 1.598814293814698431e+02
9.707755196371925877e+01 7.079093153859861154e+00 1.605922194121318114e+02
9.668198173256516270e+01 6.820970874359604252e+00 1.612849975292401439e+02
9.630112944441982847e+01 6.567544913119659711e+00 1.619595188136584625e+02
9.593338733727502188e+01 6.318374150232012987e+00 1.626177991018969067e+02
9.557699546535185675e+01 6.072983163092152914e+00 1.632620461344683633e+02
9.523059583744151269e+01 5.830996665744188512e+00 1.638939619565480825e+02
9.489323241690502186e+01 5.592139508880856091e+00 1.645147429179733933e+02
9.456435112167339696e+01 5.356236679843513038e+00 1.651250796732439312e+02
9.424335848321504727e+01 5.123068783940756710e+00 1.657257009346361656e+02
9.392971708282593113e+01 4.892444394316415313e+00 1.663172658538497615e+02
9.362330390961027149e+01 4.664321330680323285e+00 1.668999255620433075e+02
9.332399800836245163e+01 4.438658117931811198e+00 1.674738286650635928e+02
9.303168034366083816e+01 4.215413939067933491e+00 1.680391214103394759e+02
9.274623379986788052e+01 3.994548635183469809e+00 1.685959476868813738e+02
9.246754318113002569e+01 3.776022705470917007e+00 1.691444490252817161e+02
9.219549521137778925e+01 3.559797307220495366e+00 1.696847645977146044e+02
9.192997853432572697e+01 3.345834255820149483e+00 1.702170312179360110e+02
9.167088364336919426e+01 3.134096000724419628e+00 1.707413834274040880e+02
9.141810292046613995e+01 2.924545638783214940e+00 1.712579534475133016e+02
9.117153080938476251e+01 2.717146973629871010e+00 1.717668709667642588e+02
9.093106341198955533e+01 2.511864377290214723e+00 1.722682636367167959e+02
9.069659846821753035e+01 2.308662783318491396e+00 1.727622570965888542e+02
9.046803535607827484e+01 2.107507686797363000e+00 1.732489749732565372e+02
9.024527509165396566e+01 1.908365144337912822e+00 1.737285388812538258e+02
9.002822032909926975e+01 1.711201774079639693e+00 1.742010684227730337e+02
8.981677536064152889e+01 1.515984755690461983e+00 1.746666811876642669e+02
8.961084611922572662e+01 1.322681831273375463e+00 1.751254927501859697e+02
8.941034023115709317e+01 1.131261323412379394e+00 1.755776166043360718e+02
8.921516687000971046e+01 9.416921241679845345e-01 1.760231643679250624e+02
8.902528683825138955e+01 7.540010089612343425e-01 1.764622095930675698e+02
8.884070762086433604e+01 5.682682613670861915e-01 1.768947923223770715e+02
8.866136558623833253e+01 3.844929318926925688e-01 1.773210042610488415e+02
8.848716141560726101e+01 2.026324355210976924e-01 1.777409624534365946e+02
8.831800635107684627e+01 2.265482226113395975e-02 1.781547753633052480e+02
