2.540000000000000000e+02 7.000000000000000000e+00 0.000000000000000000e+00
2.527375294791582974e+02 7.494199280210271041e+00 7.645263367804655541e-01
2.514457021062589774e+02 7.990561321275611029e+00 1.556505929242072650e+00
2.501239287858415707e+02 8.489117206449321884e+00 2.376503490828970833e+00
2.487716085888851296e+02 8.989898625891507677e+00 3.225095098353338408e+00
2.473881308368224268e+02 9.492941410323691542e+00 4.102862324144817663e+00
2.459718367431082697e+02 9.997673225182980516e+00 5.012059043358025434e+00
2.445175919104225954e+02 1.050303137605783554e+01 5.958940476235667028e+00
2.430216789600150946e+02 1.100859188226779573e+01 6.948162818483943681e+00
2.414805440064054380e+02 1.151347984154550730e+01 7.984597165416337461e+00
2.398913036408289088e+02 1.201837610479209140e+01 9.070600709305676190e+00
2.382524729700148498e+02 1.252334356693237361e+01 1.020764809733685397e+01
2.365626571977304309e+02 1.302836156561805048e+01 1.139720244735914356e+01
2.348204215261910406e+02 1.353340881380046312e+01 1.264076887724733389e+01
2.330243460442322601e+02 1.403844479990236316e+01 1.393982446149483145e+01
2.311752459776204205e+02 1.454267352212955622e+01 1.529299795003971063e+01
2.292739678579318934e+02 1.504531751885813051e+01 1.669890543633345104e+01
2.273193646558154626e+02 1.554627744957513436e+01 1.815871233223994352e+01
2.253105742237596303e+02 1.604564131036756436e+01 1.967321177081919714e+01
2.232486355490866003e+02 1.654416682532700378e+01 2.124076475617102844e+01
2.211332820112499746e+02 1.704214529279936841e+01 2.286140068331578235e+01
2.189631735094512521e+02 1.753949032122154605e+01 2.453651551217444293e+01
2.167371028554165093e+02 1.803617216449579530e+01 2.626732817422653099e+01
2.144547564152915697e+02 1.853238629747832888e+01 2.805402801097810794e+01
2.121160778874711639e+02 1.902839406933673772e+01 2.989650658581075504e+01
2.097218466380906534e+02 1.952344235238436809e+01 3.179477580560082117e+01
2.072776112569662246e+02 2.001480486457894870e+01 3.374614784987350191e+01
2.047832388104884558e+02 2.050209660535396239e+01 3.575114858460162282e+01
2.022379125940428821e+02 2.098520037951233874e+01 3.781070425281501457e+01
1.996407919177643464e+02 2.146400138898945187e+01 3.992576232208681830e+01
1.969910330072178510e+02 2.193837885016531430e+01 4.209727943712958620e+01
1.942877768611637350e+02 2.240821064419979081e+01 4.432622864405293228e+01
1.915301510700659833e+02 2.287337253769925738e+01 4.661359839326693333e+01
1.887172697711772287e+02 2.333373817541431094e+01 4.896039259131065080e+01
1.858482333492100906e+02 2.378917903168119352e+01 5.136763094614040170e+01
1.829221281476390004e+02 2.423956436366573541e+01 5.383634930007504238e+01
1.799380263279824135e+02 2.468476118852619550e+01 5.636759979213361760e+01
1.768949811040622535e+02 2.512464611634553080e+01 5.896244399583063966e+01
1.737997420021007429e+02 2.555482002923404394e+01 6.161852480027462775e+01
1.706739459883322354e+02 2.595826357649559668e+01 6.433106250820303273e+01
1.675378434617576318e+02 2.632403252504689561e+01 6.709064695012556001e+01
1.644278300894596612e+02 2.662892861070697137e+01 6.988385683352662170e+01
1.613573182936600290e+02 2.685004277918246984e+01 7.271995676823235044e+01
1.583303068516632663e+02 2.698208164895104133e+01 7.560024269658276808e+01
1.553541901122548836e+02 2.702193800948142410e+01 7.852044789269397995e+01
1.524858520121366610e+02 2.694022336303719101e+01 8.145331349039832958e+01
1.497556877383515257e+02 2.672333420527196424e+01 8.438223758028149746e+01
1.471700392539933375e+02 2.638023797743966270e+01 8.729224559794620575e+01
1.447261708489032230e+02 2.594112864118883266e+01 9.015647744023253551e+01
1.424194848917264267e+02 2.541801213119890335e+01 9.296764890709575013e+01
1.402469913811549986e+02 2.481403913858209975e+01 9.572563861366921856e+01
1.382056999759842881e+02 2.413219914742201411e+01 9.843048375366899450e+01
1.362911237987878224e+02 2.338305099839108436e+01 1.010762777142496134e+02
1.344745836124709228e+02 2.260199689528795375e+01 1.036559298047169904e+02
1.327082977966283295e+02 2.183775760735525751e+01 1.061668937440313130e+02
1.309889985890912953e+02 2.109197957439697291e+01 1.086107022936003830e+02
1.293154703234921215e+02 2.036418658973423845e+01 1.109890938565207108e+02
1.276865282151281633e+02 1.965391454247984271e+01 1.133037626742562765e+02
1.261010167332702139e+02 1.896071078000324306e+01 1.155563611542845308e+02
1.245578096011622620e+02 1.828413410793050176e+01 1.177484998700965377e+02
1.230558101088795837e+02 1.762375487603920377e+01 1.198817470903545228e+02
1.215958000344741663e+02 1.697980049563230764e+01 1.219549344359895429e+02
1.201818686955943605e+02 1.635385485203706324e+01 1.239622026644106541e+02
1.188164694145133353e+02 1.574695362817751665e+01 1.259000912896254221e+02
1.175000210997140897e+02 1.515932775022368695e+01 1.277680440302984408e+02
1.162309907217802589e+02 1.459043300424426448e+01 1.295682891473648510e+02
1.150075908899262345e+02 1.403957625925707831e+01 1.313033871105474475e+02
1.138283123975318887e+02 1.350615859511617955e+01 1.329754911421019585e+02
1.126916091157592206e+02 1.298957072096169618e+01 1.345868098815572012e+02
1.115959895137238362e+02 1.248922485993012188e+01 1.361394739743763580e+02
1.105400136642909672e+02 1.200455357966891690e+01 1.376355403558532089e+02
1.095219562536445324e+02 1.153475929168942216e+01 1.390779192684238694e+02
1.085530548058686691e+02 1.108270750251993952e+01 1.404574224503042217e+02
1.076343177476761923e+02 1.064829358989618058e+01 1.417744634461812723e+02
1.067614608874097399e+02 1.023003500670887256e+01 1.430343962701746534e+02
1.059321041596551396e+02 9.827102940809446352e+00 1.442401842188839112e+02
1.051427814576993995e+02 9.438306235544571265e+00 1.453961245865339436e+02
1.043904538637892756e+02 9.062598774883108277e+00 1.465059859996063381e+02
1.036730909283387945e+02 8.699273146177784355e+00 1.475722908897033108e+02
1.029895677997954380e+02 8.347926114052901525e+00 1.485964442455743324e+02
1.023385402978954204e+02 8.008082365984787288e+00 1.495801109914157223e+02
1.017174555768877156e+02 7.678859494463752711e+00 1.505265589227474550e+02
1.011199705244200970e+02 7.358059443806842737e+00 1.514438461793586157e+02
1.005430772554637002e+02 7.044610158711896553e+00 1.523358349846219539e+02
9.998625505245826162e+01 6.738317474786713390e+00 1.532031832699630343e+02
9.944888084824692953e+01 6.438960460530493535e+00 1.540466559361967995e+02
9.893044500440817046e+01 6.146366275232828080e+00 1.548668769156826102e+02
9.842990672293166199e+01 5.860083196817750029e+00 1.556651334590877127e+02
9.794613790096833839e+01 5.579630930708504799e+00 1.564428220100945168e+02
9.747808463050768069e+01 5.304853169691697623e+00 1.572012417686587753e+02
9.702495577917400738e+01 5.035696748285358737e+00 1.579413654199708219e+02
9.658636174682283126e+01 4.772015110953153894e+00 1.586636704751947491e+02
9.616203278306021218e+01 4.513708392959190796e+00 1.593684859527303672e+02
9.574977297614681504e+01 4.259923818403615670e+00 1.600585295458730855e+02
9.534759481994878172e+01 4.009889170568047057e+00 1.607362613876964588e+02
9.495491399769130680e+01 3.763379869497807118e+00 1.614024023225890403e+02
9.457155969413271634e+01 3.520332794792544462e+00 1.620571605729438716e+02
9.419723389442499695e+01 3.280634886995012156e+00 1.627008991375327298e+02
9.383121601773262910e+01 3.044007195620456407e+00 1.633344944014198745e+02
9.347322207691645701e+01 2.810341708189774579e+00 1.639582921845183989e+02
9.312304843464717408e+01 2.579561841884966622e+00 1.645725406571932297e+02
9.278051504802667182e+01 2.351600199537636993e+00 1.651774593049050281e+02
9.244546546858794045e+01 2.126398569629000423e+00 1.657732389282096790e+02
9.211776684229511147e+01 1.903907926289878594e+00 1.663600416427585174e+02
9.179730990954341507e+01 1.684088429300702128e+00 1.669380008792984142e+02
9.148399550011704662e+01 1.466904142336208361e+00 1.675072377975946836e+02
9.117769090432726387e+01 1.252305959078759967e+00 1.680679143095029531e+02
9.087827612577871150e+01 1.040249691071665428e+00 1.686201768629235289e+02
9.058563456247662771e+01 8.306924333179432907e-01 1.691641677705839015e+02
9.029965150148915143e+01 6.235919758557170178e-01 1.697000270396965504e+02
9.002021411894739344e+01 4.189068037582169834e-01 1.702278923719591717e+02
8.974721148004535110e+01 2.165960971337780594e-01 1.707478991635546492e+02
8.948053453903999355e+01 1.661973112584193973e-02 1.712601805051510837e+02
8.922007614861064440e+01 -1.810617206436402893e-01 1.717648671704797039e+02
8.896573105344822352e+01 -3.764869884323048255e-01 1.722620876241560097e+02
8.871742054361237706e+01 -5.696654566112835383e-01 1.727519501361703647e+02
8.847517969965885243e+01 -7.604750358448314485e-01 1.732344800906151363e+02
8.823892688985381483e+01 -9.489281503652619021e-01 1.737097884526985467e+02
8.800855948371385296e+01 -1.135062749045832931e+00 1.741780007346637831e+02
8.778397505337149198e+01 -1.318917905762944320e+00 1.746392414517259795e+02
8.756507137357503723e+01 -1.500533819396135948e+00 1.750936341220721033e+02
8.735174669386009327e+01 -1.679951498983085934e+00 1.755413010674323004e+02
8.714390237023538077e+01 -1.857209781358541090e+00 1.759823614474266549e+02
8.694144168144819673e+01 -2.032346679243577814e+00 1.764169321419336711e+02
