2.540000000000000000e+02 7.000000000000000000e+00 0.000000000000000000e+00
2.526905087130314769e+02 7.490438319999121575e+00 7.838481067270038904e-01
2.513511799377723150e+02 7.982862332130253868e+00 1.595669050710930570e+00
2.499814176012680207e+02 8.477298727433080217e+00 2.436036856976256271e+00
2.485806136182119417e+02 8.973774279784288765e+00 3.305537605905544574e+00
2.471480469341617834e+02 9.472151725992514315e+00 4.205044536786655129e+00
2.456800047560653297e+02 9.971302135044231463e+00 5.139439628611217614e+00
2.441718467329687883e+02 1.047060567059128466e+01 6.114302527126590725e+00
2.426194736456591272e+02 1.096897157255566668e+01 7.135559020513523976e+00
2.410196926048811008e+02 1.146687114086948789e+01 8.206161265022188900e+00
2.393708273368989126e+02 1.196450745991979758e+01 9.327643346821444581e+00
2.376715022445711156e+02 1.246185094532530613e+01 1.050145972688197382e+01
2.359203024643757090e+02 1.295887113813410352e+01 1.172910642266802839e+01
2.341157733661944746e+02 1.345553669366498717e+01 1.301212153754926071e+01
2.322564201437660074e+02 1.395181537237104230e+01 1.435208569425238423e+01
2.303407061414190764e+02 1.444767400251226697e+01 1.575062380579375620e+01
2.283673810816486878e+02 1.494320375221803054e+01 1.720896119689162873e+01
2.263377414394010145e+02 1.543921661098296916e+01 1.872488169685577830e+01
2.242543070459565797e+02 1.593489369403180511e+01 2.029459612985072781e+01
2.221169121693651221e+02 1.642985281607021264e+01 2.191794244675079995e+01
2.199243550245291772e+02 1.692406008474273804e+01 2.359614005965771000e+01
2.176761272361598003e+02 1.741765012163281057e+01 2.532960686874421086e+01
2.153724369490747961e+02 1.791093217524854708e+01 2.711793578103947766e+01
2.130120059651753763e+02 1.840394541181537136e+01 2.896234848481525148e+01
2.105986125030052278e+02 1.889473145109140617e+01 3.086117815669869913e+01
2.081356422314373447e+02 1.938153200914949181e+01 3.281293480849806343e+01
2.056226342168596375e+02 1.986409976184608084e+01 3.481833113097373200e+01
2.030587790787270990e+02 2.034231652197070872e+01 3.687828744656732738e+01
2.004432557364741854e+02 2.081606175314556850e+01 3.899373805559974926e+01
1.977752304577690836e+02 2.128521284735304064e+01 4.116563188192089484e+01
1.950538578385308881e+02 2.174964529007383618e+01 4.339493133520450385e+01
1.922782790314795420e+02 2.220923236158481373e+01 4.568261436763735617e+01
1.894476216115130853e+02 2.266384511426154802e+01 4.802967463021526129e+01
1.865609995757074842e+02 2.311335237257832276e+01 5.043712147274312230e+01
1.836175133433166025e+02 2.355762073310813065e+01 5.290597994383490743e+01
1.806162497557724294e+02 2.399651456452268405e+01 5.543729079091367140e+01
1.775562820097155452e+02 2.442989599620937824e+01 5.803211053805947728e+01
1.744383470800465261e+02 2.485691898670831890e+01 6.069056779635611321e+01
1.712843296968496247e+02 2.526158184249678484e+01 6.340711652268792875e+01
1.681126297434382764e+02 2.563166652210245289e+01 6.617576502194229704e+01
1.649643152684110419e+02 2.594521990564005165e+01 6.897791757334427132e+01
1.618579540024428525e+02 2.617611056311591611e+01 7.182147768677489807e+01
1.587984593514576659e+02 2.631615184015977604e+01 7.470989535300535067e+01
1.557881796902253484e+02 2.636492551760730763e+01 7.764129133028002627e+01
1.528537746331356857e+02 2.630879733627543615e+01 8.060312909967102257e+01
1.500605434250872747e+02 2.611446707617491114e+01 8.356471336403315320e+01
1.474070561669987569e+02 2.579411707666138653e+01 8.651534264888800863e+01
1.448938493148164639e+02 2.537739719995027698e+01 8.942475578233617739e+01
1.425241833771476649e+02 2.487355847864229830e+01 9.228037165606234282e+01
1.402948108552903648e+02 2.428610759200976332e+01 9.508187927174732579e+01
1.382025314861136565e+02 2.361826499137544744e+01 9.782921134214431902e+01
1.362434221706388087e+02 2.287933077153234507e+01 1.005168929476543411e+02
1.344000443235927378e+02 2.209259382429728547e+01 1.031385461273261797e+02
1.326177527472905240e+02 2.131409454947225868e+01 1.056899805468747360e+02
1.308840822114120215e+02 2.055494763305575034e+01 1.081714407894706795e+02
1.291977401180415370e+02 1.981463743865831262e+01 1.105848063840320492e+02
1.275574683508508542e+02 1.909266466394357664e+01 1.129318883574410108e+02
1.259620419723628686e+02 1.838854317279594497e+01 1.152144499756410880e+02
1.244102708199273621e+02 1.770180038884568674e+01 1.174342042968882254e+02
1.229009632613576599e+02 1.703196652139844502e+01 1.195928685929689976e+02
1.214331183608194351e+02 1.637860151869700331e+01 1.216918570200484311e+02
1.200090953163698799e+02 1.574227709454322444e+01 1.237275465141576092e+02
1.186322516186172891e+02 1.512447747119243502e+01 1.256951985643922711e+02
1.173042179947982504e+02 1.452605646874646617e+01 1.275925944783191426e+02
1.160249968445583448e+02 1.394713443884400839e+01 1.294198051648364469e+02
1.147930887156176283e+02 1.338715151491382827e+01 1.311790109792389671e+02
1.136067981761336085e+02 1.284543173926667059e+01 1.328726505223224876e+02
1.124645151151425893e+02 1.232133256690097234e+01 1.345030392984833725e+02
1.113646545987663359e+02 1.181422123208534458e+01 1.360724564379057142e+02
1.103056874040767639e+02 1.132348720937387299e+01 1.375831009575726114e+02
1.092861402746384840e+02 1.084854231562063909e+01 1.390370913937915702e+02
1.083079606921226059e+02 1.038979059219180279e+01 1.404332583373630428e+02
1.073833729792242480e+02 9.950317283763045140e+00 1.417614197269745659e+02
1.065076290908555592e+02 9.528223065010731574e+00 1.430280950174306156e+02
1.056768157147200355e+02 9.122173832719285613e+00 1.442382352306478595e+02
1.048883821682507858e+02 8.731271654879337873e+00 1.453950485784271223e+02
1.041385728302542617e+02 8.354208413805890743e+00 1.465033136685843829e+02
1.034246447220465797e+02 7.990022253092235793e+00 1.475665239808000138e+02
1.027453111138984809e+02 7.638223964226758866e+00 1.485862842999799227e+02
1.020988491578459332e+02 7.298386967817741322e+00 1.495647670688894095e+02
1.014835181999891489e+02 6.970160839747662429e+00 1.505041706433513866e+02
1.008960870286285569e+02 6.652610078979706465e+00 1.514085761853806957e+02
1.003299932257330482e+02 6.343550975138667170e+00 1.522863832363659640e+02
9.978292499544048155e+01 6.042143981095941641e+00 1.531405929610808698e+02
9.925442980579097707e+01 5.748195115412752187e+00 1.539717690794591363e+02
9.874393705783201369e+01 5.461476766811064643e+00 1.547806209599960141e+02
9.825062811074980118e+01 5.181580840110539654e+00 1.555681692592767433e+02
9.777358278570517314e+01 4.908022121511318225e+00 1.563355627207288023e+02
9.731212741959240020e+01 4.640474529929421443e+00 1.570836404034817519e+02
9.686570709208571373e+01 4.378687283701809818e+00 1.578130922873512816e+02
9.643388562563922051e+01 4.122484900586393053e+00 1.585244592728393229e+02
9.601639565288175504e+01 3.871783945192055931e+00 1.592180705522006576e+02
9.561117459980198419e+01 3.625772693648186440e+00 1.598965035580549738e+02
9.521578179861631952e+01 3.383483937351647430e+00 1.605628102127941190e+02
9.482996737908203500e+01 3.144822065499329078e+00 1.612172998576620273e+02
9.445354328634850560e+01 2.909715916905240896e+00 1.618602045118077228e+02
9.408632525459314877e+01 2.678095765884722645e+00 1.624917515178520375e+02
9.372816896000995257e+01 2.449907709362095787e+00 1.631121191329392843e+02
9.337827282137686780e+01 2.224836316161713512e+00 1.637222930189190322e+02
9.303612366794507693e+01 2.002680555385079053e+00 1.643229044192691788e+02
9.270163200248826740e+01 1.783407789950415046e+00 1.649140640586479094e+02
9.237465605858574236e+01 1.566964556559401478e+00 1.654959468661402582e+02
9.205506375855473777e+01 1.353301193164401006e+00 1.660687158542424982e+02
9.174272561546466420e+01 1.142369011800557832e+00 1.666325308379796013e+02
9.143751436201246463e+01 9.341201590487759887e-01 1.671875488929410949e+02
9.113930486930092911e+01 7.285075854977295373e-01 1.677339244555237201e+02
9.084797414683895056e+01 5.254850457438620115e-01 1.682718093229312899e+02
9.056340134254136842e+01 3.250070983913863620e-01 1.688013526531748880e+02
9.028546774272903974e+01 1.270291060522844573e-01 1.693227009650728689e+02
9.001405678405198785e+01 -6.849276017076276479e-02 1.698359981235342673e+02
8.974905400016577062e+01 -2.616015407332055731e-01 1.703413854053735008e+02
8.949034687898931395e+01 -4.523395413174639557e-01 1.708390016754766236e+02
8.923782396353199431e+01 -6.407493873673959506e-01 1.713289840580653163e+02
8.899137257674594537e+01 -8.268767899185517356e-01 1.718114695642567256e+02
8.875099428421995640e+01 -1.010634837177982304e+00 1.722865091380912759e+02
8.851665330440843604e+01 -1.191979872146887276e+00 1.727541821335724421e+02
8.828824857490114653e+01 -1.370944971804086254e+00 1.732146166481954310e+02
8.806567187508397865e+01 -1.547573222983732233e+00 1.736679451228909556e+02
8.784881643096922232e+01 -1.721907494377020287e+00 1.741142980117149932e+02
8.763757737838950845e+01 -1.893989887967811425e+00 1.745538034354557908e+02
8.743185179238943761e+01 -2.063861727232598309e+00 1.749865871457224102e+02
8.723153880803182858e+01 -2.231563508642994353e+00 1.754127723773570438e+02
8.703653932457095266e+01 -2.397135020426405916e+00 1.758324802098505302e+02
8.684675599015538694e+01 -2.560615348707310890e+00 1.762458295860318174e+02
