2.540000000000000000e+02 7.000000000000000000e+00 0.000000000000000000e+00
2.527778121804371665e+02 7.486910632251371212e+00 6.743489261153028380e-01
2.515280067807560442e+02 7.975594890249608326e+00 1.373918398995042089e+00
2.502500480484558807e+02 8.466074317940041283e+00 2.099212613014481033e+00
2.489433898415516637e+02 8.958370857586714919e+00 2.850745562642711839e+00
2.476074755160594520e+02 9.452506854069699926e+00 3.629041148593524113e+00
2.462417377931018336e+02 9.948505059960130126e+00 4.434633303203516341e+00
2.448455984696143162e+02 1.044638864656929123e+01 5.268066263363753166e+00
2.434175406552015772e+02 1.094610829230046534e+01 6.130860623747563132e+00
2.419524554057917101e+02 1.144692323324629868e+01 7.028846778436158793e+00
2.404459849350689922e+02 1.194749338356137969e+01 7.968328916751305613e+00
2.388943433150680278e+02 1.244776791445633179e+01 8.953439126760709854e+00
2.372958252841222020e+02 1.294789854565327047e+01 9.985758564066882670e+00
2.356491047299942352e+02 1.344758785998177686e+01 1.106693760874703436e+01
2.339528580427885629e+02 1.394675060714100390e+01 1.219840014461114386e+01
2.322057347698010688e+02 1.444534887696345571e+01 1.338154709567689338e+01
2.304063476457667718e+02 1.494334304716433337e+01 1.461781829909524966e+01
2.285532718171793647e+02 1.544069238618214612e+01 1.590869264997228605e+01
2.266450816650135778e+02 1.593734409642045513e+01 1.725563950666850488e+01
2.246828675645687952e+02 1.643251405896413786e+01 1.865684950981629697e+01
2.226684012594031401e+02 1.692589784889880278e+01 2.010963768729740764e+01
2.206029852727426714e+02 1.741837025652008109e+01 2.161190794002838444e+01
2.184858469850741471e+02 1.791001638141212737e+01 2.316431950073095436e+01
2.163159320170075546e+02 1.840080847925697327e+01 2.476791077318290135e+01
2.140939313842452805e+02 1.889115589197514566e+01 2.642174369820519786e+01
2.118191434309685519e+02 1.938112226536476967e+01 2.812645462382957362e+01
2.094946915123892097e+02 1.986905987756704306e+01 2.988076942027492677e+01
2.071244770540055811e+02 2.035309148084661857e+01 3.168291135341051756e+01
2.047079598211999212e+02 2.083304854417514207e+01 3.353357304270976869e+01
2.022445386361189037e+02 2.130878081686138614e+01 3.543348637643523347e+01
1.997335532522593269e+02 2.178015561125300437e+01 3.738342146543742928e+01
1.971742843544680852e+02 2.224705780273651712e+01 3.938418664315478424e+01
1.945659601747159968e+02 2.270938711808149790e+01 4.143662496082546198e+01
1.919078410109384834e+02 2.316702399948520608e+01 4.354156888520232371e+01
1.891991838379268245e+02 2.361984457651363556e+01 4.569985856080565867e+01
1.864392275296031301e+02 2.406772594563591738e+01 4.791235044886018812e+01
1.836271999299370350e+02 2.451054319035033657e+01 5.017991366646892004e+01
1.807623178529455856e+02 2.494816938118432859e+01 5.250342998661319882e+01
1.778437870826931260e+02 2.538047557569449708e+01 5.488379383815267687e+01
1.748731330570113016e+02 2.580643129530844249e+01 5.732058143962972707e+01
1.718664178988158255e+02 2.621626319951431228e+01 5.980811402699757195e+01
1.688388790644486050e+02 2.659639659579158177e+01 6.234527978708131712e+01
1.658215284571210191e+02 2.693319379257994584e+01 6.491588609676647081e+01
1.628323957063828971e+02 2.721818715935073385e+01 6.751107388701842638e+01
1.598833003007545699e+02 2.743158320546007189e+01 7.013930606916564159e+01
1.569826129944695197e+02 2.755920564868219103e+01 7.280677201171423008e+01
1.541376954599945748e+02 2.759670982900819425e+01 7.551076831370812670e+01
1.513645589093260355e+02 2.753673911051424383e+01 7.824335970073425983e+01
1.487251048666343536e+02 2.734760073354236454e+01 8.097710900263120948e+01
1.462247020660661008e+02 2.703192935631582472e+01 8.370428600360257576e+01
1.438558229695251214e+02 2.661842215586084848e+01 8.640350517007604481e+01
1.416253341132082539e+02 2.611786140404083056e+01 8.905741278153361407e+01
1.395299876368419234e+02 2.553832459301053603e+01 9.166099507395227874e+01
1.375665064213090432e+02 2.488298896837602925e+01 9.421422568213478144e+01
1.357306288007206376e+02 2.415636009235025483e+01 9.671672385441631548e+01
1.339901622716396616e+02 2.339663813304108686e+01 9.916102667802380211e+01
1.323035437360995843e+02 2.264897477081789035e+01 1.015413293562624801e+02
1.306664892520409467e+02 2.191711695509595614e+01 1.038569948789366890e+02
1.290750707437224776e+02 2.120368225639013460e+01 1.061081787997782868e+02
1.275279003970586018e+02 2.050834876742901258e+01 1.082965382487716823e+02
1.260237828883876858e+02 1.983061958957536319e+01 1.104237827899514741e+02
1.245615652695730233e+02 1.917000064946568472e+01 1.124915804158834760e+02
1.231399433348999111e+02 1.852597216250361356e+01 1.145017760751277507e+02
1.217593174717816993e+02 1.789861438812850736e+01 1.164537518728684802e+02
1.204260019262621881e+02 1.729031118035574366e+01 1.183384310099972083e+02
1.191400024310622427e+02 1.670123130330188843e+01 1.201559047185736375e+02
1.178997269417891545e+02 1.613075003251058703e+01 1.219084474469459565e+02
1.167047508783854397e+02 1.557879130674488088e+01 1.235967198272326897e+02
1.155548668273383726e+02 1.504538714913127784e+01 1.252210858936672508e+02
1.144484374688084500e+02 1.452986344104128236e+01 1.267838658923357684e+02
1.133838342058657247e+02 1.403155652087586169e+01 1.282873718073972498e+02
1.123594167572453131e+02 1.354980999855661317e+01 1.297339393948870168e+02
1.113735965373771108e+02 1.308398963240869861e+01 1.311258316688679315e+02
1.104248306788404506e+02 1.263348131285609099e+01 1.324652444963864184e+02
1.095121792416046702e+02 1.219781925223120034e+01 1.337539126402267016e+02
1.086475748950761755e+02 1.178050542326715622e+01 1.349811730561507375e+02
1.078297363264316147e+02 1.138064262401156590e+01 1.361499099572585862e+02
1.070525063293869437e+02 1.099596030778808853e+01 1.372678322426984607e+02
1.063124381296803733e+02 1.062521026564599680e+01 1.383392432707225908e+02
1.056078409010691672e+02 1.026775977839742815e+01 1.393662538188596329e+02
1.049371825745017617e+02 9.923035982629494711e+00 1.403507811050588430e+02
1.042990110050281345e+02 9.590495249623787188e+00 1.412946419258693709e+02
1.036919431311471129e+02 9.269619213015337422e+00 1.421995665035797458e+02
1.031155888840374786e+02 8.960192499913532060e+00 1.430660264332495046e+02
1.025655464744858421e+02 8.660799559631747968e+00 1.438995816864849928e+02
1.020367278015580723e+02 8.369854660413778902e+00 1.447066624170234945e+02
1.015261351312507969e+02 8.086444835713958668e+00 1.454910470895391938e+02
1.010326840012508285e+02 7.810253495273934199e+00 1.462540857912661352e+02
1.005558838596322602e+02 7.541070975481993344e+00 1.469964276309725051e+02
1.000952822187819180e+02 7.278694107966373394e+00 1.477187016652073908e+02
9.964994765637425189e+01 7.022586972015807838e+00 1.484220899632407509e+02
9.921917010274547977e+01 6.772370129835599606e+00 1.491074768968823321e+02
9.880246182645011288e+01 6.527818977781721266e+00 1.497754675650965908e+02
9.839938230171861733e+01 6.288739121805049237e+00 1.504266079124968201e+02
9.800953820845744247e+01 6.054966377451356685e+00 1.510613847293450931e+02
9.763258343224910618e+01 5.826366769861317962e+00 1.516802256515524334e+02
9.726818850790876070e+01 5.602815092556645560e+00 1.522835375884874907e+02
9.691599855018618825e+01 5.384165325646299571e+00 1.528717596259787967e+02
9.657567961918719845e+01 5.170283344789638136e+00 1.534453047027517414e+02
9.624690688693213758e+01 4.961038715001440558e+00 1.540045744880245593e+02
9.592936450917507329e+01 4.756304608677339729e+00 1.545499595421531183e+02
9.562274476775216669e+01 4.555957455059078676e+00 1.550818403841417137e+02
9.532583684860549056e+01 4.359500463229318612e+00 1.556017249890094263e+02
9.503702617675946840e+01 4.166269296536053268e+00 1.561116221251003822e+02
9.475548315991291304e+01 3.975923484995649293e+00 1.566125595304433489e+02
9.448063579879318752e+01 3.788228799109068845e+00 1.571052439032837071e+02
9.421216968715624773e+01 3.603057249861870481e+00 1.575900609020837351e+02
9.394996641941376936e+01 3.420361793212016277e+00 1.580671536596867952e+02
9.369390254851855104e+01 3.240093501172909285e+00 1.585366752620566047e+02
9.344386765443988452e+01 3.062208736411432763e+00 1.589987619276624571e+02
9.319975352974282146e+01 2.886664740723360545e+00 1.594535471274678571e+02
9.296145384592560390e+01 2.713419498337957148e+00 1.599011620148598354e+02
9.272886415341969268e+01 2.542431735917972890e+00 1.603417354256490626e+02
9.250188188158989533e+01 2.373660922559647890e+00 1.607753938780696785e+02
9.228040634491046035e+01 2.207067272233098176e+00 1.612022615651606259e+02
9.206433873005242674e+01 2.042611738680316424e+00 1.616224603706953644e+02
9.185358195354228883e+01 1.880255959170692881e+00 1.620361100447497336e+02
9.164803055171611845e+01 1.719950233856737620e+00 1.624433358402540364e+02
9.144761751143664696e+01 1.561688977593929106e+00 1.628442329805182283e+02
9.125232248166086890e+01 1.405521334266917277e+00 1.632388610405598115e+02
9.106209932061035772e+01 1.251465680228956767e+00 1.636272991198901536e+02
9.087687412771668960e+01 1.099507165731200775e+00 1.640096472474704115e+02
9.069655399253272776e+01 9.496071426743946109e-01 1.643860191042760448e+02
9.052104706021771108e+01 8.017268667718102648e-01 1.647565267555489754e+02
