5.000000000000000000e+01 1.343865408053657617e+00
1.000000000000000000e+02 8.125515100679168157e-01
1.500000000000000000e+02 4.311554628798328070e-01
2.000000000000000000e+02 4.006263090010538375e-01
2.500000000000000000e+02 3.424750289375534384e-01
3.000000000000000000e+02 4.005112163917016188e-01
3.500000000000000000e+02 4.183365695750110858e-01
4.000000000000000000e+02 3.309180625813794019e-01
4.500000000000000000e+02 3.345486360447700869e-01
5.000000000000000000e+02 2.820029251967200445e-01
