5.000000000000000000e+01 1.161858657970167519e+00
1.000000000000000000e+02 1.213918282594782516e+00
1.500000000000000000e+02 7.125869253448261498e-01
2.000000000000000000e+02 7.126015325626771091e-01
2.500000000000000000e+02 5.411772727521937387e-01
3.000000000000000000e+02 6.772032147826883008e-01
3.500000000000000000e+02 6.347491383946812782e-01
4.000000000000000000e+02 5.498101564482248405e-01
4.500000000000000000e+02 3.742784064863341476e-01
5.000000000000000000e+02 4.827643674776372906e-01
