2.540000000000000000e+02 7.000000000000000000e+00 0.000000000000000000e+00
2.529568631630586424e+02 7.388805062015642910e+00 6.543317749257139271e-01
2.518607687600643885e+02 7.794435121124402954e+00 1.344796118811219854e+00
2.507100177667228991e+02 8.217050986272065316e+00 2.072931247005360689e+00
2.495029722528009586e+02 8.656740818824800954e+00 2.840286928374232911e+00
2.482380692482112750e+02 9.113512774095037017e+00 3.648417977693668934e+00
2.469138427390773813e+02 9.587283136265767780e+00 4.498874124656690121e+00
2.455289364698017778e+02 1.007786940396379727e+01 5.393194126234412522e+00
2.440821209284231657e+02 1.058498229694983905e+01 6.332896774626940228e+00
2.425723148211770308e+02 1.110821606068002687e+01 7.319469118142729158e+00
2.409986144393170946e+02 1.164703546436909143e+01 8.354350096313167384e+00
2.393602963746925809e+02 1.220077466776299246e+01 9.438928957544414189e+00
2.376568419880311751e+02 1.276862907960353510e+01 1.057452893236525959e+01
2.358879576941145899e+02 1.334964683707541866e+01 1.176239546880997366e+01
2.340536024273414455e+02 1.394272400959369662e+01 1.300367356306471756e+01
2.321539978005056355e+02 1.454660242166620421e+01 1.429939977782786542e+01
2.301896320334683992e+02 1.515987000955870379e+01 1.565049795697287571e+01
2.281612899434769304e+02 1.578095705719138842e+01 1.705775299933166167e+01
2.260700604491963759e+02 1.640813856935215043e+01 1.852180098145152698e+01
2.239173463379682687e+02 1.703954623802757951e+01 2.004310742400433654e+01
2.217048656023358717e+02 1.767316911283883130e+01 2.162196528482579438e+01
2.194346532043196873e+02 1.830686349427894655e+01 2.325848330140138032e+01
2.171090744367061802e+02 1.893835935105847312e+01 2.495256621223543902e+01
2.147308058212610433e+02 1.956528778414964265e+01 2.670390639458953785e+01
2.123028255752750795e+02 2.018519967738217247e+01 2.851197474734319215e+01
2.098284110990861677e+02 2.079556860107706839e+01 3.037602029983677454e+01
2.073111184580273232e+02 2.139382212289711305e+01 3.229505941907552113e+01
2.047547786597726258e+02 2.197735200139561940e+01 3.426786933883173702e+01
2.021634363832847612e+02 2.254357013150825750e+01 3.629299348520694934e+01
1.995413400116158584e+02 2.308991840906493209e+01 3.836874157931912777e+01
1.968929338844837389e+02 2.361387487599705537e+01 4.049319123951914889e+01
1.942228055340192441e+02 2.411300107129513393e+01 4.266419339468561844e+01
1.915356641285221713e+02 2.458495875508299378e+01 4.487937711639482075e+01
1.888362704329736630e+02 2.502755478361802233e+01 4.713617478340832179e+01
1.861294288521859528e+02 2.543874671211493066e+01 4.943182443569918405e+01
1.834199622266319807e+02 2.581665666130771797e+01 5.176338111206028714e+01
1.807126593412393163e+02 2.615960644904249577e+01 5.412773420971821992e+01
1.780122370715511693e+02 2.646613014215181892e+01 5.652163278629713261e+01
1.753232932633694077e+02 2.673499259045011556e+01 5.894171414618068638e+01
1.726503052977005268e+02 2.696518977336408085e+01 6.138450492893535682e+01
1.699975909637265374e+02 2.715595888540184788e+01 6.384645015087152586e+01
1.673692810009322045e+02 2.730679004081396499e+01 6.632392895825370260e+01
1.647692841422034178e+02 2.741741778834277454e+01 6.881329806945349503e+01
1.622012736982414367e+02 2.748782039372123265e+01 7.131090590803678708e+01
1.596686847486726322e+02 2.751821727497796033e+01 7.381309797634939684e+01
1.571746888872708041e+02 2.750905929947599304e+01 7.631625181325323126e+01
1.547221869236654186e+02 2.746102068561342691e+01 7.881679239072138898e+01
1.523138027640005134e+02 2.737497023291656717e+01 8.131122700308344520e+01
1.499518822911582276e+02 2.725196898596220052e+01 8.379614872288063054e+01
1.476384956786999680e+02 2.709325680121787272e+01 8.626824752008209884e+01
1.453754344425813656e+02 2.690023037121043714e+01 8.872433518620813686e+01
1.431642230869884429e+02 2.667441904933989250e+01 9.116135786367168237e+01
1.410061303103809109e+02 2.641745879613349146e+01 9.357641089348574326e+01
1.389021698364906854e+02 2.613109097238497469e+01 9.596673919112427598e+01
1.368531180458044503e+02 2.581713380270792513e+01 9.832974815148760683e+01
1.348595129424590766e+02 2.547747403608623884e+01 1.006630130214546170e+02
1.329216896934188128e+02 2.511402749463775308e+01 1.029642828119432920e+02
1.310397914130192589e+02 2.472872629970072467e+01 1.052314822872797464e+02
1.292137691731750522e+02 2.432351886359566251e+01 1.074627119632292676e+02
1.274434041136328517e+02 2.390034917753043331e+01 1.096562467088367043e+02
1.257283153929337942e+02 2.346114079093861449e+01 1.118105438161275487e+02
1.240679849698804276e+02 2.300778259519869451e+01 1.139242324349207820e+02
1.224617818016075717e+02 2.254211156107922420e+01 1.159961066373130194e+02
1.209089618435824605e+02 2.206591273873879899e+01 1.180251254176784386e+02
1.194086713849760031e+02 2.158091765967212794e+01 1.200104109553518725e+02
1.179599770016214109e+02 2.108878554540913797e+01 1.219512374529694512e+02
1.165618606232514622e+02 2.059110299575213077e+01 1.238470363809963999e+02
1.152132520018984252e+02 2.008937645174866304e+01 1.256973715463528833e+02
1.139130350745521127e+02 1.958502991035876661e+01 1.275019350150890887e+02
1.126600479631599256e+02 1.907940492445493774e+01 1.292605471123850691e+02
1.114530870863244445e+02 1.857376026272478242e+01 1.309731526509507376e+02
1.102909281683867988e+02 1.806926758327140448e+01 1.326398042483417612e+02
1.091723261913391241e+02 1.756701284807915897e+01 1.342606609605816743e+02
1.080960303537160456e+02 1.706799972901694318e+01 1.358359699172669082e+02
1.070607855321849939e+02 1.657314968633219010e+01 1.373660647814825495e+02
1.060653329877429485e+02 1.608330243416730809e+01 1.388513645780897150e+02
1.051084197340480415e+02 1.559922030799365267e+01 1.402923599579582401e+02
1.041888009739360399e+02 1.512158824061527618e+01 1.416896107854486218e+02
1.033052473785245127e+02 1.465102170524824388e+01 1.430437309162270481e+02
1.024565467461763433e+02 1.418806816103632507e+01 1.443553850927869746e+02
1.016415040483964844e+02 1.373320715694711680e+01 1.456252887946563987e+02
1.008589451237172767e+02 1.328685649392053136e+01 1.468541983823621706e+02
1.001077195998257707e+02 1.284937333142203997e+01 1.480429070687521858e+02
9.938670259796671758e+01 1.242106170059834547e+01 1.491922357014350098e+02
9.869479596271285970e+01 1.200217628763241073e+01 1.503030277496549729e+02
9.803092826196494514e+01 1.159292243374346754e+01 1.513761493042920847e+02
9.739405499704230351e+01 1.119345843954038244e+01 1.524124865634173034e+02
9.678316140845782911e+01 1.080390282724201612e+01 1.534129357643001867e+02
9.619726289449098999e+01 1.042433340380214268e+01 1.543784037017069295e+02
9.563540365526802134e+01 1.005479664550669661e+01 1.553097996992254366e+02
9.509665666216734792e+01 9.695308323439872922e+00 1.562080350143930616e+02
9.458012365781961250e+01 9.345853503484127245e+00 1.570740228386966919e+02
9.408493512468236020e+01 9.006387371281091347e+00 1.579086775040365183e+02
9.361025121977921515e+01 8.676843984129897436e+00 1.587129047960908679e+02
9.315526204676682198e+01 8.357135034515364325e+00 1.594876029187178119e+02
9.271918466437507789e+01 8.047154546884094373e+00 1.602336607887409059e+02
9.230126279075355455e+01 7.746780158214549239e+00 1.609519570510321671e+02
9.190076680347146976e+01 7.455873118017050771e+00 1.616433600785119609e+02
9.151699357483936126e+01 7.174280161831905644e+00 1.623087262633287082e+02
9.114926700405294469e+01 6.901838411448657951e+00 1.629488945844983903e+02
9.079693619337746213e+01 6.638374906317507929e+00 1.635646889003050433e+02
9.045937358152080776e+01 6.383709151557404482e+00 1.641569172669217664e+02
9.013597491923029281e+01 6.137653191607747694e+00 1.647263718891620385e+02
8.982615905506646925e+01 5.900012312625630528e+00 1.652738286323078398e+02
8.952936807969034305e+01 5.670588341230055285e+00 1.658000435790795279e+02
8.924506631643411936e+01 5.449179654894780178e+00 1.663057540286709752e+02
8.897273795469202184e+01 5.235582565667923127e+00 1.667916794796399245e+02
8.871188695775620658e+01 5.029591432327494616e+00 1.672585216099161869e+02
8.846203693423328218e+01 4.830998921034337812e+00 1.677069641447323534e+02
8.822273103033437280e+01 4.639598355435873955e+00 1.681376706142297053e+02
8.799353148935549029e+01 4.455183810745493744e+00 1.685512846998989005e+02
8.777401718817765186e+01 4.277550590570033506e+00 1.689484322212520908e+02
8.756378343494971261e+01 4.106495363584468983e+00 1.693297212014653610e+02
8.736244194051758427e+01 3.941816244614641196e+00 1.696957418148677164e+02
8.716962070284957065e+01 3.783314311165523858e+00 1.700470649859848891e+02
8.698496337945547907e+01 3.630793790424081013e+00 1.703842428301203995e+02
8.680812755449582596e+01 3.484061904949929289e+00 1.707078105405541919e+02
8.663878453617637376e+01 3.342928997759575083e+00 1.710182864660640121e+02
8.647661920706337924e+01 3.207208789336653876e+00 1.713161720035999451e+02
8.632133001858248633e+01 3.076719279671856100e+00 1.716019507017456078e+02
8.617262779779181869e+01 2.951282412673344346e+00 1.718760897895347739e+02
8.603023484258113740e+01 2.830724017950654314e+00 1.721390411394681621e+02
8.589388488793058229e+01 2.714873828601695127e+00 1.723912412834677070e+02
8.576332296655863274e+01 2.603565987378249513e+00 1.726331110460630782e+02
