5.000000000000000000e+01 1.632446766562181129e+00
1.000000000000000000e+02 1.567670327551875076e+00
1.500000000000000000e+02 1.539366661271605929e+00
2.000000000000000000e+02 1.191406741411413783e+00
2.500000000000000000e+02 9.531979391469506124e-01
3.000000000000000000e+02 1.475433750479265171e+00
3.500000000000000000e+02 9.892419171084589902e-01
4.000000000000000000e+02 9.805651039706173577e-01
4.500000000000000000e+02 8.519939066665026539e-01
5.000000000000000000e+02 8.547935511520636798e-01
5.500000000000000000e+02 7.654408812430530951e-01
6.000000000000000000e+02 8.213149554941162611e-01
6.500000000000000000e+02 5.712598538491104883e-01
7.000000000000000000e+02 5.547708466361191526e-01
7.500000000000000000e+02 4.100762547970349114e-01
8.000000000000000000e+02 4.373244572169667221e-01
8.500000000000000000e+02 3.660262948817036843e-01
9.000000000000000000e+02 4.378417786097360542e-01
9.500000000000000000e+02 3.335385593997933218e-01
1.000000000000000000e+03 5.533459531898381467e-01
1.050000000000000000e+03 5.717552272219847964e-01
1.100000000000000000e+03 3.801269849103289244e-01
1.150000000000000000e+03 6.622222824414388809e-01
1.200000000000000000e+03 5.565487073310961819e-01
1.250000000000000000e+03 7.326678035827374202e-01
1.300000000000000000e+03 5.408105769128748186e-01
1.350000000000000000e+03 3.146923849692567221e-01
1.400000000000000000e+03 4.503311638612920165e-01
1.450000000000000000e+03 2.834771995386823895e-01
1.500000000000000000e+03 3.074724514210727122e-01
1.550000000000000000e+03 3.469165436671859948e-01
1.600000000000000000e+03 5.687440874754036146e-01
1.650000000000000000e+03 5.920278019635059064e-01
1.700000000000000000e+03 3.657910342863117115e-01
1.750000000000000000e+03 3.705433046126435648e-01
1.800000000000000000e+03 3.533813972870169517e-01
1.850000000000000000e+03 4.987535106737966406e-01
1.900000000000000000e+03 4.571610888168194942e-01
1.950000000000000000e+03 2.939602289726491735e-01
2.000000000000000000e+03 3.418292334274460331e-01
