2.540000000000000000e+02 7.000000000000000000e+00 0.000000000000000000e+00
2.523004015213464015e+02 7.445459283350054136e+00 1.151879708933247759e+00
2.505891738114993075e+02 7.892809643847064294e+00 2.309568030588911913e+00
2.488657278300420330e+02 8.342151420999384115e+00 3.473441535735804386e+00
2.471299605943394511e+02 8.793499528580701607e+00 4.643557307625653330e+00
2.453818731433592859e+02 9.246850588863891218e+00 5.819904049937915325e+00
2.436214146514088839e+02 9.702210326737187529e+00 7.002504554259312286e+00
2.418485431123898763e+02 1.015958290045997003e+01 8.191375772667527144e+00
2.400632164742404484e+02 1.061897246111227133e+01 9.386534656678659161e+00
2.382653926392829078e+02 1.108038315250230177e+01 1.058799815701333991e+01
2.364550294647066835e+02 1.154381911103473968e+01 1.179578322326443995e+01
2.346320847628979038e+02 1.200928446562265961e+01 1.300990680367432262e+01
2.327965163018586168e+02 1.247678333757529145e+01 1.423038584485074765e+01
2.309476017094990823e+02 1.294606053044554095e+01 1.545865573291884409e+01
2.290761204088584009e+02 1.341365836143922330e+01 1.671377556396419095e+01
2.271787664038784271e+02 1.387846234919786959e+01 1.800223404570985153e+01
2.252550113087636987e+02 1.434043033613457219e+01 1.932469111468077472e+01
2.233043172438567296e+02 1.479951970151915930e+01 2.068181774290085073e+01
2.213261351197804743e+02 1.525568692867255827e+01 2.207429889516711086e+01
2.193199046314882139e+02 1.570888760449123467e+01 2.350283353647700935e+01
2.172850542582636422e+02 1.615907641944718520e+01 2.496813463202844829e+01
2.152210012073333303e+02 1.660620716308109479e+01 2.647092921760862438e+01
2.131271506611236362e+02 1.705023266383966529e+01 2.801195933921921366e+01
2.110028968614361133e+02 1.749110487572798789e+01 2.959198069973412615e+01
2.088476216681399364e+02 1.792877476311312535e+01 3.121176445804450950e+01
2.066606940619882096e+02 1.836319226098660096e+01 3.287209784968297299e+01
2.044414701446175400e+02 1.879430627496437722e+01 3.457378418682353782e+01
2.021892931385484076e+02 1.922206468128685941e+01 3.631764285828173655e+01
1.999034933864434436e+02 1.964641432675961497e+01 3.810450933044032240e+01
1.975833874059390780e+02 2.006730095321093899e+01 3.993523632707935178e+01
1.952282788413494075e+02 2.048466927355670819e+01 4.181069264138847075e+01
1.928374577034599042e+02 2.089846291104086617e+01 4.373176408491351452e+01
1.904101990701564375e+02 2.130862429538320413e+01 4.569935510953040847e+01
1.879457630864251882e+02 2.171509466277932887e+01 4.771438880744535282e+01
1.854433949643527626e+02 2.211781405590068417e+01 4.977780691119464507e+01
1.829023249831261353e+02 2.251672132389454717e+01 5.189056979364475808e+01
1.803217684462587727e+02 2.291175411896538350e+01 5.405365652138481636e+01
1.777009248730329602e+02 2.330284883175095345e+01 5.626806586403407806e+01
1.750372985662796452e+02 2.369107231950486891e+01 5.853457561394514386e+01
1.723440644818450380e+02 2.406690629757842359e+01 6.085625473492896020e+01
1.696556526422044158e+02 2.440665713441523010e+01 6.323905468706852417e+01
1.669912999717271020e+02 2.470271684516234600e+01 6.568370289351118174e+01
1.643582887217841346e+02 2.495371622051966654e+01 6.818999347092973551e+01
1.617577519922469662e+02 2.516015533418601535e+01 7.073515698818444264e+01
1.592194346654611650e+02 2.530401459432017575e+01 7.327187909532945298e+01
1.567546179141067739e+02 2.537867131290544620e+01 7.578688769719923357e+01
1.543627096832546783e+02 2.538524666001974950e+01 7.827956351090533360e+01
1.520428896427050347e+02 2.532500445514699550e+01 8.074953685114832069e+01
1.497943339969485805e+02 2.519920404046466444e+01 8.319644950687541041e+01
1.476162157495213592e+02 2.500910003658828984e+01 8.561995464092493080e+01
1.455077049071145154e+02 2.475594215792128594e+01 8.801971670733938424e+01
1.434679687721092876e+02 2.444097494569988172e+01 9.039541133591266941e+01
1.414961721290427192e+02 2.406543760292615985e+01 9.274672525187725114e+01
1.395897215635084763e+02 2.363446596718329218e+01 9.507096515661598346e+01
1.377373339257104305e+02 2.317227480825996722e+01 9.735391537891118219e+01
1.359365468666618710e+02 2.268316013181814839e+01 9.959379399788251419e+01
1.341865778028090119e+02 2.216767624904808898e+01 1.017911179196165818e+02
1.324866573974120172e+02 2.162636172422504188e+01 1.039464036040567265e+02
1.308360249259872887e+02 2.105974845325124889e+01 1.060601624127120317e+02
1.292339282722910241e+02 2.046836166695908332e+01 1.081329006108157387e+02
1.276796239283193017e+02 1.985271993111107491e+01 1.101651193673250901e+02
1.261723769943079390e+02 1.921333514639990980e+01 1.121573147549214156e+02
1.247114611787326197e+02 1.855071254844841633e+01 1.141099777500101027e+02
1.232961587983087810e+02 1.786535070780957213e+01 1.160235942327206544e+02
1.219257608147841410e+02 1.715774149720111552e+01 1.178986449700453960e+02
1.205998534185971920e+02 1.643042919878965691e+01 1.197384910620019269e+02
1.193183648682048954e+02 1.568841702049012099e+01 1.215500475469275159e+02
1.180806845990020975e+02 1.493283285901812185e+01 1.233349042345411277e+02
1.168860645281356341e+02 1.416374707768692431e+01 1.250931882287546273e+02
1.157337925734877473e+02 1.338140005890518225e+01 1.268252562893147513e+02
1.146231645996612798e+02 1.258600815394163419e+01 1.285314313765999827e+02
1.135534873854522999e+02 1.177778488585451377e+01 1.302120309910566220e+02
1.125240784315297873e+02 1.095694099990202552e+01 1.318673672723650725e+02
1.115343440585763091e+02 1.012372013715824970e+01 1.334976122907308138e+02
1.105829558974741218e+02 9.278027805334916778e+00 1.351042106407576284e+02
1.096666466595594613e+02 8.418842814254732687e+00 1.366920110209788675e+02
1.087840601556996205e+02 7.545936205188392698e+00 1.382626844379243494e+02
1.079347218305804574e+02 6.659461838900344155e+00 1.398164118054280607e+02
1.071181833505565208e+02 5.759580741168922380e+00 1.413533372335000706e+02
1.063340020445980372e+02 4.846452390516488684e+00 1.428736024782044183e+02
1.055817404785780980e+02 3.920234844755789538e+00 1.443773471246026645e+02
1.048609676412584832e+02 2.981084388302028820e+00 1.458647080773716027e+02
1.041712580233646861e+02 2.029155805668529045e+00 1.473358199570010072e+02
1.035121912478290227e+02 1.064602491350906233e+00 1.487908152587370978e+02
1.028833520697905755e+02 8.757644982707615822e-02 1.502298243525825114e+02
1.022843303765951788e+02 -9.017717044427495665e-01 1.516529754832965011e+02
1.017147211877954760e+02 -1.903292747016062103e+00 1.530603947703945948e+02
1.011741246551509050e+02 -2.916838843468057441e+00 1.544522062081489082e+02
1.006621460666522978e+02 -3.942263550644602432e+00 1.558285316639601206e+02
1.001783959037781244e+02 -4.979421835298770027e+00 1.571894908566610241e+02
9.972248947951732134e+01 -6.028169965553736631e+00 1.585352015103571262e+02
9.929404679289991975e+01 -7.088365467584479163e+00 1.598657794167928046e+02
9.889269255914064161e+01 -8.159867135033453067e+00 1.611813384232173121e+02
9.851805617758151357e+01 -9.242535019638003391e+00 1.624819904464301601e+02
9.816977172416839892e+01 -1.033623042908953416e+01 1.637678454761744149e+02
9.784747777996221885e+01 -1.144081587647001896e+01 1.650390116495490247e+02
9.755081735754950500e+01 -1.255615505859291048e+01 1.662955952830068895e+02
9.727787405967603718e+01 -1.368212852753575426e+01 1.675378647846630429e+02
9.702337415784616326e+01 -1.481912402862507250e+01 1.687663193865211611e+02
9.678622849732875011e+01 -1.596785110865785562e+01 1.699809115011753420e+02
9.656595416868286463e+01 -1.712880540795991990e+01 1.711815570628505725e+02
9.636236671324974168e+01 -1.830221255864059060e+01 1.723681814269276060e+02
9.617540468763181138e+01 -1.948796478461044757e+01 1.735407598995817295e+02
9.600500949415481955e+01 -2.068594474580391562e+01 1.746992700547793333e+02
9.585112232328080495e+01 -2.189603924296473636e+01 1.758436892718013098e+02
9.571368373168236587e+01 -2.311813483271343372e+01 1.769739957157402443e+02
9.559263361887785493e+01 -2.435211779480812311e+01 1.780901683414930972e+02
9.548791103251500090e+01 -2.559787384708826607e+01 1.791921869141416721e+02
9.539945437224801594e+01 -2.685528843935070853e+01 1.802800319827810824e+02
9.532720139916384028e+01 -2.812424676699766124e+01 1.813536848793723095e+02
9.527108923578222743e+01 -2.940463377103666076e+01 1.824131277187425155e+02
9.523105436605554530e+01 -3.069633413808061206e+01 1.834583433985848160e+02
9.520703263536906036e+01 -3.199923230034774235e+01 1.844893155994584788e+02
9.519895925054072450e+01 -3.331321243566166146e+01 1.855060287847886968e+02
9.520676877982118924e+01 -3.463815846745131211e+01 1.865084682008668722e+02
9.523039515289390522e+01 -3.597395406475096991e+01 1.874966198768503318e+02
9.526977166087509374e+01 -3.732048264220028955e+01 1.884704706247624983e+02
9.532483095631361891e+01 -3.867762736004426927e+01 1.894300080394928045e+02
9.539550505319118656e+01 -4.004527112413322953e+01 1.903752204987968639e+02
9.548172534687383006e+01 -4.142329661113593886e+01 1.913060971570043307e+02
9.558342280279666170e+01 -4.281158650033324875e+01 1.922226278785238094e+02
9.570052753304301518e+01 -4.421002293172202968e+01 1.931248033641975610e+02
9.583296899945258929e+01 -4.561848777598896021e+01 1.940126151012481444e+02
9.598067610594056021e+01 -4.703686275290925778e+01 1.948860553359893686e+02
