2.540000000000000000e+02 7.000000000000000000e+00 0.000000000000000000e+00
2.528824699105061882e+02 7.469196366061400916e+00 7.245317011939979013e-01
2.517414754080119508e+02 7.947947149499478670e+00 1.466036389165496390e+00
2.505757409478516990e+02 8.436135357473350638e+00 2.224786133122448550e+00
2.493779759274626429e+02 8.930941007116270924e+00 3.000157597822008082e+00
2.481465352162153408e+02 9.431981754017305875e+00 3.792268515915658611e+00
2.468808301601432618e+02 9.939345533499393426e+00 4.601389506698680520e+00
2.455802794403627729e+02 1.045312889410117485e+01 5.427797693478353835e+00
2.442442925456599312e+02 1.097342987734971942e+01 6.271774551501593464e+00
2.428703571625362940e+02 1.149938991988155657e+01 7.137222377719623090e+00
2.414474097787430651e+02 1.202601311769362624e+01 8.043926252707978009e+00
2.399722114322580921e+02 1.255245591499245883e+01 8.996420510309722118e+00
2.384431026927730386e+02 1.307870733692685050e+01 9.996169957603456169e+00
2.368583605763279536e+02 1.360475042694162795e+01 1.104470689403328620e+01
2.352162056762546740e+02 1.413056770215425573e+01 1.214361379193394086e+01
2.335148006637638787e+02 1.465614113940747743e+01 1.329452462981293692e+01
2.317522491564305653e+02 1.518145216474401238e+01 1.449912589849655475e+01
2.299265950691051614e+02 1.570648164736853403e+01 1.575915717830192619e+01
2.280358186212006046e+02 1.623120986250790310e+01 1.707641468936787987e+01
2.260778336318364268e+02 1.675561646625073919e+01 1.845275369682109812e+01
2.240504873892593025e+02 1.727968049433280129e+01 1.989008862688831414e+01
2.219515582801961671e+02 1.780338034008485693e+01 2.139039517487965725e+01
2.197814772232050018e+02 1.832632751840882435e+01 2.295544712203984972e+01
2.175620946234548683e+02 1.884527303192987446e+01 2.458491656769286493e+01
2.152949341260510039e+02 1.935973489090081756e+01 2.628040963386023776e+01
2.129786092408866693e+02 1.986961367926593880e+01 2.804387010850167883e+01
2.106117354869547853e+02 2.037480174779351216e+01 2.987729427643902014e+01
2.081928877753831841e+02 2.087518852485385779e+01 3.178273633959191358e+01
2.057205966149455492e+02 2.137066024159205213e+01 3.376231382779100443e+01
2.031933478736293068e+02 2.186109991465915314e+01 3.581820793877241016e+01
2.006095826206765480e+02 2.234638733476315764e+01 3.795266376345181669e+01
1.979742128861829542e+02 2.282483331368240087e+01 4.015674505816488704e+01
1.953072254775040051e+02 2.329129234163496776e+01 4.239574876173473683e+01
1.926101009425798907e+02 2.374525172065323986e+01 4.466718746653497618e+01
1.898827945796437007e+02 2.418657200195660550e+01 4.697121771177313576e+01
1.871252626351982542e+02 2.461511342371323252e+01 4.930799585786311212e+01
1.843374623224210040e+02 2.503073592535172764e+01 5.167767806908921813e+01
1.815193518211636672e+02 2.543329914756112942e+01 5.408042031360626822e+01
1.786708902779525090e+02 2.582266243229092240e+01 5.651637836343950738e+01
1.757920378059882864e+02 2.619868482275101940e+01 5.898570779448466084e+01
1.728827554851461343e+02 2.656122506341177569e+01 6.148856398650792698e+01
1.699427430208482690e+02 2.691034036213783409e+01 6.402507007569185760e+01
1.670108357713963869e+02 2.721650729092632659e+01 6.660007546548419555e+01
1.641324891520790743e+02 2.744573948469778202e+01 6.921881019177418182e+01
1.613079340547295146e+02 2.759853250093206256e+01 7.188081184639054300e+01
1.585370198699178843e+02 2.767566493982317510e+01 7.458557704069509953e+01
1.558195907604836066e+02 2.767791260034374190e+01 7.733260796110330659e+01
1.531554858251174949e+02 2.760604833370289413e+01 8.012141240648757901e+01
1.505445392178115185e+02 2.746084193655108407e+01 8.295150381532118899e+01
1.479866689850942123e+02 2.724304079518413957e+01 8.582228880124780801e+01
1.455151912724185479e+02 2.694649451517603467e+01 8.869026342445418720e+01
1.431699002444927658e+02 2.656512723067849890e+01 9.150132784617613879e+01
1.409479787029396505e+02 2.610251021912784708e+01 9.425474218134174009e+01
1.388463211500749708e+02 2.556219435589313704e+01 9.695023838296448560e+01
1.368499602959530250e+02 2.496749332307114599e+01 9.957809169916608028e+01
1.349313441051613438e+02 2.436193896084921207e+01 1.021194234001643224e+02
1.330876278822231882e+02 2.374706024398808424e+01 1.045760700229976976e+02
1.313166634919619753e+02 2.312330055710954824e+01 1.069503264589439198e+02
1.296163569263015916e+02 2.249109104124137559e+01 1.092444306256073219e+02
1.279846680124399683e+02 2.185085066154821831e+01 1.114605637727196097e+02
1.264196104128493943e+02 2.120298620733156625e+01 1.136008504821398759e+02
1.249192519415773432e+02 2.054789221796862719e+01 1.156673583369269238e+02
1.234817163014968173e+02 1.988599110675055215e+01 1.176621418499466643e+02
1.221056271661829840e+02 1.922404310991726817e+01 1.195942332632509277e+02
1.207893758721401269e+02 1.856552047039583542e+01 1.214691821686344042e+02
1.195311399691717327e+02 1.791036693599782836e+01 1.232886448450816772e+02
1.183291521979825802e+02 1.725851162756927337e+01 1.250542085075487932e+02
1.171817001495526966e+02 1.660988597818689172e+01 1.267674111057325064e+02
1.160871186546466305e+02 1.596442341024669354e+01 1.284297481639555940e+02
1.150437897240369125e+02 1.532205933292765110e+01 1.300426728348906522e+02
1.140501425485041125e+02 1.468273114219170417e+01 1.316075958995600956e+02
1.131046537847522586e+02 1.404637823291293763e+01 1.331258855103605470e+02
1.122058473933128511e+02 1.341294199198696546e+01 1.345988673366862258e+02
1.113522894394611313e+02 1.278236557774264170e+01 1.360278292376086711e+02
1.105425954675186375e+02 1.215459723583740370e+01 1.374140224297843815e+02
1.097752781068328147e+02 1.152952329319996139e+01 1.387586407940412130e+02
1.090421607785131357e+02 1.090404341529363563e+01 1.400618045014547874e+02
1.083377677743229697e+02 1.027619290107693040e+01 1.413237374190656510e+02
1.076614360063223614e+02 9.646115878171556801e+00 1.425452792468093435e+02
1.070125172815564838e+02 9.013952846838906297e+00 1.437272514621002699e+02
1.063903762588192166e+02 8.379841186467068326e+00 1.448704598026937163e+02
1.057943895581109359e+02 7.743915376347050739e+00 1.459756953487865587e+02
1.052239457606383297e+02 7.106306995672791338e+00 1.470437345230170934e+02
1.046784454088144827e+02 6.467144723541149887e+00 1.480753390904652065e+02
1.041573010062589191e+02 5.826554338951907219e+00 1.490712561586523179e+02
1.036599370645483162e+02 5.184658709178220803e+00 1.500322181208188113e+02
1.031857901441703120e+02 4.541577779243939794e+00 1.509589426069391891e+02
1.027343294182317379e+02 3.897381998327045682e+00 1.518522490419368012e+02
1.023057651679999509e+02 3.250606805357501461e+00 1.527166646357878790e+02
1.018997175418714534e+02 2.600867650416953225e+00 1.535540717853158128e+02
1.015139170535779840e+02 1.948467655698588485e+00 1.543657837209310628e+02
1.011471571996111862e+02 1.293600748223343144e+00 1.551526118528909137e+02
1.007988336778184362e+02 6.363997043249812746e-01 1.559150885255813250e+02
1.004684520871814613e+02 -2.301496106410026374e-02 1.566536916195815365e+02
1.001556279278164396e+02 -6.845349944128713560e-01 1.573688445516641821e+02
9.986008660097384393e+01 -1.348064403591669125e+00 1.580609162747951473e+02
9.958163367759622986e+01 -2.013516483865429141e+00 1.587302353780501676e+02
9.931995629186555163e+01 -2.680793953611438685e+00 1.593771837356963488e+02
9.907475682684008689e+01 -3.349802300758966123e+00 1.600021325375253980e+02
9.884575259997973262e+01 -4.020449726968474913e+00 1.606054428547370208e+02
9.863213810673555315e+01 -4.692913602771225712e+00 1.611884728905752411e+02
9.842772567806494521e+01 -5.370170129545428495e+00 1.617628721730769144e+02
9.823115452714257856e+01 -6.052850078573501769e+00 1.623311943416873362e+02
9.804239891199199519e+01 -6.740913662735984246e+00 1.628934593956425374e+02
9.786144276770455974e+01 -7.434316100311122000e+00 1.634496687641951951e+02
9.768826977758865837e+01 -8.133012568425167288e+00 1.639998241195944217e+02
9.752286337318044218e+01 -8.836958203066460626e+00 1.645439273770792283e+02
9.736520673424398353e+01 -9.546108099085424570e+00 1.650819806948783821e+02
9.721528278877127605e+01 -1.026041731019457259e+01 1.656139864742104635e+02
9.707307421298213512e+01 -1.097984084896849133e+01 1.661399473592838660e+02
9.693856344274632875e+01 -1.170433370116658445e+01 1.666598662304566574e+02
9.681173271326099439e+01 -1.243385087526084121e+01 1.671737461804069653e+02
9.669256392571915626e+01 -1.316834723443887434e+01 1.676815905936917943e+02
9.658103873315738497e+01 -1.390777760399080165e+01 1.681834030952593082e+02
9.647713855868624933e+01 -1.465209679416880917e+01 1.686791875395325064e+02
9.638084459549037319e+01 -1.540125960018716178e+01 1.691689480104090535e+02
9.629213780682843549e+01 -1.615522080222218904e+01 1.696526888212615347e+02
9.621099892603302806e+01 -1.691393516541230113e+01 1.701304145149370299e+02
9.613740845651095412e+01 -1.767735743985797825e+01 1.706021298637574262e+02
9.607134667174287301e+01 -1.844544236062175102e+01 1.710678398695194176e+02
9.601279361528354173e+01 -1.921814464772826625e+01 1.715275497634943918e+02
9.596172910076181495e+01 -1.999541900616419809e+01 1.719812650064284298e+02
9.591813271188043188e+01 -2.077722012587832268e+01 1.724289912885423348e+02
9.588198380241625784e+01 -2.156350268178147545e+01 1.728707345295318589e+02
