2.540000000000000000e+02 7.000000000000000000e+00 0.000000000000000000e+00
2.528121231235316202e+02 7.546431515431214265e+00 6.180071914294964497e-01
2.515880615439178598e+02 8.091485477623946210e+00 1.275231207731835736e+00
2.503265551923466319e+02 8.635146514604482348e+00 1.972991718228601643e+00
2.490263004964962477e+02 9.177398655556103790e+00 2.712654048506775162e+00
2.476859495064151133e+02 9.718225318868345397e+00 3.495630097683198656e+00
2.463041077339444200e+02 1.025760928259956906e+01 4.323380605609791871e+00
2.448793325497845501e+02 1.079553266256288602e+01 5.197416834919368789e+00
2.434101323592119854e+02 1.133197690105603783e+01 6.119301435988765192e+00
2.418949642685363699e+02 1.186692273495780192e+01 7.090650895654141195e+00
2.403322317690999341e+02 1.240035016406481994e+01 8.113137967513212701e+00
2.387202836901695662e+02 1.293223843677456486e+01 9.188492770712999302e+00
2.370574132597792527e+02 1.346256603724389400e+01 1.031850377546212272e+01
2.353418540260885266e+02 1.399131062962572081e+01 1.150502208296996365e+01
2.335717785494600776e+02 1.451844904018676630e+01 1.274996279792218168e+01
2.317452969211322511e+02 1.504395723705241750e+01 1.405530658291932511e+01
2.298604557705545801e+02 1.556781031663345871e+01 1.542310070013827783e+01
2.279152331071497599e+02 1.608998243309956422e+01 1.685546442415429169e+01
2.259075370959718043e+02 1.661044678163903043e+01 1.835459032671215596e+01
2.238352043010159491e+02 1.712917557443812555e+01 1.992274612011792811e+01
2.216959989209077833e+02 1.764614003022872168e+01 2.156227545927916722e+01
2.194876069886011294e+02 1.816131029498055227e+01 2.327560402828345332e+01
2.172076338413408223e+02 1.867465540730728435e+01 2.506524219530852093e+01
2.148536031285790386e+02 1.918614328490057730e+01 2.693378605367223955e+01
2.124229546904407187e+02 1.969574069551795859e+01 2.888391964808446133e+01
2.099130412123770100e+02 2.020341321124105960e+01 3.091841848510480162e+01
2.073211217798253472e+02 2.070912512034373520e+01 3.304015629660455744e+01
2.046443616110048822e+02 2.121283942363846364e+01 3.525210532016002674e+01
2.018798562867851842e+02 2.171455671846083035e+01 3.755728073015311708e+01
1.990480324710273123e+02 2.222361332629512631e+01 3.992400629452097149e+01
1.961874093519319899e+02 2.274167020877242251e+01 4.230374840460779495e+01
1.932991625440616872e+02 2.326833450603103159e+01 4.469523041164478627e+01
1.903831963911483456e+02 2.380365412774632361e+01 4.709844608350744721e+01
1.874394155812008194e+02 2.434767701258590122e+01 4.951338868884436550e+01
1.844677251530946194e+02 2.490045112649986336e+01 5.194005099338795617e+01
1.814691488155187074e+02 2.545968358570759804e+01 5.437942476607121733e+01
1.784595557727643040e+02 2.599199645670395853e+01 5.684580131263543024e+01
1.754440631991562896e+02 2.648649496029135975e+01 5.934392877332341953e+01
1.724252233500952229e+02 2.694141992575983480e+01 6.187360648916799022e+01
1.694486657611721512e+02 2.732809806905223482e+01 6.442844728655211384e+01
1.665341543216301261e+02 2.763440361308369830e+01 6.700559828561539177e+01
1.636802439739179249e+02 2.786156692093616627e+01 6.960520375230841239e+01
1.608857453880978028e+02 2.801064622834214290e+01 7.222737782061537359e+01
1.581494929318384095e+02 2.808267455991232353e+01 7.487223692142518416e+01
1.554703435840825705e+02 2.807866081173831674e+01 7.753989975838904058e+01
1.528471769350468037e+02 2.799958975139255912e+01 8.023048730792056915e+01
1.502788951862219164e+02 2.784642201792840766e+01 8.294412281919571228e+01
1.477644227404390449e+02 2.762009452406903165e+01 8.568093181207659370e+01
1.453027066459371781e+02 2.732152000871077036e+01 8.844104209247028336e+01
1.428927156036181998e+02 2.695158803134250292e+01 9.122458372463557907e+01
1.405334382359603183e+02 2.651116668681195776e+01 9.403168900422119236e+01
1.382238830708568571e+02 2.600110262128509575e+01 9.686249245806983765e+01
1.359630785416167100e+02 2.542222103224611729e+01 9.971713084421831752e+01
1.337501116925947997e+02 2.477537010259334238e+01 1.025956554214559588e+02
1.316167933563217503e+02 2.409984090143726476e+01 1.054230001548228728e+02
1.295917100248362317e+02 2.343391734858390052e+01 1.081284968234887742e+02
1.276697511035609551e+02 2.277741819387941646e+01 1.107176161260386920e+02
1.258461058661369378e+02 2.213024881750038730e+01 1.131954259560839091e+02
1.241161733431874694e+02 2.149231378190264508e+01 1.155667784517208929e+02
1.224755608852319710e+02 2.086351684477658353e+01 1.178363114659546937e+02
1.209200844662062480e+02 2.024376094093577549e+01 1.200084482723657402e+02
1.194457488059275079e+02 1.963294844114083304e+01 1.220874178197369986e+02
1.180487315634515113e+02 1.903098134779621731e+01 1.240772708492469434e+02
1.167253822584832079e+02 1.843776130583708195e+01 1.259818809968524960e+02
1.154722221206904180e+02 1.785318958951894786e+01 1.278049449628440470e+02
1.142859351537649530e+02 1.727716721463841409e+01 1.295499916216709266e+02
1.131633480098250004e+02 1.670959517888615053e+01 1.312204025522415520e+02
1.121014286258570536e+02 1.615037447728714071e+01 1.328194134297908988e+02
1.110972843371000636e+02 1.559940611215421313e+01 1.343501159637103513e+02
1.101481632427557571e+02 1.505659107255526230e+01 1.358154565088263155e+02
1.092514342030467418e+02 1.452183056553973906e+01 1.372182564786659213e+02
1.084045807916313464e+02 1.399502608174282514e+01 1.385612185216379260e+02
1.076052006483294861e+02 1.347607940004841964e+01 1.398469271845580693e+02
1.068510056810183926e+02 1.296489256855891981e+01 1.410778487242350536e+02
1.061398172873220034e+02 1.246136796173986561e+01 1.422563359817791593e+02
1.054695503817183777e+02 1.196540844651450008e+01 1.433846447027218005e+02
1.048382121923788475e+02 1.147691739377322762e+01 1.444649347673876889e+02
1.042439012889117578e+02 1.099579868251229087e+01 1.454992711905869101e+02
1.036848091673326877e+02 1.052195666845214106e+01 1.464896225179155920e+02
1.031592122086635470e+02 1.005529627177816643e+01 1.474378690376115912e+02
1.026654606727986447e+02 9.595723077630998077e+00 1.483458140406734174e+02
1.022019784340512842e+02 9.143143338227783801e+00 1.492151840917252912e+02
1.017660900603533918e+02 8.696526051244939381e+00 1.500511767997278127e+02
1.013494852047003434e+02 8.250072279309106804e+00 1.508767386218132458e+02
1.009507288684820168e+02 7.803154762169584480e+00 1.516949033303122576e+02
1.005693619979241475e+02 7.355897240958490180e+00 1.525058263970657606e+02
1.002049440910571150e+02 6.908424467301637506e+00 1.533096390029608074e+02
9.985704476348477954e+01 6.460856989049211130e+00 1.541064700886407479e+02
9.952524374838448296e+01 6.013311150275758799e+00 1.548964463545052013e+02
9.920913089650706240e+01 5.565899091280193112e+00 1.556796922607099702e+02
9.890830614753517125e+01 5.118728760998258132e+00 1.564563300332215476e+02
9.862237948843933566e+01 4.671903924622893278e+00 1.572264796785198655e+02
9.835097064303779746e+01 4.225524329515423005e+00 1.579902590314824522e+02
9.809370823107823867e+01 3.779686118966420150e+00 1.587477839052686761e+02
9.785022969725707753e+01 3.334481865828997194e+00 1.594991681047008569e+02
9.762018128741506473e+01 2.890000581027335258e+00 1.602445234249006774e+02
9.740321693638657052e+01 2.446328118539675689e+00 1.609839596065037028e+02
9.719901608761213652e+01 2.003540865818777661e+00 1.617175854891827669e+02
9.700726586943633833e+01 1.561712160089503421e+00 1.624455080747262912e+02
9.682765082230402243e+01 1.120915962872643057e+00 1.631678319411988696e+02
9.665985289876033448e+01 6.812268599849140571e-01 1.638846592429413818e+02
9.650355436733794079e+01 2.427190293920157005e-01 1.645960898790258113e+02
9.635845316564703467e+01 -1.945392483749919799e-01 1.653022223269987876e+02
9.622425434474243389e+01 -6.304824921779320634e-01 1.660031532624677766e+02
9.610066964790610200e+01 -1.065047792397371795e+00 1.666989776823530462e+02
9.598741791546196112e+01 -1.498174952374090596e+00 1.673897889329159057e+02
9.588422507453714161e+01 -1.929806483719314736e+00 1.680756787116939392e+02
9.579082401727740148e+01 -2.359887553476152977e+00 1.687567370922151326e+02
9.570695471022429501e+01 -2.788366034805449534e+00 1.694330525036660617e+02
9.563236350255859008e+01 -3.215192179084314095e+00 1.701047118552505424e+02
9.556680295938106440e+01 -3.640318538049279962e+00 1.707718005668369017e+02
9.551003186171239179e+01 -4.063699963796303827e+00 1.714344025689577506e+02
9.546181817436129791e+01 -4.485294649792898269e+00 1.720926005168674919e+02
9.542194762907070071e+01 -4.905067171109958934e+00 1.727464763538412456e+02
9.539021083905183218e+01 -5.322983876348596155e+00 1.733961105964270644e+02
9.536639994452731628e+01 -5.739011649259124326e+00 1.740415822321911605e+02
9.535030864067930167e+01 -6.153117918065508007e+00 1.746829687227867112e+02
9.534173217764930541e+01 -6.565270655465346827e+00 1.753203460039537731e+02
9.534046830233303638e+01 -6.975438707637863445e+00 1.759537885571905633e+02
9.534632342090540646e+01 -7.383594003418146201e+00 1.765833697418775046e+02
9.535910892293080110e+01 -7.789710255303406328e+00 1.772091615532475259e+02
9.537864039799319471e+01 -8.193762593030024632e+00 1.778312347892911873e+02
9.540473784275015134e+01 -8.595727631544216152e+00 1.784496590771465776e+02
9.543722566093276782e+01 -8.995583471002030151e+00 1.790645028730992294e+02
