2.540000000000000000e+02 7.000000000000000000e+00 0.000000000000000000e+00
2.527872949940091871e+02 7.500159627136946838e+00 7.977898189432439668e-01
2.515386987014818772e+02 8.007231720405107112e+00 1.613192420817243899e+00
2.502535783024786440e+02 8.521326690207045473e+00 2.446505131102837627e+00
2.489312905824058078e+02 9.042556723343150082e+00 3.298030122649152407e+00
2.475711625546416599e+02 9.571026217853729534e+00 4.168110678063308150e+00
2.461646496809728433e+02 1.010300140062899565e+01 5.071736167150862507e+00
2.447041252257789949e+02 1.063547952064595492e+01 6.021637732425420886e+00
2.431878352666527405e+02 1.116846466169210927e+01 7.019338830676737473e+00
2.416139689571929807e+02 1.170196168537421677e+01 8.066411101516289150e+00
2.399806563800107710e+02 1.223597563339784955e+01 9.164477451458362012e+00
2.382859676405588800e+02 1.277051173034956300e+01 1.031521284035237684e+01
2.365279094072135138e+02 1.330557539431961445e+01 1.152034728413394049e+01
2.347044223019117055e+02 1.384117224491333076e+01 1.278166811940212000e+01
2.328133799705100557e+02 1.437730810610530163e+01 1.410102081022415810e+01
2.308525879093062940e+02 1.491398900984220788e+01 1.548030996655769087e+01
2.288197797523330053e+02 1.545122120744165883e+01 1.692150256638549877e+01
2.267126135715967621e+02 1.598901118095129803e+01 1.842663116661382361e+01
2.245279899549685183e+02 1.652745863189275255e+01 1.999785211213519531e+01
2.222708343618611195e+02 1.706555623093556306e+01 2.163670445495594663e+01
2.199585977204602614e+02 1.760060514812656507e+01 2.334366109912917864e+01
2.175954187972268414e+02 1.813175422621828758e+01 2.512029428951184329e+01
2.151798013413196600e+02 1.865891964584354668e+01 2.696869795777886480e+01
2.127102306062730577e+02 1.918201139521192289e+01 2.889102841841015845e+01
2.101851468411589678e+02 1.970093702341834074e+01 3.088950537019457343e+01
2.076029416030784489e+02 2.021560143881730554e+01 3.296641708912478919e+01
2.049619556538021072e+02 2.072590679402195235e+01 3.512412339040324127e+01
2.022606820583847878e+02 2.123170150962837610e+01 3.736471283139981381e+01
1.995145366665818472e+02 2.172864729319295662e+01 3.966180378485890401e+01
1.967374010195783285e+02 2.221304404216837725e+01 4.199196400598259515e+01
1.939292792308581284e+02 2.268474519746333584e+01 4.435528453179141195e+01
1.910901730781120307e+02 2.314360287998668753e+01 4.675185918328988066e+01
1.882200584719008987e+02 2.358947618445817440e+01 4.918182760166232725e+01
1.853189125689149535e+02 2.402222398859466779e+01 5.164532894092095461e+01
1.823867137769249780e+02 2.444170495802084275e+01 5.414250186215014793e+01
1.794234417561488613e+02 2.484777754811771899e+01 5.667348453165335087e+01
1.764290774241116821e+02 2.524030000924312844e+01 5.923841461509145034e+01
1.734036029627164339e+02 2.561913039413170878e+01 6.183742926905485859e+01
1.703470018199745368e+02 2.598412656004422772e+01 6.447066513882377592e+01
1.672914598559293324e+02 2.631041877241623439e+01 6.714241429936397765e+01
1.642952384086650568e+02 2.655364565637843910e+01 6.985991821914606703e+01
1.613594508482795788e+02 2.671373821624065670e+01 7.262272428470751606e+01
1.584838711977897958e+02 2.679165175024767009e+01 7.543021148460198333e+01
1.556682678679240723e+02 2.678833707202066350e+01 7.828176612665305356e+01
1.529124037609844891e+02 2.670474041777265484e+01 8.117678186022770603e+01
1.502160362708465016e+02 2.654180344630854904e+01 8.411465967623647089e+01
1.475789172829593383e+02 2.630046323902509187e+01 8.709480790713332965e+01
1.450198321380698587e+02 2.597794294559763983e+01 9.009166119861366440e+01
1.425926812449256431e+02 2.556579637171964237e+01 9.303165896489124975e+01
1.402985470322542483e+02 2.506715216163627247e+01 9.590842679278085825e+01
1.381317157936212254e+02 2.448935268383670660e+01 9.872025360494274082e+01
1.360574625340605337e+02 2.388601398932771147e+01 1.014438940086203900e+02
1.340633299324731240e+02 2.327388778639362243e+01 1.040742395335742714e+02
1.321469693407376838e+02 2.265341697411724198e+01 1.066138918945606662e+02
1.303060940812100057e+02 2.202503151221558397e+01 1.090653851329134625e+02
1.285384789101807712e+02 2.138914858443417444e+01 1.114311861362168372e+02
1.268419600418932731e+02 2.074617259296333671e+01 1.137136946124983155e+02
1.252144335179114307e+02 2.009649550579769794e+01 1.159152448664138575e+02
1.236538479102079862e+02 1.944042791868452014e+01 1.180380331367369848e+02
1.221583140973331041e+02 1.878007866632349021e+01 1.200861739341783618e+02
1.207262882616345649e+02 1.812304824460967723e+01 1.220698561533856576e+02
1.193558853233426760e+02 1.747089667386650902e+01 1.239927631692426218e+02
1.180451741577495852e+02 1.682349410131111966e+01 1.258566887302421549e+02
1.167922853030389234e+02 1.618072481787219985e+01 1.276633808967211081e+02
1.155954092480170061e+02 1.554247690957851802e+01 1.294145316987380454e+02
1.144527880718818267e+02 1.490864172650269026e+01 1.311117849530529895e+02
1.133627153279619506e+02 1.427911387537609045e+01 1.327567363718340232e+02
1.123235360437164445e+02 1.365379121958885200e+01 1.343509335626572749e+02
1.113336471739313396e+02 1.303257490797769158e+01 1.358958756047408087e+02
1.103914964428448400e+02 1.241536930127592875e+01 1.373930141315327660e+02
1.094956046138032519e+02 1.180209333395625038e+01 1.388437619023221146e+02
1.086452103145101518e+02 1.119295731701640761e+01 1.402495938967666405e+02
1.078323512413695227e+02 1.058508145539495793e+01 1.416109173881416439e+02
1.070504450850663858e+02 9.976126300452918372e+00 1.429280789002288827e+02
1.062977309920007372e+02 9.365765187974270489e+00 1.442018685239214904e+02
1.055734587250408367e+02 8.754094160807738945e+00 1.454332002559081047e+02
1.048769554252316567e+02 8.141232236562967017e+00 1.466229715709259835e+02
1.042075644960334131e+02 7.527296677020799187e+00 1.477720622316629999e+02
1.035646429100079757e+02 6.912401966910734608e+00 1.488813343582934010e+02
1.029475607954771590e+02 6.296659900587208369e+00 1.499516329622757098e+02
1.023557011787134883e+02 5.680179636079143890e+00 1.509837862793106638e+02
1.017884598785533541e+02 5.063067717165449011e+00 1.519786059054834197e+02
1.012452450746440888e+02 4.445428163885082107e+00 1.529368873548857835e+02
1.007248017144547845e+02 3.827421828666149661e+00 1.538597298852815243e+02
1.002239543062665064e+02 3.209070834042121234e+00 1.547499200456473716e+02
9.974279174274774107e+01 2.588773736758846145e+00 1.556121695614559712e+02
9.928112831220130374e+01 1.966300660470744699e+00 1.564477000596261007e+02
9.883863133770358900e+01 1.341758413907848224e+00 1.572569355405513534e+02
9.841497635529000831e+01 7.152442798143816560e-01 1.580403118304008956e+02
9.800984361542374756e+01 8.685373758496856000e-02 1.587982584879564456e+02
9.762291765769710139e+01 -5.433193549473527284e-01 1.595311993668445609e+02
9.725388729992195636e+01 -1.175182756845246645e+00 1.602395526299582116e+02
9.690244563812990464e+01 -1.808645844067080954e+00 1.609237307494565243e+02
9.656829004657225823e+01 -2.443619609466925358e+00 1.615841405067650669e+02
9.625112218280276011e+01 -3.080016665143923582e+00 1.622211829858860881e+02
9.594742202454972357e+01 -3.719378221565423637e+00 1.628413381486401761e+02
9.565175538843938341e+01 -4.364318131785081434e+00 1.634547765497289049e+02
9.536401398290458076e+01 -5.014839615181799992e+00 1.640616799651151609e+02
9.508417382063305467e+01 -5.670903911965060828e+00 1.646620714600699387e+02
9.481221785860516604e+01 -6.332468763718956950e+00 1.652559608977555001e+02
9.454813599809389757e+01 -6.999488413402205289e+00 1.658433449392253181e+02
9.429192122435573253e+01 -7.671915390238488897e+00 1.664242142015078230e+02
9.404355921923493611e+01 -8.349705373522342100e+00 1.669985725674322055e+02
9.380303712105416025e+01 -9.032813199239367208e+00 1.675664209845702430e+02
9.357034192668238859e+01 -9.721193583415066897e+00 1.681277604141584732e+02
9.334546034916367319e+01 -1.041480118752493667e+01 1.686825920947433417e+02
9.312837881771710613e+01 -1.111359061849447549e+01 1.692309175421811460e+02
9.291908347773672006e+01 -1.181751642869918228e+01 1.697727385496381203e+02
9.271756019079163025e+01 -1.252653311596455055e+01 1.703080571875905207e+02
9.252379457573086086e+01 -1.324059518041813455e+01 1.708368757771857531e+02
9.233777195621837564e+01 -1.395965705156019965e+01 1.713591969241428501e+02
9.215947731355134920e+01 -1.468367302191029111e+01 1.718750235490254852e+02
9.198889536609783590e+01 -1.541259735660298347e+01 1.723843588356863563e+02
9.182601056972177389e+01 -1.614638429397539099e+01 1.728872062309913815e+02
9.167080711778312718e+01 -1.688498804556716237e+01 1.733835694448196989e+02
9.152326894113777200e+01 -1.762836279612049495e+01 1.738734524500639225e+02
9.138337970813751099e+01 -1.837646270358010625e+01 1.743568594826296021e+02
9.125112282463013003e+01 -1.912924189909326600e+01 1.748337950414359057e+02
9.112648143395935563e+01 -1.988665448700977123e+01 1.753042638884149369e+02
9.100943841696485492e+01 -2.064865454488197472e+01 1.757682710485123039e+02
9.089997639198223567e+01 -2.141519612346474588e+01 1.762258218096867211e+02
9.079807771484308887e+01 -2.218623324671549923e+01 1.766769217229102651e+02
9.070372447887487510e+01 -2.296171991179420147e+01 1.771215766021682327e+02
9.061689851490112346e+01 -2.374161008906333592e+01 1.775597925244592261e+02
