2.540000000000000000e+02 7.000000000000000000e+00 0.000000000000000000e+00
2.528038168828547327e+02 7.515776250718602114e+00 6.586657107610930373e-01
2.515713504314271916e+02 8.029921800352610717e+00 1.356633448092093630e+00
2.503013619023056151e+02 8.542410830194793192e+00 2.095203750013646893e+00
2.489925705361226278e+02 9.053216586211371819e+00 2.875721348368463826e+00
2.476436527553028100e+02 9.562311361249669517e+00 3.699576012566510030e+00
2.462532401498934860e+02 1.006966645036794716e+01 4.568204667926344165e+00
2.448199178568130492e+02 1.057525211489089401e+01 5.483093100252051322e+00
2.433422237728092909e+02 1.107903756495331749e+01 6.445776783580974723e+00
2.418186466613678647e+02 1.158099091751479470e+01 7.457842871187694733e+00
2.402476235335148260e+02 1.208107913827051050e+01 8.520932950246182358e+00
2.386275387992991739e+02 1.257926802283191492e+01 9.636743934232825382e+00
2.369567233784270002e+02 1.307552217700035335e+01 1.080702899829622865e+01
2.352334513472877973e+02 1.356980494240299784e+01 1.203360110564496743e+01
2.334559378193289660e+02 1.406207834948212110e+01 1.331833523680415432e+01
2.316223379393053676e+02 1.455230309518770682e+01 1.466316944738704642e+01
2.297307459218076815e+02 1.504043852165146156e+01 1.607010587929265810e+01
2.277791911091510713e+02 1.552644252875442454e+01 1.754121490671398220e+01
2.257656351909911052e+02 1.601027151246029234e+01 1.907863806032466769e+01
2.236879714931197611e+02 1.649188034904079458e+01 2.068458877526976991e+01
2.215440232596353383e+02 1.697122235697282733e+01 2.236135419784722700e+01
2.193315410103859620e+02 1.744824923832811692e+01 2.411129796474356368e+01
2.170481972579954686e+02 1.792291096159880581e+01 2.593686575925392646e+01
2.146915862455832098e+02 1.839515575587999763e+01 2.784058558712755271e+01
2.122592222236446560e+02 1.886493007264909849e+01 2.982506958881698012e+01
2.097485351325401837e+02 1.933217849000317301e+01 3.189301858029948633e+01
2.071568681707571784e+02 1.979684365872347485e+01 3.404722461059090222e+01
2.044814749066681543e+02 2.025886623821272892e+01 3.629057399937849482e+01
2.017227882570843747e+02 2.072303106757901858e+01 3.861893826037713495e+01
1.989019736042566535e+02 2.120493825010109390e+01 4.099601772399812205e+01
1.960519366425614578e+02 2.169554655340155946e+01 4.338739358764158993e+01
1.931744314801156861e+02 2.219426522605106200e+01 4.579122038515171766e+01
1.902693537378565054e+02 2.270114130268108710e+01 4.820750376530389758e+01
1.873365992350700253e+02 2.321622188309748225e+01 5.063624896901907846e+01
1.843760639935757979e+02 2.373955413132218695e+01 5.307746082675367916e+01
1.813890418901683574e+02 2.426845538324878504e+01 5.553229959515564929e+01
1.783933090618860433e+02 2.476803352097675770e+01 5.801559395662466301e+01
1.753942719055977477e+02 2.522752317011235235e+01 6.053201952684921139e+01
1.723921054185591970e+02 2.564665441993090056e+01 6.308173033198067969e+01
1.694293006260747916e+02 2.599879541542217964e+01 6.565914142844663104e+01
1.665325537247342425e+02 2.626751978799632781e+01 6.826062722674524252e+01
1.637010765066909812e+02 2.645366501719394847e+01 7.088621858067345727e+01
1.609334835601212887e+02 2.655843139165057920e+01 7.353603277635863833e+01
1.582284216579239455e+02 2.658298639165722221e+01 7.621018994195456742e+01
1.555845663256904459e+02 2.652846800024521556e+01 7.890881295667308848e+01
1.530006209924916902e+02 2.639598552293891132e+01 8.163202742774829801e+01
1.504753169908777579e+02 2.618661958775562937e+01 8.437996169043675820e+01
1.480074134510505246e+02 2.590142224627204826e+01 8.715274680637969595e+01
1.455956968520033854e+02 2.554141739528199651e+01 8.995051656458515765e+01
1.432389815748558419e+02 2.510760024976186955e+01 9.277340748840181561e+01
1.409361069927246604e+02 2.460094014272943497e+01 9.562155876711391045e+01
1.386859370003975869e+02 2.402238097636179148e+01 9.849511224645479501e+01
1.364873600143338024e+02 2.337284122199536540e+01 1.013942124286069344e+02
1.343396103451848376e+02 2.265365850632111488e+01 1.043181917332136521e+02
1.322751289317160683e+02 2.191330512967973476e+01 1.071808782079859128e+02
1.303155550701773961e+02 2.118806043381216853e+01 1.099204522407953846e+02
1.284560843019911260e+02 2.047772941277413139e+01 1.125420135402448949e+02
1.266920103597397258e+02 1.978194836263209666e+01 1.150507470103882781e+02
1.250188324725089615e+02 1.910036426667929632e+01 1.174516167674587734e+02
1.234322540464029601e+02 1.843263473785301088e+01 1.197493675456174600e+02
1.219281823941524578e+02 1.777842798763378696e+01 1.219485250058667134e+02
1.205027164714600616e+02 1.713742231964809903e+01 1.240534087703669854e+02
1.191521251090221085e+02 1.650930521631912029e+01 1.260681555739959094e+02
1.178728453654911448e+02 1.589377326786368272e+01 1.279967210181190183e+02
1.166614811033639540e+02 1.529053209502018085e+01 1.298428811041385131e+02
1.155148002278607891e+02 1.469929623112723149e+01 1.316102351723443746e+02
1.144297118891797709e+02 1.411978815245444174e+01 1.333022301628536752e+02
1.134032629439001596e+02 1.355173812532729904e+01 1.349221643838745024e+02
1.124326364281901789e+02 1.299488413121408215e+01 1.364731891472589496e+02
1.115151532095834028e+02 1.244897192355376703e+01 1.379583070252168966e+02
1.106482563026506227e+02 1.191375435598713217e+01 1.393803885463146059e+02
1.098295003490468531e+02 1.138899092020642634e+01 1.407421834064893176e+02
1.090565513027302558e+02 1.087444773104789597e+01 1.420463208056719395e+02
1.083271855313426073e+02 1.036989746762347586e+01 1.432953104263814339e+02
1.076392891208877103e+02 9.875119344558395795e+00 1.444915431727911539e+02
1.069908405917121996e+02 9.389898344675621900e+00 1.456373095987993338e+02
1.063799081322002991e+02 8.914025093298487690e+00 1.467348028605574370e+02
1.058046500207599365e+02 8.447295873887693318e+00 1.477861182698971163e+02
1.052633140675577579e+02 7.989512580336022296e+00 1.487932539142982478e+02
1.047542275910822696e+02 7.540482274351309577e+00 1.497581213412346415e+02
1.042757954788915669e+02 7.100017090809092046e+00 1.506825476350197448e+02
1.038264965476916331e+02 6.667934064587846876e+00 1.515682793101601362e+02
1.034029238593683999e+02 6.242412091943783103e+00 1.524230347444341191e+02
1.029974811177812768e+02 5.817851792416714574e+00 1.532682126700300955e+02
1.026090207559714997e+02 5.393771557763861857e+00 1.541061105412851759e+02
1.022371163771624651e+02 4.970272762907208985e+00 1.549368546066322097e+02
1.018813547040836625e+02 4.547447538459113758e+00 1.557605801322445700e+02
1.015413408063341336e+02 4.125381429600004424e+00 1.565774204537586343e+02
1.012166952189513722e+02 3.704154496657039441e+00 1.573875070384577270e+02
1.009070539424111956e+02 3.283841315104103931e+00 1.581909694852716370e+02
1.006120684426277734e+02 2.864510975561813222e+00 1.589879355247769013e+02
1.003313882095680327e+02 2.446233159182689132e+00 1.597785300809897819e+02
1.000646362087794614e+02 2.029086626832151019e+00 1.605628737760280274e+02
9.981145409225497644e+01 1.613143531087798177e+00 1.613410854997571846e+02
9.957149252957370322e+01 1.198472850886357577e+00 1.621132820625783211e+02
9.934441085279242145e+01 7.851405157383377631e-01 1.628795781777046727e+02
9.912987702065289852e+01 3.732094209161925802e-01 1.636400864683349141e+02
9.892756751747074873e+01 -3.726053486150229799e-02 1.643949174909353133e+02
9.873716736880911071e+01 -4.462124526638198696e-01 1.651441797301239092e+02
9.855836927359545996e+01 -8.535920494783133528e-01 1.658879797635362365e+02
9.839087349603329358e+01 -1.259347611127320521e+00 1.666264222827793446e+02
9.823438786560194558e+01 -1.663429992267962065e+00 1.673596100934312858e+02
9.808862765128560568e+01 -2.065792565563788763e+00 1.680876441417156855e+02
9.795331569206801703e+01 -2.466391281379244127e+00 1.688106234908570400e+02
9.782818181698522153e+01 -2.865184411142545962e+00 1.695286454311797115e+02
9.771296245885191922e+01 -3.262132381063984177e+00 1.702418055561347785e+02
9.760740065421926204e+01 -3.657197772118116585e+00 1.709501977623085054e+02
9.751124597678264649e+01 -4.050345292356590576e+00 1.716539142630952881e+02
9.742425447904280134e+01 -4.441541757941361190e+00 1.723530456037458976e+02
9.734618884238530256e+01 -4.830756154293054827e+00 1.730476806298200927e+02
9.727681751939104515e+01 -5.217959269330522787e+00 1.737379066574234798e+02
9.721591465512065611e+01 -5.603123660148147778e+00 1.744238094890254160e+02
9.716326008711443762e+01 -5.986223653015851021e+00 1.751054734134594923e+02
9.711863929957452513e+01 -6.367235324741280067e+00 1.757829812155703166e+02
9.708184324605373661e+01 -6.746136436428173511e+00 1.764564142169566878e+02
9.705266884949608652e+01 -7.122906639478842727e+00 1.771258521721920545e+02
9.703091802251856279e+01 -7.497527063883064891e+00 1.777913734674680200e+02
9.701639748663990304e+01 -7.869980243336163639e+00 1.784530551578750419e+02
9.700891877228059457e+01 -8.240250115238991313e+00 1.791109729674028301e+02
9.700829821876290282e+01 -8.608322020697947607e+00 1.797652012889400623e+02
9.701435691447382226e+01 -8.974182681145810747e+00 1.804158131974309924e+02
9.702692053412248185e+01 -9.337820143641815562e+00 1.810628804908042184e+02
9.704581993418130992e+01 -9.699224016092683698e+00 1.817064735605510748e+02
9.707089012436551911e+01 -1.005838504637521602e+01 1.823466616068359656e+02
