2.540000000000000000e+02 7.000000000000000000e+00 0.000000000000000000e+00
2.530294746355879170e+02 7.427077568905414040e+00 6.699819512426650192e-01
2.520346842605015638e+02 7.863863616443586224e+00 1.356627673203874007e+00
2.510150470344208316e+02 8.310590388942927120e+00 2.060335031302567455e+00
2.499699670730542209e+02 8.767495738015334439e+00 2.781511494939814089e+00
2.488988342700026237e+02 9.234823191654324859e+00 3.520574259316347820e+00
2.478010240186092688e+02 9.712822065251687675e+00 4.277950435645246685e+00
2.466758967476812927e+02 1.020174764690141345e+01 5.054077368646439083e+00
2.455227161980665471e+02 1.070182759164635478e+01 5.849392660469825422e+00
2.443354184275825673e+02 1.121106225943320034e+01 6.663646725640737678e+00
2.431083672824656503e+02 1.172748531808294814e+01 7.498255980961304523e+00
2.418306532166845386e+02 1.224623112043522077e+01 8.372368821253095561e+00
2.404976833302526131e+02 1.276588772426324425e+01 9.292788312660945849e+00
2.391075576744511579e+02 1.328646080928795037e+01 1.026113695240794144e+01
2.376583240650587356e+02 1.380796315590509771e+01 1.127906784014623653e+01
2.361479718573940545e+02 1.433041190291560874e+01 1.234827555723765613e+01
2.345744174562902060e+02 1.485382147038712652e+01 1.347052290054018719e+01
2.329355070443271813e+02 1.537820737467579590e+01 1.464763085553141764e+01
2.312290118453863386e+02 1.590358569755937346e+01 1.588148373600914454e+01
2.294526277346573977e+02 1.642997306205451835e+01 1.717402956819990578e+01
2.276039727056533764e+02 1.695738665062764738e+01 1.852728223256887219e+01
2.256805855102000464e+02 1.748584421497217178e+01 1.994332261379528148e+01
2.236799187397634512e+02 1.801536412574913015e+01 2.142430445097181746e+01
2.215993378274049519e+02 1.854596537976243553e+01 2.297245518151751043e+01
2.194374659844409905e+02 1.907748796677573822e+01 2.458996968710012254e+01
2.172166027935957970e+02 1.960663637649561863e+01 2.627714066541759408e+01
2.149425851010028339e+02 2.013234491571610363e+01 2.803553288871022531e+01
2.126138944212175090e+02 2.065452269008114428e+01 2.986735548761277315e+01
2.102289052976618677e+02 2.117308424144028933e+01 3.177489119037666754e+01
2.077859406618370599e+02 2.168794164714352490e+01 3.376049456748138766e+01
2.052832702825408262e+02 2.219900444550327023e+01 3.582659418959301689e+01
2.027195022549482246e+02 2.270608180451318248e+01 3.797504058321469955e+01
2.001109871991834837e+02 2.320463553098914389e+01 4.017824821320920847e+01
1.974706362911072688e+02 2.369123582266617589e+01 4.241470789791957685e+01
1.947983334044269270e+02 2.416575265152018304e+01 4.468467860442274997e+01
1.920940187115343747e+02 2.462804131347166248e+01 4.698832634364394067e+01
1.893576310195443853e+02 2.507795733704974950e+01 4.932582093002061896e+01
1.865891101737846896e+02 2.551535587583375531e+01 5.169733196485249493e+01
1.837883970602234172e+02 2.594009171009899006e+01 5.410302883400391494e+01
1.809554336155015619e+02 2.635201925302510872e+01 5.654308069869252051e+01
1.780901628322577324e+02 2.675099255402014364e+01 5.901765649059088048e+01
1.751925287615956108e+02 2.713686530053712431e+01 6.152692490941119274e+01
1.722624765210470343e+02 2.750949082318504324e+01 6.407105441550604041e+01
1.693030179753500875e+02 2.786636117833662851e+01 6.665061858104176906e+01
1.663780709949031973e+02 2.815831405140873045e+01 6.927404447468755677e+01
1.635148670418738277e+02 2.836510371910712536e+01 7.194437886600984200e+01
1.607130381869314704e+02 2.848783469232348509e+01 7.466094394586275484e+01
1.579723064590044430e+02 2.852753266195125903e+01 7.742308245530801969e+01
1.552923886381962859e+02 2.848521782109741096e+01 8.023014509364195135e+01
1.526729964314889969e+02 2.836190473155512137e+01 8.308149053795493444e+01
1.501138366350778597e+02 2.815860220038896955e+01 8.597648546124629831e+01
1.476146113080974089e+02 2.787631315109076979e+01 8.891450454916102331e+01
1.451889814054209467e+02 2.751360315924610589e+01 9.187634232287992120e+01
1.428931647201193584e+02 2.706278420943890595e+01 9.478422303642517477e+01
1.407296037522960717e+02 2.652690567965714408e+01 9.762966669777253514e+01
1.386906554352113119e+02 2.591612453404888683e+01 1.004096379795225715e+02
1.367394182939908376e+02 2.528572316551122512e+01 1.031004006408723512e+02
1.348654119125788213e+02 2.464881192638073770e+01 1.056986476122544900e+02
1.330663165841098987e+02 2.400576166706056469e+01 1.082070214022222103e+02
1.313398774479853728e+02 2.335693171785157318e+01 1.106280915824409021e+02
1.296838999357865418e+02 2.270267071933428227e+01 1.129643598926368213e+02
1.280962497712745858e+02 2.204331662236885592e+01 1.152182602405971608e+02
1.265748530154876477e+02 2.137919646867685586e+01 1.173921584119701862e+02
1.251177038718774668e+02 2.071073209382166880e+01 1.194884655841701289e+02
1.237232987173704117e+02 2.004484564895993870e+01 1.215166006397523972e+02
1.223899306780907494e+02 1.938545205874068600e+01 1.234828780631452361e+02
1.211156526201095289e+02 1.873237389437685252e+01 1.253891796224632031e+02
1.198985841125195861e+02 1.808543987768618067e+01 1.272373226333743048e+02
1.187369013534787001e+02 1.744448395071358959e+01 1.290290696960929324e+02
1.176288342586638720e+02 1.680934500683610366e+01 1.307661315095387806e+02
1.165726664612712966e+02 1.617986689076287732e+01 1.324501668713366200e+02
1.155667354062993724e+02 1.555589840724275952e+01 1.340827825866846013e+02
1.146094329696145309e+02 1.493729337823826420e+01 1.356655328699638403e+02
1.136994020293124379e+02 1.432399418042665218e+01 1.371999514537029938e+02
1.128330180072043447e+02 1.371498485415013313e+01 1.386872245012206406e+02
1.120003681490842382e+02 1.310659816845143233e+01 1.401275010547144291e+02
1.111976462169363487e+02 1.249766363896429056e+01 1.415214526868072085e+02
1.104241060884536552e+02 1.188826875668595484e+01 1.428700842027824365e+02
1.096790443762905198e+02 1.127851053678269544e+01 1.441743839702211289e+02
1.089617743674610182e+02 1.066848332166631863e+01 1.454353175250066386e+02
1.082716246772913280e+02 1.005827900142202047e+01 1.466538294058096881e+02
1.076079373348971018e+02 9.447987327430189097e+00 1.478308457631219994e+02
1.069700677831833815e+02 8.837695912366436701e+00 1.489672743592564927e+02
1.063573848788446128e+02 8.227490230201567556e+00 1.500640045683470589e+02
1.057692708923647302e+02 7.617453616201610878e+00 1.511219073763488723e+02
1.052051220063092813e+02 7.007667231170406907e+00 1.521418351777811040e+02
1.046638033233647747e+02 6.398247551957576995e+00 1.531248821069629003e+02
1.041427243378374641e+02 5.789410923115879903e+00 1.540728062177151401e+02
1.036401548455264958e+02 5.181314455130299201e+00 1.549869227354570285e+02
1.031556944364301245e+02 4.574050018792613415e+00 1.558678197656135751e+02
1.026899199754391674e+02 3.966377921298470888e+00 1.567187033193258401e+02
1.022431673814898261e+02 3.357080117399430019e+00 1.575428283207841389e+02
1.018150870448394159e+02 2.746266293787869017e+00 1.583406125353553477e+02
1.014053475392568231e+02 2.134021323473172416e+00 1.591125153655068232e+02
1.010136224023413973e+02 1.520428496440456190e+00 1.598589893831088773e+02
1.006395900793357754e+02 9.055695391587464949e-01 1.605804804064923701e+02
1.002829338401833610e+02 2.895246433976182976e-01 1.612774276142178280e+02
9.994334172421405071e+01 -3.276275145880319650e-01 1.619502636209466004e+02
9.962050646454979130e+01 -9.458097478298651550e-01 1.625994145811248757e+02
9.931153720579149535e+01 -1.566273132918351241e+00 1.632301912543842377e+02
9.901033584817182032e+01 -2.192008532619992067e+00 1.638540341685907720e+02
9.871664332222698590e+01 -2.823098555251548625e+00 1.644714112640960195e+02
9.843044886844042196e+01 -3.459499971334520030e+00 1.650823222068752614e+02
9.815174145717551824e+01 -4.101169495263765619e+00 1.656867669364950757e+02
9.788050978924296430e+01 -4.748063786121623053e+00 1.662847456657303553e+02
9.761674229590066432e+01 -5.400139447677910987e+00 1.668762588805648761e+02
9.736042714247273011e+01 -6.057353033538973364e+00 1.674613073377383330e+02
9.711155225751008402e+01 -6.719661088695319862e+00 1.680398920449943887e+02
9.687010525321893795e+01 -7.387020035796981077e+00 1.686120143148793034e+02
9.663607347131075187e+01 -8.059386239644602767e+00 1.691776757334561978e+02
9.640944400049841079e+01 -8.736716032022663114e+00 1.697368781484295823e+02
9.619020367649616787e+01 -9.418965711699465615e+00 1.702896236691448451e+02
9.597833908201970132e+01 -1.010609154442715862e+01 1.708359146665889057e+02
9.577383654678604330e+01 -1.079804976294169983e+01 1.713757537733895902e+02
9.557668214751360836e+01 -1.149479656696290952e+01 1.719091438838161707e+02
9.538686170792217922e+01 -1.219628812319440669e+01 1.724360881537787691e+02
9.520436079873294943e+01 -1.290248056532366583e+01 1.729565900008290669e+02
9.502916473766850913e+01 -1.361332999402197963e+01 1.734706531041596804e+02
9.486125858945278821e+01 -1.432879247694448388e+01 1.739782814046043882e+02
9.470062716581111317e+01 -1.504882404873013613e+01 1.744794791046384432e+02
9.454725502620149769e+01 -1.577338071114960805e+01 1.749742506676364542e+02
9.440112648827735597e+01 -1.650241843745597947e+01 1.754626008078768962e+02
9.426222562502439928e+01 -1.723589318126425951e+01 1.759445344960530520e+02
9.413053626971299082e+01 -1.797376088126959104e+01 1.764200569552738500e+02
