2.540000000000000000e+02 7.000000000000000000e+00 0.000000000000000000e+00
2.528932157218268060e+02 7.523644405772654586e+00 5.517588303117355597e-01
2.517532329387540528e+02 8.045391579717662722e+00 1.139641443269535204e+00
2.505789246204233791e+02 8.565208590325578797e+00 1.764831345914630534e+00
2.493691257727056723e+02 9.083061333000403081e+00 2.428551997924632389e+00
2.481226326962698749e+02 9.598914507223843984e+00 3.132067591791330319e+00
2.468382012099790188e+02 1.011273156183809974e+01 3.876684922248283982e+00
2.455145451869749422e+02 1.062447464995896418e+01 4.663754926681518143e+00
2.441503358534586425e+02 1.113410460737773455e+01 5.494673422987329303e+00
2.427442000288486952e+02 1.164158089835912868e+01 6.370882961372251962e+00
2.412947178792789202e+02 1.214686154645067084e+01 7.293875188237425533e+00
2.398004221081875471e+02 1.264990310955233710e+01 8.265191697885676092e+00
2.382597971955963487e+02 1.315066065648525395e+01 9.286424832989931488e+00
2.366712762007071831e+02 1.364908766851223376e+01 1.035922104907390562e+01
2.350332391655772994e+02 1.414513599017104184e+01 1.148528259424673692e+01
2.333440120330292871e+02 1.463875579594477827e+01 1.266636864783664151e+01
2.316018659562167556e+02 1.512989556899450783e+01 1.390429604690627841e+01
2.298050132676869737e+02 1.561850197700515963e+01 1.520094352781877234e+01
2.279516056094988414e+02 1.610451981459204873e+01 1.655825369382807466e+01
2.260397330266646065e+02 1.658789197537726068e+01 1.797823396901015869e+01
2.240674227482203094e+02 1.706855941444336011e+01 1.946295788088798773e+01
2.220326358721550832e+02 1.754646104622649005e+01 2.101456854872948554e+01
2.199332635206176008e+02 1.802153362609256959e+01 2.263528272924691009e+01
2.177671265165183740e+02 1.849371174037613130e+01 2.432739115689372866e+01
2.155319730310981470e+02 1.896292773391918374e+01 2.609326101922649599e+01
2.132254778527105543e+02 1.942911168754890383e+01 2.793533672633071419e+01
2.108452355402458522e+02 1.989219120719265987e+01 2.985614711516446818e+01
2.083887592903455754e+02 2.035209138898627756e+01 3.185830664153747804e+01
2.058534804163853948e+02 2.080873480322487268e+01 3.394451592835623899e+01
2.032367442102645612e+02 2.126204136689513291e+01 3.611756612007928879e+01
2.005378543037079169e+02 2.171493780372676952e+01 3.837595089912675661e+01
1.977747529232537147e+02 2.218329196126482827e+01 4.068745685444444149e+01
1.949818894887100384e+02 2.266030429623432596e+01 4.301467974276022943e+01
1.921626915947779253e+02 2.314484252292614741e+01 4.535412342157826515e+01
1.893170565541831536e+02 2.363694994503334712e+01 4.770579945683687129e+01
1.864448817869591721e+02 2.413666994037736302e+01 5.006971909373018548e+01
1.835460648240695321e+02 2.464404596014572135e+01 5.244589325432340843e+01
1.806204436185162194e+02 2.515923389620760275e+01 5.483428939600666752e+01
1.776819486462683244e+02 2.565586207449128509e+01 5.724506125683097935e+01
1.747428112623610446e+02 2.611075881924383069e+01 5.968718576291499289e+01
1.718029319103812895e+02 2.652387005850226487e+01 6.216081553629299350e+01
1.688961982204085075e+02 2.687365798407445538e+01 6.466121568129969432e+01
1.660592641587548712e+02 2.713719586333716194e+01 6.718307227338956977e+01
1.632903832263145887e+02 2.731603006509726583e+01 6.972648991873275293e+01
1.605880049261333795e+02 2.741156753164863957e+01 7.229155350545430281e+01
1.579506133835742503e+02 2.742517978848227855e+01 7.487835040197219882e+01
1.553767272489989466e+02 2.735820304019901883e+01 7.748697045401027594e+01
1.528648996841155849e+02 2.721193818390026564e+01 8.011750598425170722e+01
1.504137176760533521e+02 2.698765147903452188e+01 8.277005177803340530e+01
1.480218028943216950e+02 2.668657370380389793e+01 8.544470510857870238e+01
1.456878085327327881e+02 2.630990326449536454e+01 8.814156564347925382e+01
1.434104180470796734e+02 2.585880743583496866e+01 9.086073541003665355e+01
1.411883451551359769e+02 2.533442236098786182e+01 9.360231879526243404e+01
1.390203338817533734e+02 2.473785300637407403e+01 9.636642254807006225e+01
1.369051583099243032e+02 2.407017339897081598e+01 9.915315578043735911e+01
1.348416206934581680e+02 2.333242848544831460e+01 1.019626299104851910e+02
1.328358336457551729e+02 2.253713330800542280e+01 1.047747587293607268e+02
1.309262675589635307e+02 2.174970295439718626e+01 1.074777254820039332e+02
1.291146178328708345e+02 2.097998070403569670e+01 1.100589893219229225e+02
1.273961657383190271e+02 2.022751119662681774e+01 1.125239875662321083e+02
1.257664067731043929e+02 1.949185259405579984e+01 1.148779184923415784e+02
1.242210404418360952e+02 1.877257641013009959e+01 1.171257522225731833e+02
1.227559685179451634e+02 1.806926740681455712e+01 1.192722326569643485e+02
1.213672950279664633e+02 1.738152357328592856e+01 1.213218775126187836e+02
1.200513027124726051e+02 1.670895492388522285e+01 1.232790042790047806e+02
1.188044417181432948e+02 1.605118290793135927e+01 1.251477427005400784e+02
1.176233282814206689e+02 1.540784033277951082e+01 1.269320362386837928e+02
1.165047455169085140e+02 1.477857137972983814e+01 1.286356412292310267e+02
1.154456285183024562e+02 1.416303083134101470e+01 1.302621433236923281e+02
1.144430491402759742e+02 1.356088326379824238e+01 1.318149743028577063e+02
1.134942152694434157e+02 1.297180300567006483e+01 1.332974128850557634e+02
1.125964701275179323e+02 1.239547407313126470e+01 1.347125855264387440e+02
1.117472888852571629e+02 1.183158999167376102e+01 1.360634701604847407e+02
1.109442593555916545e+02 1.127985275459385051e+01 1.373529175474434396e+02
1.101850796493746287e+02 1.073997269366041962e+01 1.385836538697349454e+02
1.094675569741636423e+02 1.021166840096335982e+01 1.397582820748491201e+02
1.087896093514479361e+02 9.694666800039797749e+00 1.408792799999538374e+02
1.081492533137579812e+02 9.188702480286030649e+00 1.419490139784620624e+02
1.075445938890655668e+02 8.693517133874202329e+00 1.429697499401447942e+02
1.069738245472377258e+02 8.208859552308314989e+00 1.439436534709487034e+02
1.064352284132566524e+02 7.734485670413770109e+00 1.448727884948855831e+02
1.059271708020473994e+02 7.270158138503042267e+00 1.457591255564438484e+02
1.054480937196292132e+02 6.815646017328993445e+00 1.466045479103886464e+02
1.049965270911676214e+02 6.370736286605262144e+00 1.474108117989781590e+02
1.045670832072993761e+02 5.931769281826425377e+00 1.481921138065843877e+02
1.041538082123404649e+02 5.494240435044518200e+00 1.489654143561759554e+02
1.037562965986041519e+02 5.058244665826137521e+00 1.497308208971977876e+02
1.033741696868346480e+02 4.623853298110632615e+00 1.504884769624672174e+02
1.030070574142293651e+02 4.191134530039322570e+00 1.512385236758429414e+02
1.026545949351909286e+02 3.760154480863643123e+00 1.519810998547798420e+02
1.023164226213271490e+02 3.330977190945139998e+00 1.527163420103288161e+02
1.019921850701504411e+02 2.903664920256542992e+00 1.534443843717895106e+02
1.016815192101699949e+02 2.478281666562155650e+00 1.541653591011267395e+02
1.013840692897465914e+02 2.054888653077897587e+00 1.548793958940777031e+02
1.010994900287808491e+02 1.633543557002488100e+00 1.555866220998293556e+02
1.008274447437876375e+02 1.214301091450005865e+00 1.562871627879474659e+02
1.005676053478959489e+02 7.972130054498931528e-01 1.569811407483767596e+02
1.003196522783182729e+02 3.823281120636302099e-01 1.576686765088835784e+02
1.000832744914101795e+02 -3.030771501342317126e-02 1.583498883393118319e+02
9.985816888042064932e+01 -4.406512690550107858e-01 1.590248923646681192e+02
9.964403989102360981e+01 -8.486618387983789757e-01 1.596938026446220249e+02
9.944059951975415856e+01 -1.254301207773193871e+00 1.603567311738444801e+02
9.924756721718208041e+01 -1.657533614680420042e+00 1.610137879040903499e+02
9.906466993885503314e+01 -2.058325779168718395e+00 1.616650807354247661e+02
9.889164160096068201e+01 -2.456646655645619681e+00 1.623107156268366964e+02
9.872822278107024374e+01 -2.852467301274033584e+00 1.629507966589774526e+02
9.857416071590286322e+01 -3.245760875007576374e+00 1.635854260346424098e+02
9.842920910486714092e+01 -3.636502555082741228e+00 1.642147041223523445e+02
9.829312844627406776e+01 -4.024669688988907090e+00 1.648387293868289873e+02
9.816568537124055638e+01 -4.410241499734230075e+00 1.654575985286897435e+02
9.804665228561825074e+01 -4.793198929777758188e+00 1.660714065606017869e+02
9.793580736999332714e+01 -5.173524641029427329e+00 1.666802468072821171e+02
9.783293456640264196e+01 -5.551203009338398608e+00 1.672842109084829474e+02
9.773782334190158849e+01 -5.926220031298704782e+00 1.678833888749648224e+02
9.765026920559810719e+01 -6.298563545067922043e+00 1.684778689759161523e+02
9.757007286706604532e+01 -6.668222867419833833e+00 1.690677379201715667e+02
9.749703992761708093e+01 -7.035188663262914588e+00 1.696530809242254350e+02
9.743098088030096449e+01 -7.399452945640329737e+00 1.702339817122320369e+02
9.737171110990550460e+01 -7.761009075729936590e+00 1.708105225160053919e+02
9.731905081820268322e+01 -8.119851733561402440e+00 1.713827840928212822e+02
9.727282492724872043e+01 -8.475976891706256566e+00 1.719508457551235097e+02
9.723286354790590735e+01 -8.829381999264155567e+00 1.725147852592087361e+02
9.719900097373438541e+01 -9.180065565228483493e+00 1.730746790318333694e+02
9.717107555794598284e+01 -9.528027108682540103e+00 1.736306021985911343e+02
