2.540000000000000000e+02 7.000000000000000000e+00 0.000000000000000000e+00
2.530103504436952164e+02 7.422999530860107775e+00 6.650627214670321585e-01
2.519963411511239144e+02 7.855744305899042601e+00 1.346676293667481428e+00
2.509573838556726457e+02 8.298469357738190055e+00 2.045239007225093442e+00
2.498928759770483339e+02 8.751415437542441111e+00 2.761158844832011461e+00
2.488014477474684725e+02 9.214518292871527905e+00 3.494754579439963038e+00
2.476761055745326701e+02 9.685369328999325234e+00 4.245582446992721692e+00
2.465145412217721059e+02 1.016342963636452446e+01 5.013749206871911390e+00
2.453160997552457445e+02 1.064884360930801144e+01 5.799579614835613128e+00
2.440800736032338136e+02 1.114174131745918217e+01 6.603398838526953973e+00
2.428046499046973565e+02 1.164169734781607701e+01 7.427572684072275777e+00
2.414790023838777415e+02 1.214382495327006062e+01 8.290989453666055553e+00
2.400989648720290006e+02 1.264690250098810331e+01 9.199634789287120640e+00
2.386626977002175067e+02 1.315095196799089905e+01 1.015505417535149313e+01
2.371682974837940492e+02 1.365599610957202437e+01 1.115884662375317937e+01
2.356137959223852079e+02 1.416205847397233697e+01 1.221266568197625091e+01
2.339971581496637896e+02 1.466916342256001826e+01 1.331822081943283642e+01
2.323162818125320257e+02 1.517733614109080342e+01 1.447727820102815954e+01
2.305689914053417056e+02 1.568660270899257902e+01 1.569166544691188747e+01
2.287530370305568965e+02 1.619699011452071602e+01 1.696327267362936553e+01
2.268660934711840866e+02 1.670852626610099634e+01 1.829405327335949139e+01
2.249057564107668554e+02 1.722124003855358865e+01 1.968602708945521940e+01
2.228695109157248453e+02 1.773516508810625680e+01 2.114128476649244703e+01
2.207582136753261182e+02 1.824988098457654218e+01 2.266175161123640081e+01
2.185932117155213064e+02 1.876228351430314945e+01 2.424795804445490788e+01
2.163780833497083336e+02 1.927164262536041406e+01 2.590160640571902562e+01
2.141113387468170970e+02 1.977789200618731158e+01 2.762479491938209719e+01
2.117914401108072298e+02 2.028096344549523522e+01 2.941968865895590213e+01
2.094167993827711598e+02 2.078078674030627582e+01 3.128852274899251995e+01
2.069857782252505274e+02 2.127728969532471481e+01 3.323360238694129976e+01
2.044967463245012311e+02 2.177038317813523349e+01 3.525720608051464211e+01
2.019499560420622686e+02 2.225948856330915504e+01 3.735848008897327333e+01
1.993680060235468545e+02 2.273853458489804069e+01 3.949974362488233481e+01
1.967562215504091228e+02 2.320602373334359214e+01 4.167223402795439569e+01
1.941145670465687658e+02 2.366182561457119959e+01 4.387609330747783787e+01
1.914430079945690011e+02 2.410580957302377314e+01 4.611146316736575557e+01
1.887415109831948712e+02 2.453784472915675252e+01 4.837848495825284800e+01
1.860100437074728745e+02 2.495779997943808937e+01 5.067729967749541231e+01
1.832485749686711074e+02 2.536554399634824719e+01 5.300804796917137907e+01
1.804570746742992355e+02 2.576094522838020850e+01 5.537087012408026965e+01
1.776355138381085794e+02 2.614387190003948902e+01 5.776590607974322467e+01
1.747838645800920290e+02 2.651419201184410213e+01 6.019329542040298975e+01
1.719021001264839867e+02 2.687177334032459086e+01 6.265317737702395107e+01
1.689901948092431780e+02 2.721648343815193272e+01 6.514569082754070450e+01
1.660517658466942521e+02 2.754537148681073333e+01 6.767144210496688572e+01
1.631551005327044379e+02 2.780575080600178950e+01 7.023910007763811336e+01
1.603242690808454824e+02 2.797982790610947745e+01 7.285111741285750497e+01
1.575588954885297142e+02 2.806879972337632267e+01 7.550674957289641043e+01
1.548585746681959847e+02 2.807387364373995453e+01 7.820525885406938471e+01
1.522228973347188230e+02 2.799624816781026482e+01 8.094591764071363116e+01
1.496514500054084635e+02 2.783711291086940065e+01 8.372800840518907250e+01
1.471438149960709154e+02 2.759764863254907041e+01 8.655082368562378292e+01
1.446992813357398688e+02 2.727907341378217865e+01 8.941406054078873922e+01
1.423457237516688281e+02 2.687819587416255374e+01 9.227815750839650377e+01
1.401272862581300842e+02 2.639090395012841128e+01 9.507853319864453567e+01
1.380408645107230257e+02 2.582140186884427990e+01 9.781372076972395746e+01
1.360764913878468292e+02 2.518277401866411935e+01 1.004797758300673536e+02
1.341949354199651054e+02 2.453128672337457061e+01 1.030540186074110665e+02
1.323881620252502387e+02 2.387575244971226951e+01 1.055354649015959723e+02
1.306538526567868530e+02 2.321647576039393002e+01 1.079268652508530693e+02
1.289897533990685190e+02 2.255375157093758176e+01 1.102308943855367005e+02
1.273936745879310024e+02 2.188786520826067417e+01 1.124501516725091648e+02
1.258634909594101146e+02 2.121909238747703341e+01 1.145871609412827468e+02
1.243971325648501249e+02 2.054759002952677349e+01 1.166442540828317931e+02
1.229929870594480263e+02 1.987903827458262640e+01 1.186296626259808278e+02
1.216494442759408656e+02 1.921900139777749317e+01 1.205516294856407171e+02
1.203645068867037651e+02 1.856713253069948522e+01 1.224120413851970142e+02
1.191362540748916956e+02 1.792319740550023610e+01 1.242128272645754379e+02
1.179628265991367329e+02 1.728696929808769056e+01 1.259558542905345888e+02
1.168424213482497578e+02 1.665822836025142450e+01 1.276429333206668133e+02
1.157732913412204283e+02 1.603676161966265212e+01 1.292758189033981182e+02
1.147537457575544408e+02 1.542236298359541991e+01 1.308562092475455927e+02
1.137821505081535776e+02 1.481483330895478012e+01 1.323857456494400822e+02
1.128569240963619364e+02 1.421397989462679412e+01 1.338660166460984726e+02
1.119765340535664109e+02 1.361961604430064021e+01 1.352985615918592543e+02
1.111394969071622540e+02 1.303156106254242985e+01 1.366848706905140318e+02
1.103432294865009595e+02 1.244916840981180783e+01 1.380262328398203522e+02
1.095777704472795477e+02 1.186873109534627879e+01 1.393227632278588146e+02
1.088400959473777618e+02 1.128935801193427046e+01 1.405752276002505994e+02
1.081291552029730809e+02 1.071095826051803535e+01 1.417846028427736087e+02
1.074441275494818058e+02 1.013352695155414551e+01 1.429518645597587465e+02
1.067844214732965469e+02 9.557144812016353796e+00 1.440779869998662548e+02
1.061494736651326036e+02 8.981896556763988571e+00 1.451639265843118380e+02
1.055386207809024484e+02 8.407818802372364786e+00 1.462106088104480648e+02
1.049512492102867043e+02 7.834961221132504150e+00 1.472189412762345739e+02
1.043868778337869685e+02 7.263365686742561778e+00 1.481897543734274052e+02
1.038441417331887635e+02 6.693120656714880212e+00 1.491242953040452619e+02
1.033210125614630783e+02 6.124350580862789606e+00 1.500241046005604346e+02
1.028157746735370353e+02 5.557164134753491247e+00 1.508905356369309345e+02
1.023278734386224471e+02 4.991614574936956927e+00 1.517243362369886484e+02
1.018577016511666216e+02 4.426529745043689346e+00 1.525284639008916940e+02
1.014057947001647335e+02 3.860518027664060270e+00 1.533062396170754198e+02
1.009718012473305322e+02 3.293666921676743797e+00 1.540581169404448474e+02
1.005553865166031358e+02 2.726044237845069329e+00 1.547845768354277709e+02
1.001562211852108533e+02 2.157716419666750429e+00 1.554860924520645824e+02
9.977398131180606811e+01 1.588748562593592650e+00 1.561631292291474438e+02
9.940834824712509032e+01 1.019204438015872904e+00 1.568161450221191728e+02
9.905894809427131520e+01 4.491153696052493371e-01 1.574457033021913901e+02
9.872014199050217087e+01 -1.242401307448854075e-01 1.580622421489393901e+02
9.838839179680441305e+01 -7.026168676183188744e-01 1.586723479190208650e+02
9.806368731112016235e+01 -1.285973983196265324e+00 1.592760227920382476e+02
9.774601864347472713e+01 -1.874270288750360836e+00 1.598732681573528680e+02
9.743537565666839839e+01 -2.467464561868947026e+00 1.604640856650983665e+02
9.713174796657459353e+01 -3.065515547009204589e+00 1.610484772259746933e+02
9.683512491011651946e+01 -3.668381910337118690e+00 1.616264450357143971e+02
9.654549558003553500e+01 -4.276022287782499376e+00 1.621979915483016157e+02
9.626284882742677951e+01 -4.888395288562883856e+00 1.627631194740248759e+02
9.598717326173904496e+01 -5.505459495183537832e+00 1.633218317794769803e+02
9.571845725077488964e+01 -6.127173463437454615e+00 1.638741316875553764e+02
9.545668892069048184e+01 -6.753495722405353341e+00 1.644200226774618443e+02
9.520185615599584139e+01 -7.384384774455680756e+00 1.649595084847025248e+02
9.495394659955456973e+01 -8.019799095244616538e+00 1.654925931010881754e+02
9.471294765258407722e+01 -8.659697133716056427e+00 1.660192807747337440e+02
9.447884647506471367e+01 -9.304037312616962652e+00 1.665395760097314337e+02
9.425163003190972688e+01 -9.952778085835074506e+00 1.670534835291180400e+02
9.403128501238563786e+01 -1.060587783489890157e+01 1.675610083387248324e+02
9.381779783994599597e+01 -1.126329488300879689e+01 1.680621557197071070e+02
9.361115471723304893e+01 -1.192498755216802309e+01 1.685569311927297633e+02
9.341134162607767166e+01 -1.259091416318275947e+01 1.690453405179674178e+02
9.321834432749945165e+01 -1.326103303566209846e+01 1.695273896951044890e+02
9.303214836170660362e+01 -1.393530248801804561e+01 1.700030849633350272e+02
9.285273904809605483e+01 -1.461368083746552315e+01 1.704724328013628565e+02
9.268010148525335978e+01 -1.529612640002237001e+01 1.709354399274015179e+02
9.251422055095274288e+01 -1.598259749050932577e+01 1.713921132991741842e+02
