2.540000000000000000e+02 7.000000000000000000e+00 0.000000000000000000e+00
2.528717599252082096e+02 7.542448371262783446e+00 5.032679753564087699e-01
2.517110861167132327e+02 8.082986125240120501e+00 1.042125284683434572e+00
2.505168550835232679e+02 8.621586141433731143e+00 1.617749569628059936e+00
2.492879049264871583e+02 9.158220285126816407e+00 2.231358854516260593e+00
2.480230345511891414e+02 9.692859386717220360e+00 2.884212373752665481e+00
2.467210018190150436e+02 1.022547319317111558e+01 3.577612515416897843e+00
2.453805221237415140e+02 1.075603033064957259e+01 4.312906317546752355e+00
2.440002676697934874e+02 1.128449828555620194e+01 5.091486226830890693e+00
2.425788654038208563e+02 1.181084335022621623e+01 5.914792272935347484e+00
2.411148950595637928e+02 1.233503057159058613e+01 6.784314123732080759e+00
2.396068882402974225e+02 1.285702372708147401e+01 7.701592049836886389e+00
2.380533275102087316e+02 1.337678530077215733e+01 8.668217879752148747e+00
2.364526428412302721e+02 1.389427639007856818e+01 9.685838734951646600e+00
2.348032106088762703e+02 1.440945667939165808e+01 1.075615808545760288e+01
2.331033523052620922e+02 1.492228440628033503e+01 1.188093710271444614e+01
2.313513334157258896e+02 1.543271633199183057e+01 1.306199584048980533e+01
2.295453590162593969e+02 1.594070762584548717e+01 1.430121786285251240e+01
2.276835729654305283e+02 1.644621184401325564e+01 1.560055109362480863e+01
2.257640562275010723e+02 1.694918088548258694e+01 1.696200957912548546e+01
2.237848261600061051e+02 1.744956497334692003e+01 1.838767423707123783e+01
2.217438310958417276e+02 1.794731251253325510e+01 1.987969855189081869e+01
2.196389488722721524e+02 1.844237005117379269e+01 2.144031012103552314e+01
2.174679855485620124e+02 1.893468224692890800e+01 2.307181200300798452e+01
2.152286740644623251e+02 1.942419183175426056e+01 2.477658412757387296e+01
2.129186700133103329e+02 1.991083950090189347e+01 2.655708773908266451e+01
2.105355472254183553e+02 2.039456379693648458e+01 2.841587003922372645e+01
2.080767976610552807e+02 2.087530110692469520e+01 3.035556429952483981e+01
2.055398289290090474e+02 2.135298559726513901e+01 3.237889246985206881e+01
2.029219598783008678e+02 2.182754909792198461e+01 3.448866981241581442e+01
2.002206424319361133e+02 2.229925130350915552e+01 3.668732238725830541e+01
1.974444971074439650e+02 2.278323268016651326e+01 3.895414574313219447e+01
1.946291359491800961e+02 2.327887742297550844e+01 4.124637918557991867e+01
1.917876877066921679e+02 2.378188979018596783e+01 4.355092367794215136e+01
1.889200345274190340e+02 2.429231596448494912e+01 4.586780934732122716e+01
1.860260705019274212e+02 2.481019834813272595e+01 4.819705439374237699e+01
1.831056897434172299e+02 2.533557943013067515e+01 5.053867676936039288e+01
1.801587863909841758e+02 2.586850178558346158e+01 5.289269417619587443e+01
1.771852546135556850e+02 2.640900807494075053e+01 5.525912406337817373e+01
1.741924967476965946e+02 2.694315202700797229e+01 5.764325518345810906e+01
1.711991523575632357e+02 2.743605557176885057e+01 6.005829925179584450e+01
1.682059490794584633e+02 2.788621720951975647e+01 6.250492366847056758e+01
1.652265011904232495e+02 2.828493743886375356e+01 6.498129298661170594e+01
1.623137723443717846e+02 2.859886938167926829e+01 6.747979946367939874e+01
1.594720194267474653e+02 2.882578933627072715e+01 6.999965982104917828e+01
1.566995984312390817e+02 2.896720563187109576e+01 7.254093819180560843e+01
1.539948560092207686e+02 2.902461684777544448e+01 7.510370872542432608e+01
1.513561771644623661e+02 2.899948279164158293e+01 7.768804816606682095e+01
1.487819848554484850e+02 2.889322488878568862e+01 8.029403583938788813e+01
1.462707399952077196e+02 2.870722618234848511e+01 8.292175365253073949e+01
1.438209407729728184e+02 2.844283199268245710e+01 8.557128607663074149e+01
1.414311234343508943e+02 2.810134915257471988e+01 8.824272017383471223e+01
1.390998592375152896e+02 2.768404898575876771e+01 9.093614549752739151e+01
1.368257526068136940e+02 2.719216911010016702e+01 9.365165403568116176e+01
1.346074411327679741e+02 2.662691343759653506e+01 9.638934021085614745e+01
1.324435956244719534e+02 2.598945212247743797e+01 9.914930088259133356e+01
1.303328551532920869e+02 2.528080851601367129e+01 1.019318275114823393e+02
1.282993729427304288e+02 2.454697375098987777e+01 1.046611122305822477e+02
1.263651740505982417e+02 2.383326599738644092e+01 1.072643278177827710e+02
1.245256148585339702e+02 2.313919181604535424e+01 1.097468884010366281e+02
1.227761730409523722e+02 2.246411681981180308e+01 1.121142354840429078e+02
1.211125304178598014e+02 2.180742976250548892e+01 1.143715709983296733e+02
1.195305713617347578e+02 2.116854236602275918e+01 1.165238591643316681e+02
1.180263824786155737e+02 2.054688926892492162e+01 1.185758268825285455e+02
1.165962299681508227e+02 1.994192574509469651e+01 1.205319899869671900e+02
1.152365480416789723e+02 1.935312652498490138e+01 1.223966666887026662e+02
1.139439375505377825e+02 1.877998564783713675e+01 1.241739791770022521e+02
1.127151666064718114e+02 1.822201650343596313e+01 1.258678529228840404e+02
1.115471545709206964e+02 1.767875020559731780e+01 1.274820352598760138e+02
1.104369583943397686e+02 1.714973419017227840e+01 1.290201112532491834e+02
1.093817689773019026e+02 1.663452462054438641e+01 1.304855268641613293e+02
1.083788639203460775e+02 1.613252527569394346e+01 1.318820593053617642e+02
1.074256372273415252e+02 1.564307169045051182e+01 1.332135722236656932e+02
1.065196474147372641e+02 1.516565981138891850e+01 1.344833645880362951e+02
1.056586184285733339e+02 1.469995577554065314e+01 1.356941436133612626e+02
1.048403976832300373e+02 1.424568816112768488e+01 1.368483438908642711e+02
1.040629152852237382e+02 1.380253078362224173e+01 1.379484714944976815e+02
1.033242000269477785e+02 1.337018241906383764e+01 1.389968817110934367e+02
1.026223677940993042e+02 1.294835096325910762e+01 1.399958305906754106e+02
1.019556218275865973e+02 1.253675344982737450e+01 1.409474746588687708e+02
1.013222525129372968e+02 1.213511600220123121e+01 1.418538711868332882e+02
1.007206283907004689e+02 1.174317311481528670e+01 1.427169881772588553e+02
1.001491939043578157e+02 1.136066746347026779e+01 1.435387068771206032e+02
9.960633718460641717e+01 1.098724080217210997e+01 1.443212206129180970e+02
9.908541973710315176e+01 1.061813577072928183e+01 1.450825645388877660e+02
9.858174445355540172e+01 1.024991816620872065e+01 1.458357419519597897e+02
9.809492529666918870e+01 9.882727441864817663e+00 1.465807326784041322e+02
9.762453005112526228e+01 9.516650710610218056e+00 1.473176886073931371e+02
9.717013840823635462e+01 9.151770687574499519e+00 1.480467586068533592e+02
9.673134011565768731e+01 8.788166554145083964e+00 1.487680888885562922e+02
9.630773492844107864e+01 8.425913980873486864e+00 1.494818230177473026e+02
9.589893260903485839e+01 8.065085127475303040e+00 1.501881019131454593e+02
9.550455292725166601e+01 7.705748642844295837e+00 1.508870638469503831e+02
9.512422535017704206e+01 7.347969790494446762e+00 1.515788445172258037e+02
9.475758964538131579e+01 6.991810169476683434e+00 1.522635769273716448e+02
9.440429482910406023e+01 6.637328210155693853e+00 1.529413915910004960e+02
9.406399833664916343e+01 6.284579544014020414e+00 1.536124167058093235e+02
9.373636602238470061e+01 5.933617003652057242e+00 1.542767781535798122e+02
9.342107215974323253e+01 5.584490622788050196e+00 1.549345995001780807e+02
9.311779941895319723e+01 5.237247645499619075e+00 1.555860020006181514e+02
9.282623861832566092e+01 4.891932616831988767e+00 1.562311046629025668e+02
9.254608929566821018e+01 4.548587138630487026e+00 1.568700241221658018e+02
9.227705843352181603e+01 4.207250440929867885e+00 1.575028749060209918e+02
9.201886009587497028e+01 3.867959538777042905e+00 1.581297695136572941e+02
9.177121542816351507e+01 3.530749232231081614e+00 1.587508184158399729e+02
9.153385265727085596e+01 3.195652106363212397e+00 1.593661300549100588e+02
9.130650706211682177e+01 2.862698541352529435e+00 1.599758108526919500e+02
9.108892095912550246e+01 2.531916698935456012e+00 1.605799652251216969e+02
9.088084356962777122e+01 2.203332598809713438e+00 1.611786956000337909e+02
9.068203023569274990e+01 1.876970454216785322e+00 1.617721025895885134e+02
9.049224234645897980e+01 1.552852701432651639e+00 1.623602850076474056e+02
9.031124733813430794e+01 1.230999999767786957e+00 1.629433398697735811e+02
9.013881867440497331e+01 9.114312378551931992e-01 1.635213623987513358e+02
8.997473582317589091e+01 5.941635325645115984e-01 1.640944460360852020e+02
8.981878400647767080e+01 2.792123441206436074e-01 1.646626824923115180e+02
8.967075375303360829e+01 -3.340833835102959698e-02 1.652261618488132910e+02
8.953044087090101755e+01 -3.436859862132583543e-01 1.657849725644698822e+02
8.939764642182448995e+01 -6.516095216077201213e-01 1.663392014820283009e+02
8.927217668483473290e+01 -9.571693081626329036e-01 1.668889338397435438e+02
8.915384305335054194e+01 -1.260357105704297043e+00 1.674342532932775214e+02
8.904246159549028050e+01 -1.561165890812078016e+00 1.679752420174227723e+02
8.893785301988495462e+01 -1.859589843196918890e+00 1.685119807142027923e+02
8.883984263765316314e+01 -2.155624331075490119e+00 1.690445486221849478e+02
8.874826031248467473e+01 -2.449265896262426079e+00 1.695730235311905574e+02
