2.540000000000000000e+02 7.000000000000000000e+00 0.000000000000000000e+00
2.528374537751759874e+02 7.486905749494717988e+00 7.787082352499480331e-01
2.516368136553185195e+02 7.981393413092110478e+00 1.575433984983530378e+00
2.503973568061203139e+02 8.483594304102878070e+00 2.390503480629618149e+00
2.491183476134965531e+02 8.993642016015060747e+00 3.224248676368237643e+00
2.477990199980527279e+02 9.511663517933561351e+00 4.077039703961420791e+00
2.464310921278585340e+02 1.003407884463200439e+01 4.962903967762549939e+00
2.450063743209950644e+02 1.055764227015084167e+01 5.895158187016336093e+00
2.435229430117003346e+02 1.108236326715532449e+01 6.875420302310240928e+00
2.419788398031087127e+02 1.160826690127744776e+01 7.905307386539067060e+00
2.403720405547533687e+02 1.213537909003053272e+01 8.986490802707939096e+00
2.387004540658305700e+02 1.266372661988950199e+01 1.012069729125885154e+01
2.369619202046170301e+02 1.319333717055488542e+01 1.130971051475901668e+01
2.351542050883907109e+02 1.372423937747648637e+01 1.255537503821002865e+01
2.332750004272253079e+02 1.425646284036526268e+01 1.385959687092712223e+01
2.313219215939689946e+02 1.479003814822885055e+01 1.522434506030769441e+01
2.292925040698340240e+02 1.532499692547741432e+01 1.665165462698044152e+01
2.271842006796408953e+02 1.586137186778669772e+01 1.814362884787809094e+01
2.249957446466295039e+02 1.639902816848433886e+01 1.970237302590031092e+01
2.227460616723101907e+02 1.693534597642418404e+01 2.132901663528681624e+01
2.204427108916358691e+02 1.746914243146878931e+01 2.302523578706164642e+01
2.180855579945005616e+02 1.800018448604912891e+01 2.479314153954747724e+01
2.156731885052617201e+02 1.852839189957891719e+01 2.663497094935483744e+01
2.132034955104777509e+02 1.905376288301302168e+01 2.855306195415992576e+01
2.106748668884666529e+02 1.957622455929422856e+01 3.054980275579077542e+01
2.080855244603469600e+02 2.009571661222819827e+01 3.262766222136949779e+01
2.054336317348677028e+02 2.061217716725035842e+01 3.478918794003281079e+01
2.027278929719554981e+02 2.112285907704417198e+01 3.701989091144531585e+01
1.999902542478722012e+02 2.162187352966651233e+01 3.928417821276094202e+01
1.972217861047964504e+02 2.210880823811800866e+01 4.158042054726283965e+01
1.944226603070428325e+02 2.258348454674558425e+01 4.390844926428166417e+01
1.915928789198405582e+02 2.304576979676261672e+01 4.626837498230806744e+01
1.887323770741168971e+02 2.349554902845105531e+01 4.866041870467173425e+01
1.858411818376779934e+02 2.393268225462428589e+01 5.108465202109364611e+01
1.829193004097920721e+02 2.435703559215680514e+01 5.354118125980458132e+01
1.799667415631304550e+02 2.476847510533305297e+01 5.603011192175728183e+01
1.769835156669106482e+02 2.516686679944407246e+01 5.855154864249228552e+01
1.739696346878760096e+02 2.555207662369059918e+01 6.110559518981881411e+01
1.709251121971265377e+02 2.592397048034222351e+01 6.369235445411084839e+01
1.678497198854947499e+02 2.628260513781888363e+01 6.631189645287362566e+01
1.647909199061372760e+02 2.659074679696505328e+01 6.897047681269266661e+01
1.618048340083575170e+02 2.680514946447947011e+01 7.167487529114882250e+01
1.588914938165020772e+02 2.692685079113219615e+01 7.442426191374296707e+01
1.560503866689555537e+02 2.695730086824688243e+01 7.721774787742116075e+01
1.532809948503914086e+02 2.689793830369039540e+01 8.005445728589633347e+01
1.505827958471889190e+02 2.675019008599119275e+01 8.293352712214891653e+01
1.479552625873508021e+02 2.651547145789863436e+01 8.585410722160177954e+01
1.453978637025078910e+02 2.619518578286493238e+01 8.881536023901961130e+01
1.429113950875447472e+02 2.579052818509314449e+01 9.181462821387427198e+01
1.405419232981138578e+02 2.529665359222892107e+01 9.478583641298395435e+01
1.383172163540035058e+02 2.471327420193456348e+01 9.768496939856390782e+01
1.362172103249353938e+02 2.406757301621867029e+01 1.005026423446058033e+02
1.342014861254932043e+02 2.341569571185870302e+01 1.032176401761608133e+02
1.322655569309132204e+02 2.276068446865042461e+01 1.058319511122181353e+02
1.304068803230103413e+02 2.210284017764129061e+01 1.083486404896621309e+02
1.286230022253296852e+02 2.144243641321706306e+01 1.107706892284016220e+02
1.269115382684296378e+02 2.077973777011779077e+01 1.131009944250808132e+02
1.252701737833344282e+02 2.011499986431301679e+01 1.153423693609310305e+02
1.236966553037947563e+02 1.944831138516404323e+01 1.174973731961544701e+02
1.221889500615802859e+02 1.878250040232249063e+01 1.195714392905055661e+02
1.207453116381093565e+02 1.812511968506067461e+01 1.215751510610741093e+02
1.193636782663603526e+02 1.747758447134404847e+01 1.235125724873817461e+02
1.180419564878357193e+02 1.683957346213130890e+01 1.253858353540157538e+02
1.167781243714901365e+02 1.621079775045064864e+01 1.271970231840864471e+02
1.155702305421798854e+02 1.559097852800575090e+01 1.289481468740774517e+02
1.144163843169197037e+02 1.497984567248088794e+01 1.306411548483769423e+02
1.133147553373220120e+02 1.437713769489852211e+01 1.322779334376747897e+02
1.122635735848073182e+02 1.378260174179783348e+01 1.338603068633029523e+02
1.112611301265708192e+02 1.319599370207984990e+01 1.353900364692557332e+02
1.103057726220583845e+02 1.261707756344322817e+01 1.368688253481767845e+02
1.093959022000993428e+02 1.204562496512294345e+01 1.382983215562942974e+02
1.085299729369225474e+02 1.148141512313532431e+01 1.396801186507799173e+02
1.077021179905371469e+02 1.092249333546269341e+01 1.410151752631212787e+02
1.069033429682646101e+02 1.036562697016967149e+01 1.423037595564302933e+02
1.061320651498600256e+02 9.810506401616272854e+00 1.435468739310459227e+02
1.053877009315826996e+02 9.257211189418871555e+00 1.447456162613817696e+02
1.046698496163572969e+02 8.705751377266022217e+00 1.459008908092848458e+02
1.039782211967507379e+02 8.156136790971961759e+00 1.470135446801760679e+02
1.033107860824657109e+02 7.608458125953703188e+00 1.480852855328255941e+02
1.026656933940791987e+02 7.062798812618680699e+00 1.491177021965710310e+02
1.020414215680190892e+02 6.519228045647835756e+00 1.501121883237905195e+02
1.014367783565643037e+02 5.977800783995614431e+00 1.510699423899028773e+02
1.008509008278448249e+02 5.438557750889962072e+00 1.519919676933673713e+02
1.002832553658414980e+02 4.901525433832323309e+00 1.528790723556838032e+02
9.973354755575392971e+01 4.366719528908251213e+00 1.537319239713913248e+02
9.920148826673256792e+01 3.833885299159479398e+00 1.545517954428519261e+02
9.868790834622538455e+01 3.300971039377725180e+00 1.553432338887868127e+02
9.819270479624044867e+01 2.767601854083051371e+00 1.561075791870126750e+02
9.771552806975573446e+01 2.233837897868311995e+00 1.568453436204436855e+02
9.725603608885975859e+01 1.699735500706601288e+00 1.575570354462184355e+02
9.681389248179172569e+01 1.165349811490239418e+00 1.582431544284975473e+02
9.638740547919859125e+01 6.300438141919719737e-01 1.589066968725313700e+02
9.596909555717301998e+01 9.017095858386162122e-02 1.595613536449104686e+02
9.555783887012654532e+01 -4.547895990589599924e-01 1.602091789083704043e+02
9.515363012112322849e+01 -1.004797379981630989e+00 1.608501720354468603e+02
9.475646373248905263e+01 -1.559811847551371367e+00 1.614843326967121016e+02
9.436633384696430937e+01 -2.119792409081217244e+00 1.621116608598053404e+02
9.398323432770362729e+01 -2.684698415830017559e+00 1.627321567894329064e+02
9.360715875827608556e+01 -3.254489163002435070e+00 1.633458210473681333e+02
9.323810044478059922e+01 -3.829123892967406739e+00 1.639526544906504739e+02
9.287605243665815635e+01 -4.408561826705414965e+00 1.645526582538385014e+02
9.252100747363425626e+01 -4.992762082308075833e+00 1.651458337940416925e+02
9.217295801710422154e+01 -5.581683722562054584e+00 1.657321828641825618e+02
9.183189626340144684e+01 -6.175285775150831213e+00 1.663117075017060529e+02
9.149781414379744149e+01 -6.773527232654704910e+00 1.668844100285798220e+02
9.117070332450177261e+01 -7.376367052550790504e+00 1.674502930512940111e+02
9.085055520666215045e+01 -7.983764157213022905e+00 1.680093594608615319e+02
9.053736092636425781e+01 -8.595677433912156218e+00 1.685616124328177250e+02
9.023111135463200583e+01 -9.212065734815761076e+00 1.691070554272205300e+02
8.993179709742727823e+01 -9.832887876988225528e+00 1.696456921886506279e+02
8.963940849565013025e+01 -1.045810264239075771e+01 1.701775267462110719e+02
8.935393562513863230e+01 -1.108766877788137784e+01 1.707025634135277414e+02
8.907536830914561676e+01 -1.172154501163558926e+01 1.712208067777201848e+02
8.880369615248609705e+01 -1.235969009532746909e+01 1.717322616687764594e+02
8.853890842710515585e+01 -1.300206265194646527e+01 1.722369332604511101e+02
8.828099414829769387e+01 -1.364862127988293139e+01 1.727348270034952407e+02
8.802994208782945407e+01 -1.429932457047925354e+01 1.732259486141034017e+02
8.778574077393714958e+01 -1.495413110802985024e+01 1.737103040739134769e+02
8.754837849132836425e+01 -1.561299946978117958e+01 1.741878996300067399e+02
8.731784328118153837e+01 -1.627588822593172679e+01 1.746587417949078542e+02
8.709412294114609665e+01 -1.694275593963202198e+01 1.751228373465847881e+02
8.687720502534224920e+01 -1.761356116698462415e+01 1.755801933284489849e+02
8.666707684436119052e+01 -1.828826245704412656e+01 1.760308170493551643e+02
8.646372546526502845e+01 -1.896681835181716380e+01 1.764747160836015212e+02
