2.540000000000000000e+02 7.000000000000000000e+00 0.000000000000000000e+00
2.529402785271018388e+02 7.529308563050110870e+00 5.074823522761257033e-01
2.518482860247775363e+02 8.056494025379768331e+00 1.050068064553008496e+00
2.507229337469607628e+02 8.581518011492645925e+00 1.628899602568869565e+00
2.495630964183274045e+02 9.104340792537181315e+00 2.245157846963969472e+00
2.483676115129613322e+02 9.624921259659334538e+00 2.900062851755693671e+00
2.471352775622044078e+02 1.014321686149271962e+01 3.594875623604198100e+00
2.458648527545069840e+02 1.065918355243566751e+01 4.330899594048006840e+00
2.445550542660458291e+02 1.117277576792201543e+01 5.109481323353275428e+00
2.432045565299856662e+02 1.168394636048500779e+01 5.932012320354874468e+00
2.418119891536398427e+02 1.219264652281384542e+01 6.799931232533313441e+00
2.403759361122670271e+02 1.269882575797028679e+01 7.714724693724011040e+00
2.388949350371409821e+02 1.320243185308711986e+01 8.677928072705467955e+00
2.373674740470443112e+02 1.370341076231702715e+01 9.691128804836116828e+00
2.357919903929037559e+02 1.420170655676233906e+01 1.075596781720045669e+01
2.341668693429969892e+02 1.469726138329039955e+01 1.187414070080182249e+01
2.324904435421359210e+02 1.519001544085885946e+01 1.304739838437193455e+01
2.307609889585539804e+02 1.567990683078284420e+01 1.427755139616396107e+01
2.289767234186922735e+02 1.616687150260575478e+01 1.556647140460455958e+01
2.271358055530553770e+02 1.665084321515468702e+01 1.691609232671443053e+01
2.252363338422728418e+02 1.713175350129708008e+01 1.832841133116335186e+01
2.232763428794918354e+02 1.760953152986149561e+01 1.980549276831638039e+01
2.212538002609063881e+02 1.808410399076319663e+01 2.134947143980152617e+01
2.191666061634178391e+02 1.855539507940096655e+01 2.296255304259510766e+01
2.170125912274637869e+02 1.902332641843828043e+01 2.464701639520368559e+01
2.147895153040964260e+02 1.948781701151564505e+01 2.640521475509612159e+01
2.124950611766022917e+02 1.994878301130302489e+01 2.823958242034256116e+01
2.101268338731793790e+02 2.040613769410724743e+01 3.015263545232622633e+01
2.076823599092402617e+02 2.085979143187791607e+01 3.214697247245515399e+01
2.051590830356976483e+02 2.130965153512927657e+01 3.422527913279051148e+01
2.025543614660666378e+02 2.175562215049830073e+01 3.639033103171662020e+01
1.998673220603911886e+02 2.220030088069047380e+01 3.864109687971900797e+01
1.971224323841820762e+02 2.265776852420648169e+01 4.093925624779502925e+01
1.943505581056914480e+02 2.312241890326527738e+01 4.325146646989006882e+01
1.915526113311553331e+02 2.359399643908948008e+01 4.557672152896955708e+01
1.887284780306996481e+02 2.407254253659178644e+01 4.791504914531172687e+01
1.858780440880971412e+02 2.455809870860678501e+01 5.026647685801191301e+01
1.830011953029002143e+02 2.505070657556380809e+01 5.263103202328216668e+01
1.800978173935585289e+02 2.555040786501102090e+01 5.500874181196184054e+01
1.771709034745934161e+02 2.605176395485322871e+01 5.740162041619858257e+01
1.742425853313322364e+02 2.651558861561488811e+01 5.982394447198971221e+01
1.713168109663061784e+02 2.693477366743447732e+01 6.227840015716770239e+01
1.683979135152344782e+02 2.730649572400719549e+01 6.476449034238659408e+01
1.655395626982016779e+02 2.759680733705993205e+01 6.727464706343589285e+01
1.627559813697291418e+02 2.779716493228963259e+01 6.980667859711500967e+01
1.600452914617675901e+02 2.790926781587959127e+01 7.236065552845862214e+01
1.574056476183823463e+02 2.793477733107603100e+01 7.493665352736739749e+01
1.548352502220991198e+02 2.787530932587814192e+01 7.753475112542058412e+01
1.523323453939040064e+02 2.773243415303808135e+01 8.015502971587612535e+01
1.498952244861361294e+02 2.750767715794958335e+01 8.279757354007907111e+01
1.475222243658771220e+02 2.720251840049699510e+01 8.546246970109491770e+01
1.452117249613210390e+02 2.681839502928593433e+01 8.814980808303033655e+01
1.429621461673316674e+02 2.635670426956223267e+01 9.085968125629143799e+01
1.407719478011309491e+02 2.581880346595317022e+01 9.359218447627691262e+01
1.386396296752315607e+02 2.520601001107497297e+01 9.634741568667506328e+01
1.365637310631472019e+02 2.451960185517928181e+01 9.912547550997017254e+01
1.345428282557665511e+02 2.376081986880869223e+01 1.019264671691663295e+02
1.325766447914352852e+02 2.293306008416607611e+01 1.047469004310946730e+02
1.306955573555999308e+02 2.210139428045853904e+01 1.074827260736479673e+02
1.289094084797464177e+02 2.129348511858135495e+01 1.100929277218664595e+02
1.272136024411102113e+02 2.050858214916719646e+01 1.125831485700926180e+02
1.256037356677824590e+02 1.974593090713211652e+01 1.149588351942112041e+02
1.240756098504336506e+02 1.900480493147594885e+01 1.172251882750806260e+02
1.226252308914217934e+02 1.828450560502830058e+01 1.193871638762845038e+02
1.212488011352685788e+02 1.758436122228635057e+01 1.214494826090410129e+02
1.199426948872870753e+02 1.690372404592257283e+01 1.234166585173794743e+02
1.187034552809455903e+02 1.624196992504634096e+01 1.252930027799656045e+02
1.175277928354571344e+02 1.559849809117623209e+01 1.270826254461199198e+02
1.164125823825575026e+02 1.497273078052875483e+01 1.287894390710175685e+02
1.153548407228854984e+02 1.436411051910576653e+01 1.304171851103088215e+02
1.143517228716150669e+02 1.377209966189926149e+01 1.319694383603158201e+02
1.134005204554133144e+02 1.319618017456186720e+01 1.334496088779885099e+02
1.124986625404234246e+02 1.263585371755862674e+01 1.348609410211592774e+02
1.116436973394612835e+02 1.209063940379845370e+01 1.362065350798509655e+02
1.108332852589477113e+02 1.156007293464535124e+01 1.374893555113220884e+02
1.100651981490053686e+02 1.104370649874118016e+01 1.387122318371533254e+02
1.093373199525840818e+02 1.054110881885416795e+01 1.398778579121615735e+02
1.086476381049666884e+02 1.005186409297199646e+01 1.409888020996946238e+02
1.079942309763863477e+02 9.575570416860312406e+00 1.420475221633250840e+02
1.073752673449875772e+02 9.111839716465915728e+00 1.430563658934144939e+02
1.067890053689308445e+02 8.660297590398466028e+00 1.440175723577623899e+02
1.062337932066683521e+02 8.220583381640757636e+00 1.449332711729575749e+02
1.057080551652407649e+02 7.792348424375756366e+00 1.458054989456542501e+02
1.052102880539842573e+02 7.375255573772634854e+00 1.466362036102606510e+02
1.047390615111381322e+02 6.968979243130412726e+00 1.474272440459500899e+02
1.042907898733864158e+02 6.571182231991292255e+00 1.481875568366554319e+02
1.038583693530215299e+02 6.176052401568878025e+00 1.489382062786373808e+02
1.034409778274042111e+02 5.783257487078617309e+00 1.496807128309436905e+02
1.030382191031849715e+02 5.392838521003040952e+00 1.504152608618742590e+02
1.026497180755247172e+02 5.004841819661133506e+00 1.511420001943319562e+02
1.022751089416520500e+02 4.619310885528610910e+00 1.518610779125591819e+02
1.019140349637328598e+02 4.236286510678426431e+00 1.525726384135084572e+02
1.015661484688704803e+02 3.855806776780776879e+00 1.532768234068422544e+02
1.012311108423781150e+02 3.477907057751162601e+00 1.539737719165580643e+02
1.009085922777049689e+02 3.102620107684047390e+00 1.546636203474692479e+02
1.005982722552957540e+02 2.729975861252226466e+00 1.553465023760677184e+02
1.002998384016293727e+02 2.360001924544987695e+00 1.560225492016901114e+02
1.000129860240233199e+02 1.992723765984683704e+00 1.566918896542838979e+02
9.973741811063388241e+01 1.628164716326728767e+00 1.573546501944074691e+02
9.947284533045591104e+01 1.266345968659600585e+00 1.580109549132301936e+02
9.921898601921462557e+01 9.072865758329089481e-01 1.586609255406665113e+02
9.897556614031115885e+01 5.510034532672436480e-01 1.593046814621154965e+02
9.874231867677400487e+01 1.975116481533121804e-01 1.599423398478812146e+02
9.851898329723951520e+01 -1.531755323367205157e-01 1.605740157357127202e+02
9.830530635255833261e+01 -5.010465200099710747e-01 1.611998220317963160e+02
9.810104079933583421e+01 -8.460914587945157495e-01 1.618198695310990445e+02
9.790594623487633896e+01 -1.188302223233900667e+00 1.624342669116877289e+02
9.771978845280085579e+01 -1.527672237616739537e+00 1.630431208385527100e+02
9.754233912616139435e+01 -1.864196351987546185e+00 1.636465360405413207e+02
9.737337580645626645e+01 -2.197870841773719608e+00 1.642446153106048996e+02
9.721268177577600511e+01 -2.528693354433718010e+00 1.648374595443135036e+02
9.706004627364634985e+01 -2.856663000752359682e+00 1.654251676862588454e+02
9.691526397810247317e+01 -3.181780151471303775e+00 1.660078368558521618e+02
9.677813466431099698e+01 -3.504046306453454385e+00 1.665855624317988202e+02
9.664846320456987883e+01 -3.823464094682957892e+00 1.671584380520986315e+02
9.652605953828128804e+01 -4.140037263535446321e+00 1.677265556219288101e+02
9.641073850884504282e+01 -4.453770626996312210e+00 1.682900053602495518e+02
9.630232027329721234e+01 -4.764670216467489894e+00 1.688488756948354421e+02
9.620062948047669238e+01 -5.072742972097179504e+00 1.694032534693083392e+02
9.610549509575268701e+01 -5.377996678373753170e+00 1.699532239881199587e+02
9.601675040102476544e+01 -5.680439964125750585e+00 1.704988710165520729e+02
9.593423299472281940e+01 -5.980082302521880777e+00 1.710402767807161126e+02
9.585778466051056057e+01 -6.276933968595726832e+00 1.715775220046079994e+02
9.578725150208211403e+01 -6.571006100570743413e+00 1.721106858823770551e+02
