2.540000000000000000e+02 7.000000000000000000e+00 0.000000000000000000e+00
2.523740619672308867e+02 7.579618236664194875e+00 8.647954061908648127e-01
2.507323387112147373e+02 8.158890367264698185e+00 1.751904169876946193e+00
2.490744864334773467e+02 8.737836029746427258e+00 2.661707138131909289e+00
2.474001554690084674e+02 9.316475090806207504e+00 3.594591985896861797e+00
2.457089902206511738e+02 9.894827648707966716e+00 4.550953291495392072e+00
2.440006290122413475e+02 1.047291403957016520e+01 5.531192705702115298e+00
2.422747042908287369e+02 1.105075482868508097e+01 6.535718719016399447e+00
2.405308422494483409e+02 1.162837082668037247e+01 7.564947095906116026e+00
2.387686625853725673e+02 1.220578309987786980e+01 8.619301153091139867e+00
2.369877785001114034e+02 1.278301297029355688e+01 9.699211759543317157e+00
2.351877966962112509e+02 1.336008201577438115e+01 1.080511734017321857e+01
2.333683170622350929e+02 1.393701208344370279e+01 1.193746423862777561e+01
2.315289330807067927e+02 1.451382527223953112e+01 1.309670624763679037e+01
2.296692313291801497e+02 1.509054395426691464e+01 1.428330518343103783e+01
2.277887910964483922e+02 1.566719079120477431e+01 1.549773132765930939e+01
2.258871843825442340e+02 1.624378873430588044e+01 1.674046342738839144e+01
2.239639758987396760e+02 1.682036102439687042e+01 1.801198869510310629e+01
2.220187230672705141e+02 1.739693119188981640e+01 1.931280280902419122e+01
2.200509758708465711e+02 1.797352306314442671e+01 2.064341008662049148e+01
2.180602765160842580e+02 1.855016077484437531e+01 2.200432387218778629e+01
2.160461593690344557e+02 1.912686877679445274e+01 2.339606661095391260e+01
2.140081508714986853e+02 1.970367183545983636e+01 2.481916994555748346e+01
2.119457693311793776e+02 2.028059504291133308e+01 2.627417495776567691e+01
2.098584690581386951e+02 2.085708009899306603e+01 2.776214192101129186e+01
2.077437648033865401e+02 2.141260388707826934e+01 2.930157058894159050e+01
2.056000378944924591e+02 2.193640319980032771e+01 3.090244592592688377e+01
2.034266027059753128e+02 2.242767468329232727e+01 3.256606615385702952e+01
2.012227630820221691e+02 2.288561243749269281e+01 3.429374135155522652e+01
1.989878101545286881e+02 2.330939335902434095e+01 3.608680697496316014e+01
1.967210223240059008e+02 2.369817711422824758e+01 3.794662389542173031e+01
1.944216652595803794e+02 2.405110613916339446e+01 3.987457839967095907e+01
1.920889917766027395e+02 2.436730546523560648e+01 4.187208243584120737e+01
1.897222413972264121e+02 2.464588208988416795e+01 4.394057449793313452e+01
1.873206409047706416e+02 2.488592576660003175e+01 4.608151851152636169e+01
1.848834030334123213e+02 2.508650714485322197e+01 4.829640646463052889e+01
1.824097262928634109e+02 2.524667752078467942e+01 5.058675875987166393e+01
1.798987949683705381e+02 2.536546883720627221e+01 5.295412421449220375e+01
1.773497791207154535e+02 2.544189368360081005e+01 5.540008006035103705e+01
1.747620419464520296e+02 2.547567527010995647e+01 5.792525649873136473e+01
1.721417557743471320e+02 2.548978687294842871e+01 6.049878378645749422e+01
1.694959609969492647e+02 2.549144821589761278e+01 6.309606902080282964e+01
1.668267464452951856e+02 2.547755787378916636e+01 6.571296720125641855e+01
1.641566302975585927e+02 2.543361190376930736e+01 6.834625857414306438e+01
1.614999720689613412e+02 2.535039105876175825e+01 7.099395029034981519e+01
1.588568583500557452e+02 2.522781565959233774e+01 7.365612128367158107e+01
1.562273329528050567e+02 2.506583230932690043e+01 7.633285786469141954e+01
1.536114390057446144e+02 2.486438689534428192e+01 7.902424762568919903e+01
1.510070564270664022e+02 2.462295164266243219e+01 8.173229216886548443e+01
1.484401938684545712e+02 2.434711166225967816e+01 8.443413785986497544e+01
1.459629064284622473e+02 2.404872581024072531e+01 8.708353821388629967e+01
1.435806917425721849e+02 2.373012924372415355e+01 8.967501998531238883e+01
1.412909502259226997e+02 2.339190044751618203e+01 9.221026093136204338e+01
1.390910653914670547e+02 2.303458664337384931e+01 9.469096868120321631e+01
1.369785025939216325e+02 2.265871753929981125e+01 9.711879804555613305e+01
1.349507980455025802e+02 2.226480767912220671e+01 9.949535811470688884e+01
1.330055564360358176e+02 2.185335695156882352e+01 1.018222137963789606e+02
1.311404509329577763e+02 2.142485059026715888e+01 1.041008858157331929e+02
1.293532224660121983e+02 2.097975932670185628e+01 1.063328511776720973e+02
1.276416800787970232e+02 2.051853931486611415e+01 1.085195429399114317e+02
1.260036988612944526e+02 2.004163257360408679e+01 1.106623515488150673e+02
1.244372122322287169e+02 1.954946863730002349e+01 1.127626298267570775e+02
1.229402115807666149e+02 1.904246463250769494e+01 1.148216932036734192e+02
1.215107462665177422e+02 1.852102527795033993e+01 1.168408197170620468e+02
1.201469224368919555e+02 1.798554313736615740e+01 1.188212507764069699e+02
1.188469048394991603e+02 1.743639823179516313e+01 1.207641899920649848e+02
1.176089117475787873e+02 1.687395912500922890e+01 1.226708064545100711e+02
1.164312103749486482e+02 1.629858390407791902e+01 1.245422376975015624e+02
1.153121168670477346e+02 1.571062018128389504e+01 1.263795897038728384e+02
1.142499962846543582e+02 1.511040509760417372e+01 1.281839369160555577e+02
1.132432613906141796e+02 1.449826558203270821e+01 1.299563230204198021e+02
1.122903748137304660e+02 1.387451788880932924e+01 1.316977595488227450e+02
1.113898430709256786e+02 1.323946887587405108e+01 1.334092297418494582e+02
1.105402138600287714e+02 1.259341658376257911e+01 1.350916902985149193e+02
1.097400760597751912e+02 1.193665023560631866e+01 1.367460713762640978e+02
1.089880596921060203e+02 1.126945024519154792e+01 1.383732766153425189e+02
1.082828349302545519e+02 1.059208842889427515e+01 1.399741837801646511e+02
1.076231139298070474e+02 9.904827614167203365e+00 1.415496435758260532e+02
1.070076453642872707e+02 9.207922808042084739e+00 1.431004831797859254e+02
1.064352125095046802e+02 8.501621606700854983e+00 1.446275074800766447e+02
1.059046332435545565e+02 7.786164195475612892e+00 1.461314990753036227e+02
1.054147600067485087e+02 7.061783357412201312e+00 1.476132183005502156e+02
1.049644790044839198e+02 6.328704643519751372e+00 1.490734037429176340e+02
1.045527116800587208e+02 5.587146057920234554e+00 1.505127712894782803e+02
1.041784100379653921e+02 4.837319057767117236e+00 1.519320171500938272e+02
1.038405551482709370e+02 4.079428872956109231e+00 1.533318188242278097e+02
1.035381571466167117e+02 3.313674506125163344e+00 1.547128351009454548e+02
1.032702552219763135e+02 2.540248735266876334e+00 1.560757060668352381e+02
1.030359175225169110e+02 1.759338133661906944e+00 1.574210531671867273e+02
1.028342405681391512e+02 9.711231955194912224e-01 1.587494795856376300e+02
1.026643463808216694e+02 1.757789494417109077e-01 1.600615720991495152e+02
1.025253819534314772e+02 -6.265249280816027611e-01 1.613579014214777771e+02
1.024165192021276027e+02 -1.435624102505283162e+00 1.626390222339506977e+02
1.023369546587904324e+02 -2.251359515591996985e+00 1.639054733844857594e+02
1.022859094111701665e+02 -3.073577372603565561e+00 1.651577779262533738e+02
1.022626266242160682e+02 -3.902128612556865495e+00 1.663964447201529424e+02
1.022663711134236735e+02 -4.736868817054673997e+00 1.676219687106723484e+02
1.022964292140682971e+02 -5.577658182351076910e+00 1.688348310104530299e+02
1.023521084158986696e+02 -6.424361441392128391e+00 1.700354991366604338e+02
1.024327380352985841e+02 -7.276848007428839082e+00 1.712244265763575015e+02
1.025376662678093851e+02 -8.134991344207644914e+00 1.724020546922895392e+02
1.026662597645774611e+02 -8.998668875475283713e+00 1.735688129967607551e+02
1.028179036323541595e+02 -9.867761984978775658e+00 1.747251191516340896e+02
1.029920010214678996e+02 -1.074215592848935863e+01 1.758713792348556808e+02
1.031879734624081948e+02 -1.162173990586708960e+01 1.770079875230829032e+02
1.034052609551191892e+02 -1.250640708002425683e+01 1.781353264337412838e+02
1.036433189601925022e+02 -1.339605393421123303e+01 1.792537684708219672e+02
1.039016182717343639e+02 -1.429058024486334055e+01 1.803636763071046687e+02
1.041796450173659139e+02 -1.518988908160084428e+01 1.814654027841574475e+02
1.044769006492286678e+02 -1.609388680530927829e+01 1.825592909181565631e+02
1.047929011154422767e+02 -1.700248289142196612e+01 1.836456744361844642e+02
1.051271788007536543e+02 -1.791559034436210851e+01 1.847248765210308363e+02
1.054792801051554250e+02 -1.883312518032371230e+01 1.857972113771293152e+02
1.058487638935957875e+02 -1.975500609628802096e+01 1.868629852334447037e+02
1.062352014959786857e+02 -2.068115447002353591e+01 1.879224963434730284e+02
1.066381767071637938e+02 -2.161149436008599167e+01 1.889760349852414834e+02
1.070572857869663750e+02 -2.254595250581837362e+01 1.900238834613085146e+02
1.074921369441382524e+02 -2.348445821737183437e+01 1.910663164329246797e+02
1.079423512324813572e+02 -2.442694356727087523e+01 1.921036003407768931e+02
1.084075623867578742e+02 -2.537334335497755333e+01 1.931359935104167107e+02
1.088874141491427423e+02 -2.632359453640033919e+01 1.941637478823429888e+02
1.093815602137746481e+02 -2.727763621206658229e+01 1.951871090478920792e+02
1.098896642267559685e+02 -2.823540962712255720e+01 1.962063162492380570e+02
1.104113997861528560e+02 -2.919685817133339256e+01 1.972216023793925501e+02
