2.540000000000000000e+02 7.000000000000000000e+00 0.000000000000000000e+00
2.530389609270868334e+02 7.414704894274912306e+00 6.699960404468180419e-01
2.520521177071563841e+02 7.839541782774801071e+00 1.357188869023749689e+00
2.510387487896010725e+02 8.274734416199498455e+00 2.061998828455534838e+00
2.499934560409303685e+02 8.718653389863273873e+00 2.784253541873404014e+00
2.489118929060696814e+02 9.170023633148094433e+00 3.523849113660006527e+00
2.477933934089687114e+02 9.629015254149438263e+00 4.281133822840864411e+00
2.466372052582887306e+02 1.009577283867804098e+01 5.056453676916853546e+00
2.454425616532351739e+02 1.057044372945136423e+01 5.850161320455888436e+00
2.442055936003269210e+02 1.105161340954788152e+01 6.668283350275666876e+00
2.429155131534749046e+02 1.153456470301120973e+01 7.529170862489047877e+00
2.415697973665534448e+02 1.201900126302038530e+01 8.435575298557523638e+00
2.401665094834295360e+02 1.250496528026141085e+01 9.389093329093652684e+00
2.387036444649890541e+02 1.299250044370864998e+01 1.039137791948149925e+01
2.371791275494992419e+02 1.348165197222567002e+01 1.144413951675642771e+01
2.355908132703938236e+02 1.397246663612582118e+01 1.254914685936819829e+01
2.339364799320119346e+02 1.446499287843352199e+01 1.370823153153809670e+01
2.322138276744167058e+02 1.495928085736287905e+01 1.492328955867700913e+01
2.304204767528136131e+02 1.545538248408574233e+01 1.619628282587959589e+01
2.285539664102046800e+02 1.595335144747770428e+01 1.752924000734170917e+01
2.266117488153650470e+02 1.645324334718385018e+01 1.892426156406111559e+01
2.245911858498448623e+02 1.695511576414637744e+01 2.038352239272380118e+01
2.224915451584951711e+02 1.745878764216687884e+01 2.190917361102083660e+01
2.203335789053662381e+02 1.796149707486754465e+01 2.350233602124234267e+01
2.181245172849117182e+02 1.846214746055204259e+01 2.516476401145249397e+01
2.158621350072434666e+02 1.896078030280614968e+01 2.689873443062931102e+01
2.135448102154089440e+02 1.945735659321755051e+01 2.870656681534865484e+01
2.111708274551641580e+02 1.995184109854849552e+01 3.059065872525886221e+01
2.087384141417590513e+02 2.044419761946811320e+01 3.255348683968995971e+01
2.062457389341997782e+02 2.093438896245005765e+01 3.459760920893970848e+01
2.036936146782396122e+02 2.142167355695013597e+01 3.672123227498889975e+01
2.011044225370603158e+02 2.189982806088110934e+01 3.888736944963435604e+01
1.984850865881505229e+02 2.236688727921081465e+01 4.108470613742244382e+01
1.958355593254599682e+02 2.282272978814406272e+01 4.331340337632160242e+01
1.931558109497356952e+02 2.326722981248238042e+01 4.557359487152258737e+01
1.904458128456335260e+02 2.370026137472449790e+01 4.786541388160794952e+01
1.877055375838698126e+02 2.412169829711954350e+01 5.018899321611115028e+01
1.849349589255853914e+02 2.453141420570383602e+01 5.254446523063089103e+01
1.821340518306180059e+02 2.492928253766065794e+01 5.493196181773091524e+01
1.793027924589010240e+02 2.531517654276773399e+01 5.735161440529174115e+01
1.764411581734650269e+02 2.568896928655148670e+01 5.980355395294727572e+01
1.735491275481601861e+02 2.605053365741429872e+01 6.228791094345184121e+01
1.706266803707814290e+02 2.639974236972762967e+01 6.480481537907361655e+01
1.676737976461726305e+02 2.673646796719380347e+01 6.735439677785707602e+01
1.647296910308237727e+02 2.702970901504225409e+01 6.994172733169530431e+01
1.618581425643862985e+02 2.722983686900822065e+01 7.257440509767286585e+01
1.590599811126183454e+02 2.733729229350418777e+01 7.525167477188909970e+01
1.563346566955229378e+02 2.735358799464270518e+01 7.797261899601110713e+01
1.536815680134170066e+02 2.728026068462024512e+01 8.073632817141700002e+01
1.511001107074952756e+02 2.711883252982844539e+01 8.354190698986663222e+01
1.485896775421505254e+02 2.687081108911426597e+01 8.638847438492085473e+01
1.461496586876556307e+02 2.653768920981859836e+01 8.927516346347383092e+01
1.437794419208273666e+02 2.612094496336399985e+01 9.220112144934807930e+01
1.415030159749333905e+02 2.561905251642834003e+01 9.513042616576350952e+01
1.393681963906108194e+02 2.502920255593807042e+01 9.799042019797900593e+01
1.373681452205740641e+02 2.436145394200628544e+01 1.007765013632638329e+02
1.354589809808804262e+02 2.367600530360676103e+01 1.034660830927954862e+02
1.336265842997376581e+02 2.298966738214940975e+01 1.060553883065575889e+02
1.318684889897625681e+02 2.230262765557810667e+01 1.085475413822219934e+02
1.301822911016904527e+02 2.161508840838862255e+01 1.109455600632122980e+02
1.285656561627146175e+02 2.092724490863836451e+01 1.132523757466780125e+02
1.270163190308346088e+02 2.023928542332048153e+01 1.154708336640162543e+02
1.255320772192889649e+02 1.955130193590945353e+01 1.176035965297260759e+02
1.241109200744756578e+02 1.886498950280110165e+01 1.196549742587497320e+02
1.227513116086718128e+02 1.818781817422627611e+01 1.216355375161800225e+02
1.214513300689795869e+02 1.752182798652548001e+01 1.235500965103898778e+02
1.202089345111116785e+02 1.686666533794677036e+01 1.254008228510863461e+02
1.190221522135261125e+02 1.622199344468494431e+01 1.271898216241948063e+02
1.178890814870291450e+02 1.558748765207053033e+01 1.289191222097817047e+02
1.168078809645274561e+02 1.496283360495142034e+01 1.305906896980120848e+02
1.157767685701600442e+02 1.434772707159090643e+01 1.322064259879436747e+02
1.147940215196871634e+02 1.374187394373405979e+01 1.337681697871122140e+02
1.138579769481001165e+02 1.314499034382792075e+01 1.352776959425516168e+02
1.129670285981353288e+02 1.255680205932882920e+01 1.367367189704652617e+02
1.121197686316630637e+02 1.197710143561613805e+01 1.381469166661435679e+02
1.113090305885054505e+02 1.140339676018368387e+01 1.395091366013509457e+02
1.105261091056074036e+02 1.083256060704271384e+01 1.408236796028290883e+02
1.097702504290974019e+02 1.026458523049141647e+01 1.420917090966916021e+02
1.090407424573450186e+02 9.699471887298425798e+00 1.433143634292459296e+02
1.083368901230835633e+02 9.137221508001779569e+00 1.444927541719573583e+02
1.076580147066227227e+02 8.577834711899757991e+00 1.456279671976552947e+02
1.070034775584449420e+02 8.021311285909208166e+00 1.467210502236321474e+02
1.063723687445558710e+02 7.467656964126928365e+00 1.477731770067750290e+02
1.057623846812900581e+02 6.916909500356571705e+00 1.487862225651114159e+02
1.051711670680568318e+02 6.369111009758916531e+00 1.497620425992588196e+02
1.045982155782579071e+02 5.824264732689592883e+00 1.507014831786285924e+02
1.040431181941912513e+02 5.282371733299147110e+00 1.516053331034234191e+02
1.035054700112871444e+02 4.743432747945479200e+00 1.524743661307600178e+02
1.029849419753798685e+02 4.207343965536310293e+00 1.533095167550743838e+02
1.024825210887026259e+02 3.672007663682000711e+00 1.541150500346209355e+02
1.019983832517178826e+02 3.136631629266386057e+00 1.548929542170726847e+02
1.015321681537920995e+02 2.601264453891036776e+00 1.556437766545099919e+02
1.010835218566809317e+02 2.065953641607848112e+00 1.563680550093139914e+02
1.006520967245209590e+02 1.530745621632051634e+00 1.570663173606525618e+02
1.002375607097242352e+02 9.956906231981073052e-01 1.577390649912431115e+02
9.983606904250218861e+01 4.590128836301757276e-01 1.583933036789231608e+02
9.944141401072880626e+01 -8.238960554668878222e-02 1.590404710524054224e+02
9.905344918925895570e+01 -6.285486118827885438e-01 1.596808266792608322e+02
9.867216792022917105e+01 -1.179424095121850424e+00 1.603143717069235947e+02
9.829756328939161847e+01 -1.734975976918415430e+00 1.609411075700754452e+02
9.792962813080644935e+01 -2.295164147844511060e+00 1.615610359864162149e+02
9.756835502684175765e+01 -2.859948467389648474e+00 1.621741589566637742e+02
9.721373630817353728e+01 -3.429288763960822273e+00 1.627804787645542604e+02
9.686576405378575316e+01 -4.003144834882515823e+00 1.633799979768417643e+02
9.652443009097036963e+01 -4.581476446396695046e+00 1.639727194432985584e+02
9.618972599532719414e+01 -5.164243333662809299e+00 1.645586462967151249e+02
9.586164311320648324e+01 -5.751405231578863742e+00 1.651377819322327696e+02
9.554017253356586536e+01 -6.342921834424620542e+00 1.657101300329847504e+02
9.522530506705835762e+01 -6.938752767271261668e+00 1.662756945893698912e+02
9.491703128917698962e+01 -7.538857646077469887e+00 1.668344798594624478e+02
9.461534154044798584e+01 -8.143196077958050338e+00 1.673864903688344441e+02
9.432022592643087933e+01 -8.751727661183938523e+00 1.679317309105551885e+02
9.403167431771842644e+01 -9.364411985182185205e+00 1.684702065451916724e+02
9.374967634993664944e+01 -9.981208630535963522e+00 1.690019226008083422e+02
9.347422142374480813e+01 -1.060207716898458408e+01 1.695268846729672134e+02
9.320529870483539980e+01 -1.122697716342346652e+01 1.700450986247278138e+02
9.294289712393417346e+01 -1.185586816790416265e+01 1.705565705866471831e+02
9.268700537680017248e+01 -1.248870972763434928e+01 1.710613069567798732e+02
9.243761192422562090e+01 -1.312546137897781939e+01 1.715593144006780619e+02
9.219470499203853819e+01 -1.376608264945405224e+01 1.720505998513883696e+02
9.195827257705052205e+01 -1.441053305825453101e+01 1.725351705027292724e+02
9.172830245145510730e+01 -1.505877212571770407e+01 1.730130338057998642e+02
9.150478216247614682e+01 -1.571075937968579517e+01 1.734841974704170866e+02
9.128769903588873547e+01 -1.636645435510844493e+01 1.739486694610218933e+02
