2.540000000000000000e+02 7.000000000000000000e+00 0.000000000000000000e+00
2.529283226090771279e+02 7.527482585241441981e+00 5.206327429292533227e-01
2.518237959553608221e+02 8.052806349919475082e+00 1.076886728573254848e+00
2.506853126511948346e+02 8.575932355061752332e+00 1.669921365762555565e+00
2.495117281367937778e+02 9.096820288350683015e+00 2.300935063538548153e+00
2.483018599490812335e+02 9.615428437187082622e+00 2.971165998179481793e+00
2.470544859945950122e+02 1.013171362506371231e+01 3.681893925005534918e+00
2.457683431256659219e+02 1.064563115911168900e+01 4.434441672036689042e+00
2.444421264587810469e+02 1.115713480498755317e+01 5.230175855064119972e+00
2.430744876201440263e+02 1.166617672223859792e+01 6.070508718143761584e+00
2.416640326117854727e+02 1.217270738568916322e+01 6.956900372151866740e+00
2.402093209966843688e+02 1.267667555541910573e+01 7.890859649632061767e+00
2.387088651734730149e+02 1.317802825004174494e+01 8.873944865669448845e+00
2.371611271699607641e+02 1.367671062857393771e+01 9.907767181642418208e+00
2.355645172270522210e+02 1.417266593826591681e+01 1.099399209076311124e+01
2.339173926785160802e+02 1.466583547332883875e+01 1.213434059325845027e+01
2.322180573025826504e+02 1.515615855104543463e+01 1.333058987657772931e+01
2.304647572309473560e+02 1.564357236105090365e+01 1.458457760705478456e+01
2.286556793837553414e+02 1.612801190767485338e+01 1.589820357168784959e+01
2.267889504438568622e+02 1.660940997214979831e+01 1.727343075419889118e+01
2.248626358318250880e+02 1.708769707484620071e+01 1.871228641029666306e+01
2.228747360409468570e+02 1.756280134024621375e+01 2.021686591245578057e+01
2.208231833254643277e+02 1.803464837493033812e+01 2.178933622412233362e+01
2.187058413060493365e+02 1.850316125304192738e+01 2.343193631359180173e+01
2.165205027717174460e+02 1.896826043530076689e+01 2.514697945991876082e+01
2.142648885638989213e+02 1.942986372788968552e+01 2.693685442358311022e+01
2.119366410904896441e+02 1.988788604349374722e+01 2.880403225058712025e+01
2.095333235344634772e+02 2.034223937214312272e+01 3.075106710266254240e+01
2.070524191626611241e+02 2.079283275574537981e+01 3.278059698238840980e+01
2.044913270440569590e+02 2.123957213033052582e+01 3.489534822495697597e+01
2.018473948259772044e+02 2.168241184167150237e+01 3.709806421099452223e+01
1.991268406448706685e+02 2.213403861063674682e+01 3.937306995505520035e+01
1.963627708866740420e+02 2.259768081826087993e+01 4.167895911051620317e+01
1.935726546389870180e+02 2.306804383593146213e+01 4.399830312824556700e+01
1.907563567564752418e+02 2.354517316555748963e+01 4.633115248412428855e+01
1.879137571410728640e+02 2.402910981850178018e+01 4.867754252330632880e+01
1.850447355191035967e+02 2.451989492842643159e+01 5.103750847635544829e+01
1.821491714434628193e+02 2.501756975105035252e+01 5.341108545725872858e+01
1.792269442957225181e+02 2.552217566391167836e+01 5.579830846152501067e+01
1.762808805383013748e+02 2.602868533909135351e+01 5.820097720943284259e+01
1.733336714313049072e+02 2.649791782848254584e+01 6.063280352008970908e+01
1.703903939485169872e+02 2.692100467321397161e+01 6.309698260934526814e+01
1.674579121082412314e+02 2.729355924748719175e+01 6.559260895693053328e+01
1.645923303995685387e+02 2.758014222123009418e+01 6.811155369876192367e+01
1.618043762349604151e+02 2.777448728391802746e+01 7.065204457705773677e+01
1.590920255420426770e+02 2.787843357449102299e+01 7.321414639319368689e+01
1.564532747657369782e+02 2.789378791706246474e+01 7.579793192681512437e+01
1.538861719357284983e+02 2.782230627760838004e+01 7.840347682367675475e+01
1.513888165830301489e+02 2.766569384429037726e+01 8.103085959312433317e+01
1.489593593138764618e+02 2.742560543596317046e+01 8.368016159709333124e+01
1.465960018425816145e+02 2.710364546608683156e+01 8.635146705597057348e+01
1.442969947912393707e+02 2.670137006204729246e+01 8.904486298097316421e+01
1.420606337853775187e+02 2.622029081892724989e+01 9.176043906167699049e+01
1.398852593306201584e+02 2.566187491798828191e+01 9.449828766257219570e+01
1.377692569030835443e+02 2.502754503869766012e+01 9.725850382683013606e+01
1.357110561754474247e+02 2.431868009726028035e+01 1.000411852600713729e+02
1.337091283165864013e+02 2.353661784534759249e+01 1.028464322498425787e+02
1.317719619882414577e+02 2.270450918199637869e+01 1.056394392425060857e+02
1.299282671538756517e+02 2.189207954155563840e+01 1.083121087620227598e+02
1.281764658284875793e+02 2.110509819562834721e+01 1.108596629747866302e+02
1.265119611118380050e+02 2.034242325421573838e+01 1.132882207707944815e+02
1.249305088670648445e+02 1.960323769254180704e+01 1.156031666650148253e+02
1.234280455150832836e+02 1.888671972540895894e+01 1.178097002786402783e+02
1.220007102119298423e+02 1.819208117839609784e+01 1.199127701275530740e+02
1.206448218808234856e+02 1.751856405150311602e+01 1.219171016520037512e+02
1.193568694448014753e+02 1.686543906114050273e+01 1.238272091327776110e+02
1.181335103190611306e+02 1.623200539481531735e+01 1.256473975533471901e+02
1.169715704454643088e+02 1.561759069100678232e+01 1.273817625862257614e+02
1.158680242429352489e+02 1.502154803185193011e+01 1.290342150697074430e+02
1.148199852134365671e+02 1.444325451887096357e+01 1.306084924933164189e+02
1.138247048723776800e+02 1.388211109922115405e+01 1.321081603185658082e+02
1.128795733641300529e+02 1.333754262728412066e+01 1.335366112621314585e+02
1.119821060355356792e+02 1.280899583486147897e+01 1.348970817049539903e+02
1.111299315433821846e+02 1.229593751085989517e+01 1.361926662518411035e+02
1.103207907410452151e+02 1.179785015614460342e+01 1.374263307983659104e+02
1.095525428721551862e+02 1.131425659261270411e+01 1.386008387169984530e+02
1.088231434319209257e+02 1.084467841038911828e+01 1.397188840559359448e+02
1.081305958268488894e+02 1.038846699810715357e+01 1.407836033741445760e+02
1.074730296325053871e+02 9.945070841262317884e+00 1.417977713228653727e+02
1.068487035759640094e+02 9.514091121294722342e+00 1.427636396908592360e+02
1.062559584714663288e+02 9.095145666635925608e+00 1.436833520002624880e+02
1.056932153500232658e+02 8.687865714119693550e+00 1.445589540408118125e+02
1.051589703675041676e+02 8.291895208554716845e+00 1.453923998978539203e+02
1.046517910143775509e+02 7.906890278649509440e+00 1.461855564425563898e+02
1.041691036723779860e+02 7.531431550351541659e+00 1.469440526530330828e+02
1.037030723410091611e+02 7.159156373439686583e+00 1.476908801599933270e+02
1.032523022248409177e+02 6.789234125404598252e+00 1.484293217392576594e+02
1.028164039575455604e+02 6.421710059075209642e+00 1.491595387279410261e+02
1.023949991137651523e+02 6.056627033277710126e+00 1.498816869770292612e+02
1.019877185487676883e+02 5.694025204608909263e+00 1.505959194883753582e+02
1.015942023984470808e+02 5.333942027436238575e+00 1.513023864146995834e+02
1.012141000793231171e+02 4.976412253897746218e+00 1.520012350595892485e+02
1.008470701768328581e+02 4.621467975289329289e+00 1.526926099066108407e+02
1.004927804767405632e+02 4.269138583691802324e+00 1.533766526267697543e+02
1.001509079783947129e+02 3.919450791588927174e+00 1.540535020607036074e+02
9.982113758400983272e+01 3.572429174335344015e+00 1.547232945269587674e+02
9.950316201186433318e+01 3.228096204766741639e+00 1.553861638431765755e+02
9.919668179630053828e+01 2.886472253199845905e+00 1.560422413260935741e+02
9.890140528598011826e+01 2.547575588009686864e+00 1.566916557920364710e+02
9.861704855542564019e+01 2.211422391905811580e+00 1.573345335896302117e+02
9.834333549559876531e+01 1.878026728645703969e+00 1.579709985760352993e+02
9.807999696769236664e+01 1.547400897214835203e+00 1.586011723136576848e+02
9.782677051951782232e+01 1.219555539083697848e+00 1.592251741427795366e+02
9.758340038550510087e+01 8.944996382078039820e-01 1.598431211815592121e+02
9.734963747112891497e+01 5.722405257614818774e-01 1.604551283306956293e+02
9.712523931193589988e+01 2.527838826941276595e-01 1.610613082914971699e+02
9.690996989202209022e+01 -6.386618009197082835e-02 1.616617716056162521e+02
9.670359908579089847e+01 -3.777069047840529437e-01 1.622566267945928189e+02
9.650590260169616386e+01 -6.887368662964574728e-01 1.628459803747952321e+02
9.631666195908812256e+01 -9.969559643871779286e-01 1.634299368638612862e+02
9.613566444106021436e+01 -1.302365413363639757e+00 1.640085987971849875e+02
9.596270299642927171e+01 -1.604967701402771008e+00 1.645820667509067050e+02
9.579757574091091499e+01 -1.904766402716595142e+00 1.651504394701319427e+02
9.564008591063208087e+01 -2.201766160602049549e+00 1.657138138812057946e+02
9.549004180906052852e+01 -2.495972668853757792e+00 1.662722851061718359e+02
9.534725676641342318e+01 -2.787392663542766602e+00 1.668259464773405796e+02
9.521154925518943912e+01 -3.076033963419436912e+00 1.673748895057776451e+02
9.508274221848962782e+01 -3.361905224445004059e+00 1.679192040583185417e+02
9.496066300982288055e+01 -3.645015918101348618e+00 1.684589783736126947e+02
9.484514339310601372e+01 -3.925376331390998175e+00 1.689942990621235026e+02
9.473601947072046414e+01 -4.202997543465079033e+00 1.695252511267979685e+02
9.463313166028278545e+01 -4.477891428938517215e+00 1.700519179760973714e+02
9.453632491947048777e+01 -4.750070729114477253e+00 1.705743813583444535e+02
9.444544797672024572e+01 -5.019548783493439359e+00 1.710927215718728576e+02
