2.540000000000000000e+02 7.000000000000000000e+00 0.000000000000000000e+00
2.530214041103561726e+02 7.424088449574739457e+00 6.745888834302762316e-01
2.520163150469915934e+02 7.858135383425136844e+00 1.366382027943574329e+00
2.509787867483078685e+02 8.300297222777057726e+00 2.075057818700985379e+00
2.499055889491603466e+02 8.749732092329274735e+00 2.800603210994815129e+00
2.487957346390275291e+02 9.206467421238730964e+00 3.543303800746803844e+00
2.476485131369921362e+02 9.670642771456337883e+00 4.303487061736873898e+00
2.464632294493438280e+02 1.014241221690714490e+01 5.081491153017150708e+00
2.452391143939780989e+02 1.062190960073226087e+01 5.877653029932852213e+00
2.439712915111782365e+02 1.110720201936043416e+01 6.699742015985044041e+00
2.426494332238841878e+02 1.159382528696476022e+01 7.564971619662325786e+00
2.412714059686011581e+02 1.208165951913012215e+01 8.475365755795857936e+00
2.398353019460444386e+02 1.257073463529694202e+01 9.432472099649832131e+00
2.383391476731142689e+02 1.306108159582962536e+01 1.043789161511354280e+01
2.367809026924314253e+02 1.355273242248182441e+01 1.149327960163464546e+01
2.351584587112307929e+02 1.404572021205221510e+01 1.260034639281858126e+01
2.334696345949235479e+02 1.454007921577997209e+01 1.376086141806871410e+01
2.317121740711899065e+02 1.503584487575468920e+01 1.497665506521691725e+01
2.298837451201238196e+02 1.553305383458802424e+01 1.624961917528985822e+01
2.279819364965759689e+02 1.603174399056440791e+01 1.758170986387134249e+01
2.260042545368319509e+02 1.653195454828319555e+01 1.897495011179245239e+01
2.239501146532883524e+02 1.703351822828355111e+01 2.043136715990991092e+01
2.218405371603476226e+02 1.753402658247829748e+01 2.195232003185963521e+01
2.196807253196265890e+02 1.803275106854061960e+01 2.353967003423517568e+01
2.174691978618521659e+02 1.852965817830249051e+01 2.519555443064686173e+01
2.152043677061346045e+02 1.902471950198429695e+01 2.692218242973370224e+01
2.128845687102325144e+02 1.951790879953316349e+01 2.872183523242201275e+01
2.105081046764443329e+02 2.000919647503428678e+01 3.059686823735119177e+01
2.080732180253550041e+02 2.049855273492924468e+01 3.254971414489509840e+01
2.055777640915136715e+02 2.098603060172121104e+01 3.458341425527756030e+01
2.030321825150001871e+02 2.146847396027487775e+01 3.668076764933680778e+01
2.004562887578003938e+02 2.194055637373591949e+01 3.880978116730838678e+01
1.978514422789146749e+02 2.240180644160645329e+01 4.096835508721032681e+01
1.952176359296229009e+02 2.285210655819286885e+01 4.315659678169826208e+01
1.925548638765262695e+02 2.329133901903522386e+01 4.537461299684102300e+01
1.898631216056666347e+02 2.371938602572885912e+01 4.762250984684667543e+01
1.871424059239853932e+02 2.413612968795491653e+01 4.990039281201013921e+01
1.843927149662530098e+02 2.454145203178697443e+01 5.220836672972964720e+01
1.816140481981724122e+02 2.493523500350672961e+01 5.454653579042817313e+01
1.788064064175408703e+02 2.531736047156892155e+01 5.691500353572492088e+01
1.759697917593909722e+02 2.568771023315666824e+01 5.931387285155051359e+01
1.731042077016514611e+02 2.604616602140097470e+01 6.174324596056241177e+01
1.702096590656744866e+02 2.639260950645179093e+01 6.420322442121577922e+01
1.672861520201637973e+02 2.672692230125195323e+01 6.669390912207336441e+01
1.643433242553392688e+02 2.704137726769630135e+01 6.921654513377512785e+01
1.614603216214988493e+02 2.727376692347305465e+01 7.178029567049476611e+01
1.586540733791391915e+02 2.741182881113507719e+01 7.438630593859707574e+01
1.559238778695970211e+02 2.745728298747775042e+01 7.703358486048117015e+01
1.532690025337327597e+02 2.741185398060112632e+01 7.972115455070476742e+01
1.506887137462206283e+02 2.727724727258171811e+01 8.244805380441859199e+01
1.481822768155482493e+02 2.705514929947253222e+01 8.521333809736631792e+01
1.457489559810525463e+02 2.674722745460269380e+01 8.801607958481156402e+01
1.433880143663115803e+02 2.635513027655664331e+01 9.085536697276462803e+01
1.411028806337080823e+02 2.588000958316916567e+01 9.372441520834675543e+01
1.389466314248626020e+02 2.531827390381181431e+01 9.654462066887735716e+01
1.369323387945009074e+02 2.467274727111819033e+01 9.929081365819889982e+01
1.350301280143838198e+02 2.398277643622185806e+01 1.019499509197712968e+02
1.332053899887318096e+02 2.329332471907849467e+01 1.045075672746491620e+02
1.314555188122970151e+02 2.260459476733595352e+01 1.069669003974367172e+02
1.297780202974541339e+02 2.191674008042896205e+01 1.093311034660675887e+02
1.281704756014369195e+02 2.122990834454758158e+01 1.116032352629850806e+02
1.266305412263384795e+02 2.054424143263713987e+01 1.137862601751420186e+02
1.251559494215018020e+02 1.985987537107924084e+01 1.158830476915352676e+02
1.237445257396696405e+02 1.917720111325607135e+01 1.178966566617755234e+02
1.223946256224229643e+02 1.850264510316277011e+01 1.198366263290550080e+02
1.211044604406021250e+02 1.784048407528347369e+01 1.217102868892400096e+02
1.198719236793044587e+02 1.719018718216535291e+01 1.235197474261405830e+02
1.186949911924684500e+02 1.655138977376280707e+01 1.252672044865905292e+02
1.175717125292091794e+02 1.592372336760405815e+01 1.269547548343656018e+02
1.165002026602844722e+02 1.530683182761387684e+01 1.285844250038917096e+02
1.154786382590984601e+02 1.470037066204598908e+01 1.301581752927644970e+02
1.145052577017015949e+02 1.410400702348306190e+01 1.316778997617494724e+02
1.135783615118632639e+02 1.351741979286008188e+01 1.331454257569675690e+02
1.126963105955447446e+02 1.294029924617863081e+01 1.345625158052574477e+02
1.118575206255927554e+02 1.237234599445273453e+01 1.359308736424775645e+02
1.110594388638981940e+02 1.181287325908759200e+01 1.372520030528114887e+02
1.102917149402159538e+02 1.125814537398727566e+01 1.385261266869403869e+02
1.095510193495731670e+02 1.070713509647264949e+01 1.397541339262031386e+02
1.088362892254345411e+02 1.015968826368271749e+01 1.409371653339763668e+02
1.081466602194064990e+02 9.615721028138837667e+00 1.420763511791494125e+02
1.074814665012373638e+02 9.075219857744739826e+00 1.431728114361247322e+02
1.068405696219426488e+02 8.538195372995799559e+00 1.442274253558614419e+02
1.062224180069922710e+02 8.004624558045835059e+00 1.452417081098522544e+02
1.056243505789439041e+02 7.474520334787358777e+00 1.462177379927522054e+02
1.050447153832518552e+02 6.947882710100441450e+00 1.471570243186516223e+02
1.044828826988749029e+02 6.424697925006305432e+00 1.480605000115649545e+02
1.039385782568744361e+02 5.904946776650762175e+00 1.489288965167637002e+02
1.034113177575750342e+02 5.388612747963790639e+00 1.497630522539682829e+02
1.029007917539092603e+02 4.875536280569976455e+00 1.505639753514550421e+02
1.024081101154895919e+02 4.363483681002377601e+00 1.513359387591605980e+02
1.019333821989257984e+02 3.851763850519261290e+00 1.520806888161466759e+02
1.014762392336500625e+02 3.340411134235670154e+00 1.527987965336685363e+02
1.010363174183600421e+02 2.829462092423300490e+00 1.534908171226643958e+02
1.006132598316865625e+02 2.318952395015338119e+00 1.541572952800098903e+02
1.002053752783822773e+02 1.808225530640087841e+00 1.548012099501112289e+02
9.980504517210756887e+01 1.293499401779457214e+00 1.554363829910612083e+02
9.941118558025094387e+01 7.742640121661291674e-01 1.560647766989054617e+02
9.902378876963287269e+01 2.505584875814718115e-01 1.566863945632200625e+02
9.864284676950752839e+01 -2.775780280121857846e-01 1.573012403455471713e+02
9.826835137175726231e+01 -8.101063727302866280e-01 1.579093180792066278e+02
9.790029413561079252e+01 -1.346987372994933985e+00 1.585106320647172424e+02
9.753866639189479315e+01 -1.888181849118634403e+00 1.591051868656694808e+02
9.718345921210810445e+01 -2.433650574059633698e+00 1.596929873386712870e+02
9.683466343923593911e+01 -2.983354313818620263e+00 1.602740386034109861e+02
9.649226969103172280e+01 -3.537253831761970169e+00 1.608483460394718918e+02
9.615626836001688105e+01 -4.095309888621746275e+00 1.614159152863323925e+02
9.582664961348089605e+01 -4.657483242495701781e+00 1.619767522433656950e+02
9.550340339348143459e+01 -5.223734648847277562e+00 1.625308630698401089e+02
9.518651941684410644e+01 -5.794024860505600394e+00 1.630782541849188192e+02
9.487598717516269176e+01 -6.368314627665486505e+00 1.636189322676600568e+02
9.457179593479901314e+01 -6.946564697887442463e+00 1.641529042570168997e+02
9.427393474244867377e+01 -7.528735822717084858e+00 1.646801773463354550e+02
9.398239246143000969e+01 -8.114788799687419285e+00 1.652007589473152223e+02
9.369715767687007713e+01 -8.704684358156262292e+00 1.657146567835500264e+02
9.341821875012169585e+01 -9.298383225785277872e+00 1.662218788369754066e+02
9.314556383662161920e+01 -9.895846149999114161e+00 1.667224333302454795e+02
9.287918088589029253e+01 -1.049703389798540698e+01 1.672163287267325984e+02
9.261905764153196685e+01 -1.110190725669477274e+01 1.677035737305275518e+02
9.236518164123469887e+01 -1.171042703284082442e+01 1.681841772864393931e+02
9.211754021677030835e+01 -1.232255405290015027e+01 1.686581485799956113e+02
9.187612049399437808e+01 -1.293824916311233153e+01 1.691254970374420736e+02
9.164090939284632498e+01 -1.355747322947993538e+01 1.695862323257429409e+02
9.141189362734931478e+01 -1.418018713776850603e+01 1.700403643525807524e+02
9.118905970561030472e+01 -1.480635179350658959e+01 1.704879032663564544e+02
