2.540000000000000000e+02 7.000000000000000000e+00 0.000000000000000000e+00
2.529509975875373868e+02 7.522548411677025371e+00 4.956120149110170847e-01
2.518687847928661654e+02 8.043376988435783304e+00 1.023796488728725196e+00
2.507536717696260951e+02 8.562064888581197408e+00 1.587768912862502768e+00
2.496045760226190566e+02 9.078565949749712871e+00 2.188742459620843128e+00
2.484203388278780551e+02 9.592843640213404299e+00 2.827909286344204798e+00
2.471997748255220415e+02 1.010485679988825858e+01 3.506519453058172253e+00
2.459416568626127741e+02 1.061456332187133356e+01 4.225862525471137054e+00
2.446447172581225971e+02 1.112191964109193165e+01 4.987270743654241834e+00
2.433076456462947874e+02 1.162688065693871131e+01 5.792121292611917660e+00
2.419290874603755697e+02 1.212939967886098280e+01 6.641837898653818684e+00
2.405076430705408086e+02 1.262942839543894991e+01 7.537891737008381554e+00
2.390418667601367986e+02 1.312691683765312867e+01 8.481802509671817702e+00
2.375302634494469487e+02 1.362181326134239612e+01 9.475141894719723012e+00
2.359712879750218804e+02 1.411406412134809685e+01 1.051953430504912390e+01
2.343633438863570291e+02 1.460361402833942535e+01 1.161665815527834233e+01
2.327047821956822418e+02 1.509040570395836411e+01 1.276824717800213449e+01
2.309938973895716003e+02 1.557437983772459944e+01 1.397609462289106474e+01
2.292289268453196200e+02 1.605547506609613606e+01 1.524205387114668753e+01
2.274080492183425690e+02 1.653362791460981640e+01 1.656804013330134140e+01
2.255293837832519159e+02 1.700877277423919764e+01 1.795603114295270686e+01
2.235909853236839808e+02 1.748084171804952547e+01 1.940807253691094658e+01
2.215908429484987892e+02 1.794976445872448423e+01 2.092627910154095616e+01
2.195268788713534036e+02 1.841546830477723162e+01 2.251283605766922946e+01
2.173969472174714781e+02 1.887787811773645785e+01 2.417000031685069317e+01
2.151988301495264579e+02 1.933691617314697808e+01 2.590010456016883111e+01
2.129302337134078300e+02 1.979250201151943145e+01 2.770556161193966460e+01
2.105887877577857807e+02 2.024455243544396410e+01 2.958886452439872983e+01
2.081720438315089154e+02 2.069298143414719959e+01 3.155258879138901307e+01
2.056774710172809932e+02 2.113770003400621178e+01 3.359939673480465672e+01
2.031024537499496887e+02 2.157861622026993587e+01 3.573203980156215920e+01
2.004461874976126978e+02 2.201837920899637879e+01 3.794940413544922819e+01
1.977215917109211318e+02 2.247332952631852265e+01 4.022562427154746700e+01
1.949622790364468869e+02 2.293741252100035410e+01 4.252452865685111050e+01
1.921770430924386801e+02 2.340799029304489309e+01 4.483728690069977318e+01
1.893656936035355898e+02 2.388512226559952012e+01 4.716400664715979474e+01
1.865281033924145220e+02 2.436884908462983290e+01 4.950473257424516760e+01
1.836641449910054291e+02 2.485921153734262745e+01 5.185950933299740484e+01
1.807736906408314894e+02 2.535625055219377089e+01 5.422838154705436153e+01
1.778566122935897340e+02 2.586000719886162358e+01 5.661139381202308840e+01
1.749198307002301362e+02 2.635866770835160011e+01 5.901261698786429122e+01
1.719861027515958085e+02 2.681380351957821873e+01 6.144518492848572322e+01
1.690573746542884237e+02 2.722200558398882464e+01 6.391036694535768703e+01
1.661484672823766005e+02 2.757383059466801001e+01 6.640609639734536529e+01
1.633155118299559660e+02 2.783395027330488603e+01 6.892409862736911919e+01
1.605615606146597258e+02 2.800102105315633594e+01 7.146366696388429318e+01
1.578844374150909573e+02 2.807700549477566554e+01 7.402486390201364941e+01
1.552820244318858727e+02 2.806380910831535758e+01 7.660775502035619411e+01
1.527522611703436723e+02 2.796328142267354622e+01 7.921240894600792615e+01
1.502931442596744489e+02 2.777721615796028942e+01 8.183889734943410588e+01
1.479027268817810636e+02 2.750735176734006160e+01 8.448729493173711091e+01
1.455791181784218224e+02 2.715537200535290907e+01 8.715767940493502408e+01
1.433204778143655744e+02 2.672291112595285867e+01 8.985013132630201937e+01
1.411250153160135028e+02 2.621155451440341011e+01 9.256473407868899983e+01
1.389909901325020201e+02 2.562283862840042659e+01 9.530157387288471682e+01
1.369167112050218975e+02 2.495825140475053416e+01 9.806073974004372928e+01
1.349005338850046769e+02 2.421923520632778093e+01 1.008423234372290693e+02
1.329408532663923665e+02 2.340717409679975347e+01 1.036464407402022658e+02
1.310537822329550863e+02 2.256608832295000866e+01 1.064067029037291121e+02
1.292595721577544623e+02 2.175312654086729935e+01 1.090376456537936178e+02
1.275537727835107660e+02 2.096738332812667238e+01 1.115449755830078828e+02
1.259320777994807941e+02 2.020784199303719575e+01 1.139343724537138058e+02
1.243903813155166347e+02 1.947352654425802854e+01 1.162112591782326803e+02
1.229247762657329446e+02 1.876350136396911239e+01 1.183808038676641701e+02
1.215315508083508149e+02 1.807687052659770188e+01 1.204479243892019156e+02
1.202071635789787649e+02 1.741277319887482378e+01 1.224173195980818036e+02
1.189482383307318685e+02 1.677038263554238640e+01 1.242934761111562239e+02
1.177515623214006695e+02 1.614890585003972134e+01 1.260806703758587730e+02
1.166140845228263601e+02 1.554758326707736593e+01 1.277829709466154782e+02
1.155328942832378658e+02 1.496568472338116251e+01 1.294042654517489268e+02
1.145052164979848612e+02 1.440250877178765165e+01 1.309482660923320623e+02
1.135284258286142460e+02 1.385743604209767810e+01 1.324183475099386271e+02
1.125999592863541352e+02 1.332964010238852204e+01 1.338184306798413559e+02
1.117173691651240688e+02 1.281829114269514136e+01 1.351523712307316032e+02
1.108783731307313332e+02 1.232273480379102359e+01 1.364234167621615086e+02
1.100808380450506831e+02 1.184245536332543303e+01 1.376343210026341808e+02
1.093227252135529568e+02 1.137692894831644708e+01 1.387877930716825290e+02
1.086020969237775375e+02 1.092565679552724411e+01 1.398864016931561594e+02
1.079171020463899282e+02 1.048815876995258378e+01 1.409326036010758116e+02
1.072659754040854949e+02 1.006397228615500872e+01 1.419287469927178904e+02
1.066470368412115590e+02 9.652652115670315780e+00 1.428770727065361825e+02
1.060586929424033826e+02 9.253770660426592798e+00 1.437797121424850673e+02
1.054994246565099587e+02 8.866915814329665579e+00 1.446387024360389546e+02
1.049677811734368902e+02 8.491689876340771548e+00 1.454559939994517208e+02
1.044624081224546472e+02 8.127735133198392248e+00 1.462333605914037378e+02
1.039799021208123548e+02 7.772774992205746969e+00 1.469792792396264076e+02
1.035131915278244179e+02 7.420963233936743286e+00 1.477146659038353107e+02
1.030612647711588750e+02 7.071770325846866712e+00 1.484416700719203845e+02
1.026237498376855797e+02 6.725228152803816251e+00 1.491604522872089547e+02
1.022002852655649292e+02 6.381365578408427552e+00 1.498711697910123064e+02
1.017905183971376033e+02 6.040209166525527529e+00 1.505739769393643144e+02
1.013941052935179812e+02 5.701783216692086320e+00 1.512690252233131503e+02
1.010107107345941699e+02 5.366109764117228842e+00 1.519564632689213397e+02
1.006400082184280365e+02 5.033208579899463686e+00 1.526364368374266860e+02
1.002816796971027600e+02 4.703097254378644898e+00 1.533090889033800011e+02
9.993541611689258275e+01 4.375790979767355537e+00 1.539745595224401882e+02
9.960091639664916841e+01 4.051302974603824936e+00 1.546329860735657462e+02
9.927788676424833625e+01 3.729644737228421825e+00 1.552845034293782192e+02
9.896604075659000443e+01 3.410826045783652560e+00 1.559292439561621677e+02
9.866509921959824680e+01 3.094854958214159790e+00 1.565673375138652830e+02
9.837479028461959274e+01 2.781737818878880830e+00 1.571989114635713349e+02
9.809484932664655332e+01 2.471479246589005641e+00 1.578240906946357143e+02
9.782501894268366982e+01 2.164082165347009035e+00 1.584429976170316650e+02
9.756504805849769468e+01 1.859548143027049960e+00 1.590557523921784195e+02
9.731469181072540664e+01 1.557877431938423207e+00 1.596624729658377646e+02
9.707371154687356807e+01 1.259068968825559853e+00 1.602632750681140408e+02
9.684187481037558598e+01 9.631203785177144816e-01 1.608582722185009288e+02
9.661895531283320793e+01 6.700279673384886836e-01 1.614475757431145837e+02
9.640473275180993085e+01 3.797868023725068931e-01 1.620312948157940127e+02
9.619899226700022155e+01 9.239090785384426741e-02 1.626095366044002049e+02
9.600152438788674658e+01 -1.921667177930362069e-01 1.631824062859913056e+02
9.581212502163170086e+01 -4.738940981677059461e-01 1.637500070504252960e+02
9.563059538326133691e+01 -7.528002626948611109e-01 1.643124401244381829e+02
9.545674200639641072e+01 -1.028895247837346316e+00 1.648698047671942106e+02
9.529037622112811334e+01 -1.302189913901772744e+00 1.654221984138925734e+02
9.513131406616246011e+01 -1.572695915494337848e+00 1.659697167006851259e+02
9.497937628095257878e+01 -1.840425699021247086e+00 1.665124534669936622e+02
9.483438817918926134e+01 -2.105392466589343314e+00 1.670505007951773280e+02
9.469617987353430522e+01 -2.367610252130158077e+00 1.675839489471184152e+02
9.456458571279293324e+01 -2.627093730728863097e+00 1.681128865230249687e+02
9.443944410567294767e+01 -2.883858160654200198e+00 1.686374005121778055e+02
9.432059752078460235e+01 -3.137919383358473979e+00 1.691575762929305142e+02
9.420789245599277706e+01 -3.389293814363907309e+00 1.696734976421033991e+02
9.410117930698748978e+01 -3.637998411712792368e+00 1.701852467796910844e+02
