2.540000000000000000e+02 7.000000000000000000e+00 0.000000000000000000e+00
2.529794201876198372e+02 7.438144122170067263e+00 6.800003672809432631e-01
2.519321957297252368e+02 7.886423098268180887e+00 1.377676615181797848e+00
2.508542148385421058e+02 8.343769871645259073e+00 2.092994562316407681e+00
2.497396540439313810e+02 8.808410158479960117e+00 2.825630197319647596e+00
2.485876426911154624e+02 9.280423512190322910e+00 3.575895090845262470e+00
2.473974372601170160e+02 9.759944944149900437e+00 4.344125351389494405e+00
2.461682803310622205e+02 1.024711195504138495e+01 5.130663334637743489e+00
2.448994002999721147e+02 1.074206458564453648e+01 5.935857771076141098e+00
2.435857597245017416e+02 1.124281158846515183e+01 6.767696479668320109e+00
2.422167630879577018e+02 1.174479329280131878e+01 7.643738605339941650e+00
2.407901038618844609e+02 1.224782014205974967e+01 8.566275328938942835e+00
2.393037668795641935e+02 1.275188804868773573e+01 9.537000228170242622e+00
2.377557258282712951e+02 1.325702365588676557e+01 1.055755768930468186e+01
2.361438934032775308e+02 1.376325806315582057e+01 1.162963461398326714e+01
2.344660927610532895e+02 1.427061236236511199e+01 1.275501188737966629e+01
2.327200761713190218e+02 1.477911138159439552e+01 1.393552262164333477e+01
2.309035181594225321e+02 1.528878082031924279e+01 1.517306333732624068e+01
2.290140151040064893e+02 1.579964725392571090e+01 1.646959429152187582e+01
2.270496629790762597e+02 1.631168859618539457e+01 1.782713312151317453e+01
2.250226752328512703e+02 1.682368403956660785e+01 1.924751908068235906e+01
2.229441199892755776e+02 1.733453518999496978e+01 2.073263220332988510e+01
2.208156726266407190e+02 1.784395126030319290e+01 2.228455728932918589e+01
2.186345848387049386e+02 1.835201826112182744e+01 2.390551497491366462e+01
2.163993673371393527e+02 1.885870679671631933e+01 2.559778252071642157e+01
2.141083116103090447e+02 1.936400182209321841e+01 2.736371579453710723e+01
2.117596486184669970e+02 1.986788823090543232e+01 2.920574972003894842e+01
2.093515498333513847e+02 2.037035062099217342e+01 3.112640035560487561e+01
2.068821247546284781e+02 2.087137328112727985e+01 3.312826828106116039e+01
2.043501424536721629e+02 2.137075169237707328e+01 3.521287900868264842e+01
2.017769258461090942e+02 2.186249027274076795e+01 3.734564617984268153e+01
1.991734032549605899e+02 2.234356857339206215e+01 3.950903986323159245e+01
1.965397920123313611e+02 2.281380255830266535e+01 4.170279893992269393e+01
1.938761558804529557e+02 2.327305042387105516e+01 4.392691317402686479e+01
1.911824256941843885e+02 2.372120681763034611e+01 4.618158952474441037e+01
1.884585870334600202e+02 2.415815082247425849e+01 4.846694657787243443e+01
1.857046398394166147e+02 2.458375809539629131e+01 5.078308150934788756e+01
1.829205784748967574e+02 2.499790619691463434e+01 5.313010228112474209e+01
1.801063987618307749e+02 2.540047259015686265e+01 5.550811611692455472e+01
1.772620979817150157e+02 2.579133464185458990e+01 5.791722950136013282e+01
1.743876748802815086e+02 2.617036962828530378e+01 6.035754817356905022e+01
1.714831296767532365e+02 2.653745474414336769e+01 6.282917711626978274e+01
1.685484640669783118e+02 2.689246710636179216e+01 6.533222055158462638e+01
1.655844432065160845e+02 2.723467789339579426e+01 6.786687308144631459e+01
1.626540831633931816e+02 2.751413440290966861e+01 7.044055857744729110e+01
1.598041711149930393e+02 2.769470200721936592e+01 7.305803398924788894e+01
1.570339381853127918e+02 2.777825032314563458e+01 7.571821685503769572e+01
1.543425687459009339e+02 2.776666255342980705e+01 7.842003909357448777e+01
1.517292364871659061e+02 2.766180792127326171e+01 8.116245041753163036e+01
1.491931148010968116e+02 2.746553352118130320e+01 8.394441947974441121e+01
1.467333770854705790e+02 2.717966430509709497e+01 8.676493371325317128e+01
1.443491969644255732e+02 2.680600307914975744e+01 8.962299920968382594e+01
1.420397485326445235e+02 2.634633051068549747e+01 9.251764057579707412e+01
1.398098589081729699e+02 2.580183657283359722e+01 9.543978793983455944e+01
1.377163284625283666e+02 2.516954119106648946e+01 9.830395980583102755e+01
1.357497510615412750e+02 2.447747570038494658e+01 1.010817708491735374e+02
1.338649111273266783e+02 2.378462846721799195e+01 1.037536852046641513e+02
1.320574419206715504e+02 2.309341578240968573e+01 1.063223003496520249e+02
1.303247293324578777e+02 2.240395862929124959e+01 1.087909840728605815e+02
1.286642392398217964e+02 2.171637312104623163e+01 1.111630019817783221e+02
1.270735174889304915e+02 2.103077050182331931e+01 1.134415175246133316e+02
1.255501902698950687e+02 2.034725712209072768e+01 1.156295915127058009e+02
1.240919621105726662e+02 1.966593456659281003e+01 1.177301846790813755e+02
1.226966929223334546e+02 1.898790579890600938e+01 1.197472499469307934e+02
1.213628572031109911e+02 1.832111394354314271e+01 1.216921213893828764e+02
1.200884664635853056e+02 1.766756418736881784e+01 1.235698341729573855e+02
1.188713931663798462e+02 1.702674301800809076e+01 1.253826316798099185e+02
1.177095905081475422e+02 1.639822919005404245e+01 1.271327586023497673e+02
1.166010879075187034e+02 1.578161712193512756e+01 1.288223761503399771e+02
1.155439800951847360e+02 1.517651465355637441e+01 1.304535740003122442e+02
1.145364262675765161e+02 1.458254287235145874e+01 1.320283712225264026e+02
1.135766501496075875e+02 1.399933612617884116e+01 1.335487162122482516e+02
1.126629404640434728e+02 1.342654211979917278e+01 1.350164861756464347e+02
1.117936454875526664e+02 1.286382079595892414e+01 1.364334930924410401e+02
1.109673157365084677e+02 1.231089886503837683e+01 1.378015103160815045e+02
1.101743014898247566e+02 1.176439089938190641e+01 1.391210542304973217e+02
1.094084101516920953e+02 1.122219982118691206e+01 1.403927467927845498e+02
1.086688788091279889e+02 1.068424904753014637e+01 1.416177963416864998e+02
1.079556180464491746e+02 1.015048323843745059e+01 1.427970860857926425e+02
1.072669601702336735e+02 9.620864928538166438e+00 1.439323120890429379e+02
1.066009884790426838e+02 9.095362148399665614e+00 1.450252685146333533e+02
1.059560979427200778e+02 8.573942581576226019e+00 1.460775508411215071e+02
1.053309952023922591e+02 8.056573564609006866e+00 1.470905558624268679e+02
1.047246985704682345e+02 7.543222087026073552e+00 1.480654816878306121e+02
1.041365380306396133e+02 7.033854791342380786e+00 1.490033277419755962e+02
1.035660924121644371e+02 6.528437455389638266e+00 1.499049377178949385e+02
1.030129132690314151e+02 6.026934553709972775e+00 1.507711738754328508e+02
1.024765793567586627e+02 5.529311652262347998e+00 1.516028644074666829e+02
1.019568009810357836e+02 5.035362329181777064e+00 1.524010822840295702e+02
1.014547818309270184e+02 4.542762419050443867e+00 1.531701063151359961e+02
1.009706255239060653e+02 4.050828904979510092e+00 1.539116322458585557e+02
1.005039562174717958e+02 3.559585326248579040e+00 1.546262531504746391e+02
1.000544031890536161e+02 3.069057921008458756e+00 1.553145452234638526e+02
9.961965967384027465e+01 2.578275502089830695e+00 1.559805925345247317e+02
9.919219192842716382e+01 2.083511428978119362e+00 1.566379819096808319e+02
9.877099808013196025e+01 1.584299557262754066e+00 1.572885163379632161e+02
9.835611168358023804e+01 1.080697490154729934e+00 1.579321273250000388e+02
9.794752107117517426e+01 5.727407851376294934e-01 1.585688276131976977e+02
9.754521957514550934e+01 6.046750463162462591e-02 1.591986208402505270e+02
9.714920029264274604e+01 -4.560842718900448567e-01 1.598215109205852400e+02
9.675945606407499611e+01 -9.768764174814248413e-01 1.604375020676022814e+02
9.637597950217586629e+01 -1.501870797417489634e+00 1.610465987637081753e+02
9.599876299317091366e+01 -2.031029270797055197e+00 1.616488057591140546e+02
9.562779869677777356e+01 -2.564313690542783686e+00 1.622441280718358598e+02
9.526307854620604587e+01 -3.101685903401179445e+00 1.628325709876939982e+02
9.490459424815735190e+01 -3.643107749942592566e+00 1.634141400603135708e+02
9.455233728282533434e+01 -4.188541064561213112e+00 1.639888411111243727e+02
9.420629890389568573e+01 -4.737947675475076892e+00 1.645566802293606941e+02
9.386647013854604893e+01 -5.291289404726066792e+00 1.651176637720615190e+02
9.353284179278028887e+01 -5.848528074626153206e+00 1.656717983584765364e+02
9.320540447983646004e+01 -6.409625540729869009e+00 1.662190908401225613e+02
9.288414854314446245e+01 -6.974543597448895405e+00 1.667595483814297381e+02
9.256906410421719045e+01 -7.543244038071726720e+00 1.672931784097628167e+02
9.226014107589470825e+01 -8.115688671001763055e+00 1.678199886015580375e+02
9.195736916234439207e+01 -8.691839319757296067e+00 1.683399868823232737e+02
9.166073785906091587e+01 -9.271657822971532070e+00 1.688531814266381161e+02
9.137023645286612350e+01 -9.855106034392569825e+00 1.693595806581535896e+02
9.108585402190922764e+01 -1.044214582288340942e+01 1.698591932495923515e+02
9.080757943566662505e+01 -1.103273907242196827e+01 1.703520281227488056e+02
9.053540135494205288e+01 -1.162684768210103492e+01 1.708380944484887891e+02
9.026930823186643238e+01 -1.222443356612833121e+01 1.713174016467497438e+02
9.000928830989798257e+01 -1.282545865382645900e+01 1.717899593865408576e+02
8.975532962382220603e+01 -1.342988488963293747e+01 1.722557775859427807e+02
8.950741999975204521e+01 -1.403767423310011964e+01 1.727148664121073125e+02
