2.540000000000000000e+02 7.000000000000000000e+00 0.000000000000000000e+00
2.529447825568168184e+02 7.541233325245128682e+00 5.087312398162719962e-01
2.518520915824709050e+02 8.081360906019217083e+00 1.047228944969446518e+00
2.507233039337290563e+02 8.619642084001787552e+00 1.620123889552136154e+00
2.495589828965015045e+02 9.155534457110659829e+00 2.231198214035038152e+00
2.483580020500656360e+02 9.688972257271897703e+00 2.881812407006703936e+00
2.471191006347718258e+02 1.021991525552909685e+01 3.573230268933985432e+00
2.458410007813775167e+02 1.074831489865954737e+01 4.306791914946012767e+00
2.445223781842301776e+02 1.127412175138462302e+01 5.083879028137684664e+00
2.431618639486931954e+02 1.179728464599796212e+01 5.905919866013539909e+00
2.417580439260908634e+02 1.231775065267903102e+01 6.774389985007239545e+00
2.403094562117171336e+02 1.283546498230666977e+01 7.690814855256512317e+00
2.388145893185321995e+02 1.335037091551893162e+01 8.656771769227598057e+00
2.372718811960689891e+02 1.386240976460211449e+01 9.673890867035515484e+00
2.356797184859277081e+02 1.437152084456992895e+01 1.074385591451015465e+01
2.340364327127948059e+02 1.487764132520673854e+01 1.186840828387524560e+01
2.323402989898164890e+02 1.538070618077861162e+01 1.304934830673394330e+01
2.305895347370497461e+02 1.588064814025058169e+01 1.428853661338391667e+01
2.287822990161467658e+02 1.637739766144095910e+01 1.558789482813131855e+01
2.269166880340291357e+02 1.687088275636275014e+01 1.694941026829678066e+01
2.249907332625435856e+02 1.736102891818165972e+01 1.837513790932260704e+01
2.230024004952832968e+02 1.784775908457707416e+01 1.986720137047081991e+01
2.209495884657523845e+02 1.833099358406185786e+01 2.142779435894670570e+01
2.188301255052238332e+02 1.881065000615584282e+01 2.305918416270564819e+01
2.166417651894591359e+02 1.928664303228053356e+01 2.476371619996881179e+01
2.143821860556350600e+02 1.975888442476271933e+01 2.654381431505845512e+01
2.120489890080860391e+02 2.022728292605552625e+01 2.840198348960333163e+01
2.096396968548697544e+02 2.069174424073538177e+01 3.034081032686697199e+01
2.071517469000003189e+02 2.115217074774043837e+01 3.236297079344780059e+01
2.045824893825966058e+02 2.160846143973747147e+01 3.447123185049282057e+01
2.019322418846834069e+02 2.206487839176296717e+01 3.666222219566920160e+01
1.992105438616011668e+02 2.253864047729461006e+01 3.891391576002293107e+01
1.964451587358157951e+02 2.302390304282501532e+01 4.119726132282212916e+01
1.936534768847413943e+02 2.351564829919318456e+01 4.349496210019800913e+01
1.908354994347306501e+02 2.401387784617645949e+01 4.580693676343437204e+01
1.879910941233914627e+02 2.451863184709949550e+01 4.813323571966983394e+01
1.851201283315564297e+02 2.502995061253781373e+01 5.047390940176232021e+01
1.822224690836744685e+02 2.554787460038540203e+01 5.282900826761366631e+01
1.792979830485016350e+02 2.607244441597196882e+01 5.519858279897694331e+01
1.763465263520569408e+02 2.660371775901839086e+01 5.758267782345384234e+01
1.733769062543038899e+02 2.712686446611151325e+01 5.998632769488778393e+01
1.704119291284010274e+02 2.760379632714467490e+01 6.242238672199661664e+01
1.674518517669730784e+02 2.803319247720187590e+01 6.489167548953447806e+01
1.645150001301337284e+02 2.840339319228734638e+01 6.739162464537538710e+01
1.616556328007185925e+02 2.868027703313065047e+01 6.991425778065968188e+01
1.588773628874836277e+02 2.886217764385229501e+01 7.245876578839991566e+01
1.561779529946257696e+02 2.895113411748742038e+01 7.502519274270206040e+01
1.535551606667719682e+02 2.894916660332794578e+01 7.761359638610323941e+01
1.510068061149615914e+02 2.885823425534451303e+01 8.022403780418584063e+01
1.485307698797749651e+02 2.868023746371087412e+01 8.285658134788761231e+01
1.461249927394749477e+02 2.841701794231237699e+01 8.551129463067515246e+01
1.437874749260056433e+02 2.807035947302623669e+01 8.818824850726103648e+01
1.415162761268418592e+02 2.764198790435096598e+01 9.088751707323065432e+01
1.393095095632919538e+02 2.713357680265767513e+01 9.360917747198942607e+01
1.371653408438393171e+02 2.654674854575675269e+01 9.635330985817013527e+01
1.350819880150457664e+02 2.588307427400783212e+01 9.911999739963295042e+01
1.330573418424902741e+02 2.514310892684102328e+01 1.019108057451562388e+02
1.310936988485013899e+02 2.433834174761729585e+01 1.047104282706977045e+02
1.292159050821684616e+02 2.353902589324354011e+01 1.074140712726433264e+02
1.274287348414611074e+02 2.276724693886242079e+01 1.099919759028827713e+02
1.257280618170709374e+02 2.202251997913633730e+01 1.124490104398920778e+02
1.241097271213847506e+02 2.130383700833950300e+01 1.147905966448506945e+02
1.225696729970034227e+02 2.060995533854687878e+01 1.170228181964963881e+02
1.211039837281763027e+02 1.993950980342999202e+01 1.191520575144068204e+02
1.197090443621961668e+02 1.929148503917637569e+01 1.211834434086298842e+02
1.183815092793674495e+02 1.866514971439373838e+01 1.231210698675124320e+02
1.171181509676360122e+02 1.805970235127908907e+01 1.249691674286037255e+02
1.159158975053320972e+02 1.747437647602001576e+01 1.267317635149886854e+02
1.147718149594826968e+02 1.690843863640068889e+01 1.284126993504115148e+02
1.136831048329037230e+02 1.636118398237670846e+01 1.300156449539971391e+02
1.126471031593806913e+02 1.583193605168900575e+01 1.315441003111711211e+02
1.116612784610339020e+02 1.532004638300834287e+01 1.330013979039131016e+02
1.107232123350987507e+02 1.482489083304931121e+01 1.343907267655419275e+02
1.098305961018720893e+02 1.434586893260401830e+01 1.357151366435938371e+02
1.089812299838610983e+02 1.388240371402333828e+01 1.369775390364922316e+02
1.081730239397044215e+02 1.343394183402513953e+01 1.381807062014590315e+02
1.074039862934046994e+02 1.299995141200844984e+01 1.393272852492372351e+02
1.066722142368315502e+02 1.257992019223805613e+01 1.404198099543458795e+02
1.059758935001565021e+02 1.217335547753503100e+01 1.414607011678529886e+02
1.053132978509324431e+02 1.177978399572333501e+01 1.424522674829246682e+02
1.046827873690228472e+02 1.139875156847267945e+01 1.433967073768835974e+02
1.040827955302976306e+02 1.102982059693827033e+01 1.442961252902476588e+02
1.035118273542532137e+02 1.067256969611163520e+01 1.451525339385775339e+02
1.029684599556082105e+02 1.032659379079838580e+01 1.459678536390886734e+02
1.024513944165232715e+02 9.991552979531148182e+00 1.467437415870973041e+02
1.019548139181442821e+02 9.662944265078598605e+00 1.474964740002509416e+02
1.014736801765305927e+02 9.336696103369945376e+00 1.482407189552065745e+02
1.010075750079798951e+02 9.012817878041632369e+00 1.489767391081943231e+02
1.005561234756597884e+02 8.691344045530556173e+00 1.497046933293509312e+02
1.001189600393547892e+02 8.372306505498350759e+00 1.504247375039506949e+02
9.969572809804084557e+01 8.055734792413449696e+00 1.511370246385408791e+02
9.928607998988523775e+01 7.741656075551073712e+00 1.518417048609415474e+02
9.888967699224663477e+01 7.430095158993244020e+00 1.525389254202457323e+02
9.850618923930589688e+01 7.121074510168208249e+00 1.532288307094097490e+02
9.813529563841825620e+01 6.814614256806934556e+00 1.539115623068929324e+02
9.777668425816443687e+01 6.510732064099548744e+00 1.545872588634500744e+02
9.743005078727385637e+01 6.209443747652872325e+00 1.552560564786710131e+02
9.709509834962767627e+01 5.910763343342772203e+00 1.559180887483584570e+02
9.677153750425867429e+01 5.614703107314157116e+00 1.565734867645281554e+02
9.645908624535148590e+01 5.321273515980981195e+00 1.572223791154088417e+02
9.615746990577642350e+01 5.030483296972088070e+00 1.578648919133460993e+02
9.586642118372598986e+01 4.742339387974752185e+00 1.585011488061350349e+02
9.558568028579638565e+01 4.456846914060359488e+00 1.591312709220752026e+02
9.531499370022270057e+01 4.174009650553453632e+00 1.597553771843478501e+02
9.505411410250499671e+01 3.893830056717418220e+00 1.603735843363227787e+02
9.480280035540862116e+01 3.616309275754465258e+00 1.609860069415585144e+02
9.456081750896409233e+01 3.341447134805646257e+00 1.615927573838022511e+02
9.432793669471746512e+01 3.069242175910343651e+00 1.621939458993086305e+02
9.410393523664352244e+01 2.799691590812214415e+00 1.627896805620484884e+02
9.388859659680939274e+01 2.532791270550260876e+00 1.633800672806473528e+02
9.368170943150009577e+01 2.268536141183408184e+00 1.639652100521842613e+02
9.348306754854300493e+01 2.006920178071451843e+00 1.645452109741903826e+02
9.329246990730776190e+01 1.747936405875061050e+00 1.651201702446493869e+02
9.310972061870634775e+01 1.491576898555776909e+00 1.656901861619971612e+02
9.293462892562332911e+01 1.237832776106862820e+00 1.662553551363561155e+02
9.276700924602306486e+01 9.866941720800133098e-01 1.668157716879513828e+02
9.260668074585075260e+01 7.381504098450366591e-01 1.673715285477388761e+02
9.245346699030200455e+01 4.921901119663698587e-01 1.679227167597352093e+02
9.230719593838125547e+01 2.488012014625329560e-01 1.684694256828754817e+02
9.216769994070992311e+01 7.970902444201224610e-03 1.690117429916851961e+02
9.203481564856059549e+01 -2.303142385801611736e-01 1.695497547071911981e+02
9.190838414365491360e+01 -4.660683955073777751e-01 1.700835451600558770e+02
9.178825046901066287e+01 -6.993063043555308722e-01 1.706131971217409102e+02
9.167426345093136320e+01 -9.300432073895689156e-01 1.711387918567164945e+02
