2.540000000000000000e+02 7.000000000000000000e+00 0.000000000000000000e+00
2.530010206910638146e+02 7.439447392826116001e+00 6.746854668146962108e-01
2.519750063798582858e+02 7.888803952920939722e+00 1.367008873711654804e+00
2.509212941138116832e+02 8.348311179555315320e+00 2.077399511445480407e+00
2.498392046423403485e+02 8.818216507306109619e+00 2.806297224419603609e+00
2.487277828039183873e+02 9.298678250138857848e+00 3.554118029335817219e+00
2.475802799342697256e+02 9.787709134477447392e+00 4.320484622338683245e+00
2.463926849591749431e+02 1.028426449441698765e+01 5.105318245252221665e+00
2.451641969362469808e+02 1.078847254859998017e+01 5.908961775801559568e+00
2.438917455436229886e+02 1.129932890110761257e+01 6.735794051254551107e+00
2.425635426264701664e+02 1.181162174952985922e+01 7.605354936271734978e+00
2.411763591827389632e+02 1.232468684273827897e+01 8.521520906992243738e+00
2.397282068001526056e+02 1.283852854430290868e+01 9.485878215249734069e+00
2.382170295954447568e+02 1.335315135433986988e+01 1.050006695263565604e+01
2.366407028628258047e+02 1.386855991225267104e+01 1.156578212898273428e+01
2.349970322343206135e+02 1.438475899843532346e+01 1.268477434239140322e+01
2.332837484843592506e+02 1.490175354480958347e+01 1.385885392501216806e+01
2.314985053452776071e+02 1.541954863925552033e+01 1.508989268621138891e+01
2.296388788752658172e+02 1.593814952689358933e+01 1.637982441692876279e+01
2.277023681614007842e+02 1.645756132961843576e+01 1.773064780729784218e+01
2.257011529359972428e+02 1.697682562731538169e+01 1.914439318836634385e+01
2.236481261356134667e+02 1.749496805675252631e+01 2.062312351192548121e+01
2.215426912512044737e+02 1.801190875493480803e+01 2.216898929763762638e+01
2.193835174179592684e+02 1.852761349823201797e+01 2.378421476370487753e+01
2.171686670322670807e+02 1.904208494579037136e+01 2.547109860626294520e+01
2.148963882088374930e+02 1.955530872646158613e+01 2.723201597979773680e+01
2.125648838960094054e+02 2.006726944103453647e+01 2.906942081112788401e+01
2.101722763954424238e+02 2.057795263653154194e+01 3.098585170436519221e+01
2.077166246078585914e+02 2.108734360241843220e+01 3.298393226491010211e+01
2.051967650470886895e+02 2.159521510037540537e+01 3.506505191014611000e+01
2.026362560751601620e+02 2.209521064882711627e+01 3.719196765838441365e+01
2.000452922310835220e+02 2.258460346806926822e+01 3.934873681982502802e+01
1.974238900907118648e+02 2.306326611841252827e+01 4.153542407479290688e+01
1.947720469390388871e+02 2.353107648943052865e+01 4.375212619644050704e+01
1.920897617241040223e+02 2.398791240613133624e+01 4.599893902333587903e+01
1.893770350569920708e+02 2.443365162895748099e+01 4.827595745946268124e+01
1.866338692118336553e+02 2.486817185378593820e+01 5.058327547422018000e+01
1.838602681258879841e+02 2.529135071254907885e+01 5.292098610201281161e+01
1.810562374030871808e+02 2.570306578147302545e+01 5.528918143524935402e+01
1.782217843292032740e+02 2.610319459186348467e+01 5.768795260849267237e+01
1.753569178806854438e+02 2.649161463964668783e+01 6.011738978734575767e+01
1.724616487251038848e+02 2.686820338659223850e+01 6.257758216746599800e+01
1.695359892248784774e+02 2.723283826522477824e+01 6.506861796936573228e+01
1.665799534454918387e+02 2.758539668747172158e+01 6.759058442821282142e+01
1.636194970726421047e+02 2.790521303014153887e+01 7.014646739856165425e+01
1.607366391189351589e+02 2.812790723763733425e+01 7.274498236116420458e+01
1.579367871895212545e+02 2.825052285750093262e+01 7.538569238820998919e+01
1.552189924605659144e+02 2.827513840419097235e+01 7.806745075033586545e+01
1.525823078704191005e+02 2.820380580198864351e+01 8.078913210272966694e+01
1.500257883679692554e+02 2.803855037936416039e+01 8.354963234765295965e+01
1.475484909126434729e+02 2.778137086897674735e+01 8.634786863444099936e+01
1.451494744736274924e+02 2.743423940838388830e+01 8.918277935936197309e+01
1.428277998913037834e+02 2.699910180761596834e+01 9.205332402324707175e+01
1.405824381042898210e+02 2.647788556499416046e+01 9.495861464474923253e+01
1.384391429916442462e+02 2.587042126262891273e+01 9.785920648379108400e+01
1.364400888063792081e+02 2.518440619737241093e+01 1.006777722093947176e+02
1.345335977817957200e+02 2.448753508696664127e+01 1.033914761952941035e+02
1.327066024598026672e+02 2.379370796224553075e+01 1.059988939389090916e+02
1.309563427547122103e+02 2.310298926718436974e+01 1.085035937806818822e+02
1.292801464872455313e+02 2.241544026886506558e+01 1.109090312675743206e+02
1.276754289397224795e+02 2.173111907490519812e+01 1.132185497227713569e+02
1.261396930311542661e+02 2.105008062596889928e+01 1.154353800219091255e+02
1.246705252977669858e+02 2.037237685258675057e+01 1.175626457416528297e+02
1.232655844463650681e+02 1.969797400820085898e+01 1.196032784351142482e+02
1.219230706482222644e+02 1.903239855062469132e+01 1.215661556403666737e+02
1.206411978501409976e+02 1.838094844988673060e+01 1.234600055920541308e+02
1.194177715551702477e+02 1.774337675013261162e+01 1.252875374217551325e+02
1.182506536228340792e+02 1.711920703319160353e+01 1.270511097141384482e+02
1.171377885219490054e+02 1.650798125708384845e+01 1.287529900332266379e+02
1.160771919412808870e+02 1.590925722235281548e+01 1.303953674714032616e+02
1.150669479153923191e+02 1.532260793268260457e+01 1.319803558162124375e+02
1.141052088392129633e+02 1.474762159813918849e+01 1.335099935343051527e+02
1.131901961700346391e+02 1.418390179133903040e+01 1.349862429979609146e+02
1.123201954644555940e+02 1.363106634337146872e+01 1.364109959534797838e+02
1.114914554358345242e+02 1.308797729974192769e+01 1.377857857117737694e+02
1.106924238605671178e+02 1.255062359900272639e+01 1.391108006794792402e+02
1.099207370697960187e+02 1.201835225323553047e+01 1.403871898390004276e+02
1.091754940316462097e+02 1.149104067033414012e+01 1.416162498906046778e+02
1.084558942752384638e+02 1.096859743991322844e+01 1.427992518007623346e+02
1.077611607560878753e+02 1.045096188927256797e+01 1.439374812768300274e+02
1.070887077625267665e+02 9.938082088657221647e+00 1.450331597657370253e+02
1.064366497391301749e+02 9.429898866757232767e+00 1.460880457079197754e+02
1.058039855419898174e+02 8.926354755390464746e+00 1.471033973837197379e+02
1.051899233452333391e+02 8.427392864185824450e+00 1.480803397322286798e+02
1.045938806410244410e+02 7.932956880583267534e+00 1.490198643512887600e+02
1.040154842395628947e+02 7.442991069833806428e+00 1.499228294974924154e+02
1.034544310962956928e+02 6.957440390135812613e+00 1.507900400752409098e+02
1.029102240316019703e+02 6.476250977465856096e+00 1.516223981738438340e+02
1.023824386056795959e+02 5.999369149726640593e+00 1.524207512951070953e+02
1.018721427347524440e+02 5.524685043419220953e+00 1.531889288573842407e+02
1.013797968130514846e+02 5.050999098069950399e+00 1.539293539291477941e+02
1.009050038324157299e+02 4.578330897095252539e+00 1.546426370288403689e+02
1.004473777744445186e+02 4.106695571796865174e+00 1.553293817495154201e+02
1.000028414781715185e+02 3.634212139129560093e+00 1.559967944603767478e+02
9.956468178402907654e+01 3.157556286056919070e+00 1.566568384200916171e+02
9.913267835801602246e+01 2.676656153096918178e+00 1.573099003129467803e+02
9.870681847724435443e+01 2.191545777154467078e+00 1.579559956976629849e+02
9.828709530296720231e+01 1.702262207001991934e+00 1.585951295412998832e+02
9.787350175456191437e+01 1.208842523872525776e+00 1.592273070992624753e+02
9.746603053655445592e+01 7.113238058997698454e-01 1.598525338859319618e+02
9.706467413861946625e+01 2.097431281180960061e-01 1.604708156746659427e+02
9.666942483558024435e+01 -2.958624375374537818e-01 1.610821584977981900e+02
9.628027468740867789e+01 -8.054558222311670734e-01 1.616865686466387615e+02
9.589721553922534270e+01 -1.318999960226661106e+00 1.622840526714741145e+02
9.552023902129940325e+01 -1.836457788886882936e+00 1.628746173815669636e+02
9.514933654904872640e+01 -2.357792248674111857e+00 1.634582698451561384e+02
9.478449932303975345e+01 -2.882966283149951625e+00 1.640350173894568968e+02
9.442571832898762807e+01 -3.411942838975341452e+00 1.646048676006608389e+02
9.407298433775608260e+01 -3.944684865910547344e+00 1.651678283239357654e+02
9.372628792409810217e+01 -4.481155336120210109e+00 1.657239076425822191e+02
9.338561945359144545e+01 -5.021317227111294912e+00 1.662731138922428613e+02
9.305096905161482823e+01 -5.565133491791145026e+00 1.668154556955873318e+02
9.272232664600610974e+01 -6.112567105569779891e+00 1.673509419151483826e+02
9.239968196770423958e+01 -6.663581067047191553e+00 1.678795816526106250e+02
9.208302455074935722e+01 -7.218138398013361545e+00 1.684013842488100750e+02
9.177234373228263564e+01 -7.776202143448249338e+00 1.689163592837345504e+02
9.146762865254640928e+01 -8.337735371521800332e+00 1.694245165765234447e+02
9.116886825488411716e+01 -8.902701173593932538e+00 1.699258661854676404e+02
9.087605128574033131e+01 -9.471062664214558779e+00 1.704204184080097946e+02
9.058916629466072834e+01 -1.004278298112356360e+01 1.709081837807442241e+02
9.030820163429213210e+01 -1.061782528525082014e+01 1.713891730794167074e+02
9.003314546038242838e+01 -1.119615276071617416e+01 1.718633973189247968e+02
8.976398573190559205e+01 -1.177772861474167065e+01 1.723308677531595947e+02
8.950071021663035253e+01 -1.236251607717623280e+01 1.727915958682579287e+02
