2.540000000000000000e+02 7.000000000000000000e+00 0.000000000000000000e+00
2.528073972116358732e+02 7.545626115686543400e+00 6.354141240539266100e-01
2.515757189951646353e+02 8.089399653946063751e+00 1.308558110667107810e+00
2.503055440003049057e+02 8.630723698611374672e+00 2.023511322296420278e+00
2.489956175312037772e+02 9.169538716725444516e+00 2.781716492423232712e+00
2.476445793660446952e+02 9.705802311713380703e+00 3.584568810542411388e+00
2.462510421425434401e+02 1.023946513865007191e+01 4.433536934569116461e+00
2.448135687385797041e+02 1.077047692099946374e+01 5.330135422203662543e+00
2.433306742431321936e+02 1.129878563493766563e+01 6.275929285825182724e+00
2.418008240359606305e+02 1.182433743932848991e+01 7.272536019701665744e+00
2.402224312707892295e+02 1.234707658394858676e+01 8.321628256904299192e+00
2.385938559526157974e+02 1.286694537584036446e+01 9.424934743362104683e+00
2.369134041081977102e+02 1.338388414906219737e+01 1.058424121354883063e+01
2.351793241474885008e+02 1.389783113200688192e+01 1.180139423159210210e+01
2.333898051182279403e+02 1.440872238375467340e+01 1.307830303383913773e+01
2.315429754783710337e+02 1.491649174930737587e+01 1.441694082476405470e+01
2.296369023329656613e+02 1.542107083175866933e+01 1.581934558257172085e+01
2.276695868925968398e+02 1.592238882668223887e+01 1.728762485356281076e+01
2.256389623774221889e+02 1.642037244570003907e+01 1.882395796477274885e+01
2.235428930114186130e+02 1.691494587980495723e+01 2.043059708571345112e+01
2.213791726340066077e+02 1.740603074872908351e+01 2.210986869403624056e+01
2.191455210386518502e+02 1.789354596742541403e+01 2.386417744074989500e+01
2.168395795904051795e+02 1.837740758625420057e+01 2.569601077663618227e+01
2.144589110826971421e+02 1.885752878576042590e+01 2.760793910342846047e+01
2.120009973996626513e+02 1.933381979142212614e+01 2.960261824162170896e+01
2.094632354019558420e+02 1.980618772361862767e+01 3.168279377368435235e+01
2.068429345861562183e+02 2.027453651227562403e+01 3.385130351494368739e+01
2.041403280649017518e+02 2.074323648831760636e+01 3.610481625034801567e+01
2.013643306891274847e+02 2.122944228988070137e+01 3.842202377482825426e+01
1.985330918424529045e+02 2.173018912440547012e+01 4.078303687874768002e+01
1.956742279505399722e+02 2.223754422171971612e+01 4.316002539716767927e+01
1.927879490321319622e+02 2.275144678769129314e+01 4.555269596674544630e+01
1.898741063771917936e+02 2.327193896301096032e+01 4.796111438479866962e+01
1.869325507523666374e+02 2.379906306667101035e+01 5.038534659291308060e+01
1.839631324005391093e+02 2.433286159628573131e+01 5.282545867656858718e+01
1.809657010402247010e+02 2.487337722853122202e+01 5.528151686463510828e+01
1.779401058650357470e+02 2.542065281953500033e+01 5.775358752891168024e+01
1.748902805913116936e+02 2.596799412321552936e+01 6.024398609192617471e+01
1.718420540944935908e+02 2.647261448334372957e+01 6.276709182891754324e+01
1.688002004278784227e+02 2.692648304246218061e+01 6.532571066694971762e+01
1.657666124466339852e+02 2.732834922637719188e+01 6.791966728854818314e+01
1.627927049442967302e+02 2.764554567201992086e+01 7.054141595685443633e+01
1.599056619041278111e+02 2.786133564226292236e+01 7.318668616834058582e+01
1.571027104132535044e+02 2.797816710276659791e+01 7.585555935882028677e+01
1.543813980876810206e+02 2.799825723182643245e+01 7.854808581340181206e+01
1.517393217442152604e+02 2.792376677407014185e+01 8.126432372567087725e+01
1.491741465004950555e+02 2.775679006327618481e+01 8.400433512178564399e+01
1.466836049006204235e+02 2.749935585644528047e+01 8.676818582908586563e+01
1.442654964100229620e+02 2.715342781406358341e+01 8.955594545969685782e+01
1.419176873772965450e+02 2.672090453241077057e+01 9.236768741366083191e+01
1.396381074319683648e+02 2.620362297988472378e+01 9.520348874947254103e+01
1.374247448800912821e+02 2.560336288504953473e+01 9.806343002331560399e+01
1.352756465903113110e+02 2.492184684514420567e+01 1.009475952851629046e+02
1.331889181259846566e+02 2.416074019721424193e+01 1.038560720866329632e+02
1.311696044433756754e+02 2.333963024620587490e+01 1.067613565380113130e+02
1.292450607392301549e+02 2.253846185213336994e+01 1.095441510820368194e+02
1.274142639856871710e+02 2.176570414860655944e+01 1.121959570671421602e+02
1.256726270902799598e+02 2.102019373953141468e+01 1.147230526369698822e+02
1.240155506151398725e+02 2.030044938655554532e+01 1.171328022529640123e+02
1.224388718985409668e+02 1.960534468996640456e+01 1.194311312515371526e+02
1.209387004873857450e+02 1.893391899771087239e+01 1.216232498969273053e+02
1.195113665739806805e+02 1.828530636961556155e+01 1.237139219769969714e+02
1.181533728501547813e+02 1.765866938109493134e+01 1.257077135840306852e+02
1.168613870404979735e+02 1.705319798856132607e+01 1.276090023143999588e+02
1.156322276762314374e+02 1.646811503738109295e+01 1.294219681609908719e+02
1.144628606442122276e+02 1.590267368449357654e+01 1.311506041693130271e+02
1.133503981915144152e+02 1.535615717419443804e+01 1.327987177231754856e+02
1.122920955599148982e+02 1.482787821754786606e+01 1.343699347303942204e+02
1.112853316558992134e+02 1.431717544073670823e+01 1.358677236486829258e+02
1.103276059422289279e+02 1.382341280698110353e+01 1.372953993573683249e+02
1.094165370749416581e+02 1.334597933649835610e+01 1.386561248862122113e+02
1.085498634422759068e+02 1.288428918562830106e+01 1.399529107688871647e+02
1.077254273118876853e+02 1.243777870851643108e+01 1.411886347768911207e+02
1.069411690062789404e+02 1.200590536336490999e+01 1.423660491867134112e+02
1.061951262347328964e+02 1.158814757643929028e+01 1.434877816257215386e+02
1.054854346468863611e+02 1.118400480610393366e+01 1.445563344282693379e+02
1.048103197524239221e+02 1.079299603787230133e+01 1.455740947027710206e+02
1.041680866894424895e+02 1.041465784339868073e+01 1.465433471205261924e+02
1.035571199574806371e+02 1.004854432798462049e+01 1.474662742515802734e+02
1.029758840615147051e+02 9.694227217922845696e+00 1.483449558006010705e+02
1.024229166786055174e+02 9.351294554378030810e+00 1.491813771595634819e+02
1.018956206825199473e+02 9.018274635705383346e+00 1.499812590583860015e+02
1.013860766404992972e+02 8.688773788056694869e+00 1.507677630903100692e+02
1.008924388607154583e+02 8.361577270035294163e+00 1.515455502285335854e+02
1.004143261392974864e+02 8.036747050539728932e+00 1.523147213443321846e+02
9.995134623890555758e+01 7.714321568527785722e+00 1.530754452792268694e+02
9.950311766367003941e+01 7.394336123014134898e+00 1.538278875004658346e+02
9.906926834063631304e+01 7.076823442029997580e+00 1.545722104063599716e+02
9.864943561892478385e+01 6.761813682986921314e+00 1.553085733264770738e+02
9.824326626973100929e+01 6.449334432676777418e+00 1.560371325216420928e+02
9.785041643587170768e+01 6.139410725593491769e+00 1.567580411976683195e+02
9.747055146124034763e+01 5.832065078989176143e+00 1.574714495677183379e+02
9.710334635540580450e+01 5.527317325272804283e+00 1.581775047252089337e+02
9.674848426537118939e+01 5.225185245103125098e+00 1.588763510133418606e+02
9.640565621016260422e+01 4.925684671600084386e+00 1.595681300926874826e+02
9.607456108082952539e+01 4.628829490344823050e+00 1.602529809411844326e+02
9.575490564044447694e+01 4.334631639379672663e+00 1.609310398541398115e+02
9.544640437742084771e+01 4.043101156251355022e+00 1.616024404878414771e+02
9.514877971331247863e+01 3.754246071580373378e+00 1.622673138213863524e+02
9.486176168653395280e+01 3.468072565871377577e+00 1.629257882178545174e+02
9.458508694124000726e+01 3.184585358800641419e+00 1.635779896863566307e+02
9.431849870226042754e+01 2.903787718364208015e+00 1.642240418888282250e+02
9.406174677510003335e+01 2.625681460877887119e+00 1.648640661400297063e+02
9.381458754215580598e+01 2.350266952027040723e+00 1.654981814087679197e+02
9.357678389031495669e+01 2.077543109372499863e+00 1.661265043517175286e+02
9.334810530628438130e+01 1.807507375222902057e+00 1.667491492830315565e+02
9.312832708595703934e+01 1.540156025980323751e+00 1.673662283763115681e+02
9.291723011285546363e+01 1.275484247936524262e+00 1.679778517276683374e+02
9.271460085813170338e+01 1.013486137272944232e+00 1.685841273557219324e+02
9.252023137341097936e+01 7.541547016953472626e-01 1.691851612041213286e+02
9.233391926003048411e+01 4.974818555965635491e-01 1.697810571594169176e+02
9.215546754185118061e+01 2.434584751082874976e-01 1.703719170804126009e+02
9.198468416569994588e+01 -7.925421311084623541e-03 1.709578409346052297e+02
9.182138193333287290e+01 -2.566806511429392534e-01 1.715389268184649723e+02
9.166537848847218584e+01 -5.028188639152966211e-01 1.721152709614468677e+02
9.151649626456095632e+01 -7.463525311396143058e-01 1.726869677454956502e+02
9.137456245262958987e+01 -9.872949325342054161e-01 1.732541097125410374e+02
9.123940855409976791e+01 -1.225660002287105810e+00 1.738167876913372254e+02
9.111087031962271965e+01 -1.461462308972353075e+00 1.743750908153699868e+02
9.098878772248062319e+01 -1.694717047369506124e+00 1.749291065309725752e+02
9.087300488791746034e+01 -1.925440022235794135e+00 1.754789206221583129e+02
9.076337023237364576e+01 -2.153647692640730860e+00 1.760246171690321830e+02
9.065973590989143815e+01 -2.379356990064973587e+00 1.765662787098032993e+02
9.056195773414317784e+01 -2.602585293385302645e+00 1.771039862639626108e+02
