2.540000000000000000e+02 7.000000000000000000e+00 0.000000000000000000e+00
2.529178501341153549e+02 7.482527665095945579e+00 7.418505088447306939e-01
2.518054205056018588e+02 7.976004401766216390e+00 1.503472328415953463e+00
2.506591295691845858e+02 8.479696961928329557e+00 2.284984649367573617e+00
2.494712150034413867e+02 8.991340584360386856e+00 3.085909471442624508e+00
2.482404154235975398e+02 9.510923492708020177e+00 3.906557787984736407e+00
2.469641205802102775e+02 1.003771873981607143e+01 4.750377605239489043e+00
2.456299323756117872e+02 1.056634224828009927e+01 5.637630979694870703e+00
2.442339864774860132e+02 1.109587324392792596e+01 6.573164964482540285e+00
2.427741917839207417e+02 1.162631449611024159e+01 7.558628529255690509e+00
2.412483865417341065e+02 1.215766883584582025e+01 8.595726376730969065e+00
2.396543369529793210e+02 1.268993915702168884e+01 9.686220041958550908e+00
2.379897354246459713e+02 1.322312841790098936e+01 1.083192927305207220e+01
2.362521952913834582e+02 1.375723964566884305e+01 1.203473619420184626e+01
2.344392499665505625e+02 1.429227593716370848e+01 1.329658597537424392e+01
2.325483509405822531e+02 1.482824046060126122e+01 1.461948841131098575e+01
2.305768263328521357e+02 1.536513841891767207e+01 1.600552076975093030e+01
2.285224264644439529e+02 1.590294716355005633e+01 1.745683361278388901e+01
2.264060719602932750e+02 1.644044425823941680e+01 1.897578662884692591e+01
2.242341610851987923e+02 1.697720092277182502e+01 2.056471493556418650e+01
2.220049546052115659e+02 1.751321657363002515e+01 2.222598033589559918e+01
2.197166420282687227e+02 1.804849151038316180e+01 2.396202596421541386e+01
2.173673213424965809e+02 1.858302788887854007e+01 2.577537790445279953e+01
2.149550262747241618e+02 1.911682817629808895e+01 2.766864685849500560e+01
2.124777207673035093e+02 1.964989517618934300e+01 2.964453541656195057e+01
2.099332985177732667e+02 2.018223203055202575e+01 3.170583866316312083e+01
2.073195294640922270e+02 2.071385542880832986e+01 3.385552597824300847e+01
2.046503082917622010e+02 2.124073112840827093e+01 3.607187330753411203e+01
2.019490198375885370e+02 2.175671169422973250e+01 3.831896955678295313e+01
1.992157622251943110e+02 2.226164843669261728e+01 4.059676658229042800e+01
1.964505534617563285e+02 2.275541340802964285e+01 4.290534097754837717e+01
1.936534136542879594e+02 2.323787867527957829e+01 4.524476800727207859e+01
1.908243650097234934e+02 2.370891632036971686e+01 4.761512160729937193e+01
1.879634318349250464e+02 2.416839844016852723e+01 5.001647438455767514e+01
1.850706405380503838e+02 2.461619715159869770e+01 5.244889761334628275e+01
1.821460196409286141e+02 2.505218460471717634e+01 5.491246122000269025e+01
1.791895997920033210e+02 2.547623299562488697e+01 5.740723376728519156e+01
1.762014137678593499e+02 2.588821456956521772e+01 5.993328245166483725e+01
1.731814964781820549e+02 2.628800162780305882e+01 6.249067309627378108e+01
1.701298849740058188e+02 2.667546653749831265e+01 6.507947014005284814e+01
1.670466184531719591e+02 2.705048173898547859e+01 6.769973663015223053e+01
1.639819940490897636e+02 2.737285312766788792e+01 7.035710282545331040e+01
1.610056918816392511e+02 2.758790744469520106e+01 7.305858603753412694e+01
1.581173972684138960e+02 2.769738857794988718e+01 7.580297009866812630e+01
1.553160583575948976e+02 2.770360015097329054e+01 7.858898107362314533e+01
1.526006254395166764e+02 2.760881521910744496e+01 8.141536965414097438e+01
1.499700511886551340e+02 2.741527626060443978e+01 8.428091102352598796e+01
1.474232906636279097e+02 2.712519517662646251e+01 8.718440485664530115e+01
1.449593013071942096e+02 2.674075329124572420e+01 9.012467531992864167e+01
1.425770428570237129e+02 2.626410145304194188e+01 9.310057103908279430e+01
1.402754773097912562e+02 2.569736067909249755e+01 9.611096458178650437e+01
1.380642908447529749e+02 2.504213887035644959e+01 9.913899606130992481e+01
1.359621049789611220e+02 2.435239043024080985e+01 1.020751290539374452e+02
1.339467058326518725e+02 2.366682104093678518e+01 1.048947915362713843e+02
1.320150339323922708e+02 2.298544182672505798e+01 1.076019846593073623e+02
1.301641255616688397e+02 2.230826854605204801e+01 1.102005770150468749e+02
1.283911155977025942e+02 2.163531531926338758e+01 1.126943093181277078e+02
1.266932377406020862e+02 2.096659462384415562e+01 1.150867941093154343e+02
1.250678209625007895e+02 2.030211736167373715e+01 1.173815203549019799e+02
1.235122837922477572e+02 1.964189296869443169e+01 1.195818608486407015e+02
1.220241257993447164e+02 1.898583330451274520e+01 1.216909699900390791e+02
1.206012466660244797e+02 1.833836978719016386e+01 1.237168182615244660e+02
1.192417601464924530e+02 1.770653957585439997e+01 1.256703072807948587e+02
1.179433106260373734e+02 1.708993760535515705e+01 1.275542489693430213e+02
1.167036231083861963e+02 1.648802185798787434e+01 1.293711810501252160e+02
1.155205058515766581e+02 1.590027012127156780e+01 1.311235484600708787e+02
1.143918440898000881e+02 1.532617849446304348e+01 1.328137103469057649e+02
1.133156000344705490e+02 1.476526138881113326e+01 1.344439400679603693e+02
1.122898135037608114e+02 1.421705167731561659e+01 1.360164244885697542e+02
1.113125975785298749e+02 1.368109966133329714e+01 1.375332688234144314e+02
1.103823263073765020e+02 1.315703964212521093e+01 1.389965300133574146e+02
1.094894807216633126e+02 1.264172429005876630e+01 1.404070924127506430e+02
1.086257441959751873e+02 1.213241836185230937e+01 1.417655838946150766e+02
1.077901905887657961e+02 1.162893701837994698e+01 1.430733550231953757e+02
1.069822586412924892e+02 1.113116870841282768e+01 1.443316735867303464e+02
1.061982614487708219e+02 1.063903086287643518e+01 1.455434862894508115e+02
1.054355559344382698e+02 1.015244250059911657e+01 1.467110990396440684e+02
1.046934368676874954e+02 9.671317271666390880e+00 1.478356863479135086e+02
1.039715690481263977e+02 9.195567676196203521e+00 1.489182024994516951e+02
1.032693783678239186e+02 8.725108825498683274e+00 1.499597220822814450e+02
1.025863739574745779e+02 8.259857524954938413e+00 1.509612534481753698e+02
1.019220764304377838e+02 7.799732303402098665e+00 1.519237814985079922e+02
1.012760178023882247e+02 7.344653401338437249e+00 1.528482678481585708e+02
1.006477411098428121e+02 6.894542715115168363e+00 1.537356516035511902e+02
1.000368000280616485e+02 6.449323741029805213e+00 1.545868501419697054e+02
9.944273702485723732e+01 6.008952856678615895e+00 1.554027137889708001e+02
9.886571342292587872e+01 5.572513179404438688e+00 1.561853433227575181e+02
9.830686395373965070e+01 5.137739486249767396e+00 1.569387429679262880e+02
9.776596340863468981e+01 4.704370667402400841e+00 1.576639498161855499e+02
9.723943426529007183e+01 4.270817790657599033e+00 1.583671934071328735e+02
9.671941121829758004e+01 3.833261158752004238e+00 1.590622757277531605e+02
9.620547399781266051e+01 3.391529602481075489e+00 1.597499346576559844e+02
9.569756664698360282e+01 2.945632200758938612e+00 1.604302680879585523e+02
9.519566284747938312e+01 2.495592403263706238e+00 1.611033218807261846e+02
9.469976591948953626e+01 2.041448030437483574e+00 1.617690898689725145e+02
9.420989372935666495e+01 1.583244153721167446e+00 1.624275402342363464e+02
9.372603599646691919e+01 1.121012736742122762e+00 1.630786902073932083e+02
9.324818883136087777e+01 6.547887872204047888e-01 1.637225457582335650e+02
9.277634871925539528e+01 1.846076108315777842e-01 1.643591120745828960e+02
9.231051190947893303e+01 -2.894954748080020845e-01 1.649883946286278160e+02
9.185067441547148803e+01 -7.674851401411858509e-01 1.656103991769162178e+02
9.139683202422907016e+01 -1.249326056483100800e+00 1.662251317486489768e+02
9.094898028649194544e+01 -1.734982882490943235e+00 1.668325986578485924e+02
9.050711450032606820e+01 -2.224420241376741547e+00 1.674328065237283170e+02
9.007122973878314554e+01 -2.717602758334023871e+00 1.680257622364033807e+02
8.964132085043226539e+01 -3.214495061258630049e+00 1.686114729562318644e+02
8.921738245935993916e+01 -3.715061780748700304e+00 1.691899461138149547e+02
8.879940896517013016e+01 -4.219267550104683906e+00 1.697611894099966605e+02
8.838739454298413989e+01 -4.727077005329331172e+00 1.703252108158640112e+02
8.798133314344076439e+01 -5.238454785127705904e+00 1.708820185727470289e+02
8.758121849269610948e+01 -5.753365530907166736e+00 1.714316211922185573e+02
8.718704409242377551e+01 -6.271773886777387119e+00 1.719740274560946318e+02
8.679880321981475788e+01 -6.793644499550342886e+00 1.725092464164340242e+02
8.641648895808455677e+01 -7.318942054382456597e+00 1.730372873578693316e+02
8.604009415596387100e+01 -7.847631224202106459e+00 1.735581598477112948e+02
8.566961140794700214e+01 -8.379676647990141447e+00 1.740718737603030206e+02
8.530503310141399709e+01 -8.915042987581610845e+00 1.745784392187879632e+02
8.494635141667203015e+01 -9.453694927715140750e+00 1.750778665950592483e+02
8.459355832695538879e+01 -9.995597176032953612e+00 1.755701665097594741e+02
8.424664559842548783e+01 -1.054071446308084781e+01 1.760553498322808537e+02
8.390560479017089790e+01 -1.108901154230821717e+01 1.765334276807651293e+02
8.357042725420728857e+01 -1.164045319006804036e+01 1.770044114221035727e+02
8.324110413547738574e+01 -1.219500420561687726e+01 1.774683126719370989e+02
8.291762637185118479e+01 -1.275262941111487436e+01 1.779251432946560385e+02
