2.540000000000000000e+02 7.000000000000000000e+00 0.000000000000000000e+00
2.528620314944416236e+02 7.539047543151824904e+00 6.186649187661859006e-01
2.516825588082869842e+02 8.076997859629702958e+00 1.270025578603672711e+00
2.504604431552102426e+02 8.613827217037641759e+00 1.954976028262511489e+00
2.491964558185990484e+02 9.148874748108021038e+00 2.677433976356887957e+00
2.478923835659080908e+02 9.681097946016288702e+00 3.443305945456391459e+00
2.465470209647650961e+02 1.021039372264619516e+01 4.254223885071180433e+00
2.451589822297504782e+02 1.073669979669285013e+01 5.111672307741466525e+00
2.437268143530232862e+02 1.125995868863491367e+01 6.017152399943305419e+00
2.422490358386922082e+02 1.178010477887684715e+01 6.972242945310962448e+00
2.407241105581333045e+02 1.229707140151793787e+01 7.978571055137710033e+00
2.391504509576500936e+02 1.281078958251221245e+01 9.037818400066747415e+00
2.375264170379165307e+02 1.332118799395230369e+01 1.015172229274450544e+01
2.358503140026061260e+02 1.382819284874428156e+01 1.132207818225779938e+01
2.341203892353424862e+02 1.433172776519528924e+01 1.255074286111605453e+01
2.323348316341975988e+02 1.483171373720258046e+01 1.383963517124663944e+01
2.304917703380777425e+02 1.532806907720158307e+01 1.519073735510063372e+01
2.285892720920713828e+02 1.582070929814931404e+01 1.660609785061208044e+01
2.266253374085954135e+02 1.630954694156735485e+01 1.808783536362222577e+01
2.245979001003938720e+02 1.679449155662251769e+01 1.963813936329789911e+01
2.225048253441434554e+02 1.727544961338432472e+01 2.125927213634397006e+01
2.203439082894794296e+02 1.775232444051702174e+01 2.295357026261750732e+01
2.181128681393404349e+02 1.822501596011152358e+01 2.472345089496125681e+01
2.158093474612010141e+02 1.869342065683223808e+01 2.657141248988024529e+01
2.134309111665243393e+02 1.915743153219977302e+01 2.850003589018650629e+01
2.109750423270105273e+02 1.961693791717739543e+01 3.051198876331756438e+01
2.084391396108844106e+02 2.007182535733157280e+01 3.261002832103687155e+01
2.058205708078793350e+02 2.052205887446180554e+01 3.479688895681464089e+01
2.031242843088174652e+02 2.097889384502241583e+01 3.705973792901409780e+01
2.003568256159430234e+02 2.145382895508680932e+01 3.938374694611107429e+01
1.975477695492133421e+02 2.193883533211083758e+01 4.173860073241051083e+01
1.947112431547301981e+02 2.243008003756461477e+01 4.410984235443878276e+01
1.918473103036217822e+02 2.292754419406565702e+01 4.649732336374234620e+01
1.889559175873486083e+02 2.343124093069233993e+01 4.890101469087002783e+01
1.860368943177037693e+02 2.394121538298387364e+01 5.132100664537298940e+01
1.830900269730987588e+02 2.445752435322097540e+01 5.375743264823737633e+01
1.801151779321846504e+02 2.498020392198900197e+01 5.621034793563715226e+01
1.771121738907093857e+02 2.550932017278144315e+01 5.867982073667084819e+01
1.740924224952088935e+02 2.602609819746469455e+01 6.117208159018517222e+01
1.710792073900823596e+02 2.649247872076812982e+01 6.369968828338745226e+01
1.680730834255630839e+02 2.690740579585448344e+01 6.626311410001855506e+01
1.650769685148821111e+02 2.726898823975121289e+01 6.886202358651607369e+01
1.621496952605502884e+02 2.753983515525058223e+01 7.148775572500069586e+01
1.593093520556719511e+02 2.770906025554024055e+01 7.413733276168503039e+01
1.565533651359381224e+02 2.777900749381968026e+01 7.681078625081994460e+01
1.538791795371439832e+02 2.775198324274944284e+01 7.950816064688035567e+01
1.512843153432127394e+02 2.763022104763212994e+01 8.222950466343353071e+01
1.487663674030481502e+02 2.741588189590707003e+01 8.497487126284617887e+01
1.463230048168671260e+02 2.711105470284779884e+01 8.774431764111912457e+01
1.439519687819789908e+02 2.671775836705994678e+01 9.053790514393938338e+01
1.416510661794170574e+02 2.623794788511558451e+01 9.335569902204187542e+01
1.394181690517274035e+02 2.567351484918665250e+01 9.619776841156711100e+01
1.372512147478715576e+02 2.502628730692081049e+01 9.906418634174710292e+01
1.351482035663661065e+02 2.429803200442243849e+01 1.019550296494896173e+02
1.331071955375215055e+02 2.349045745515537575e+01 1.048703788555149288e+02
1.311382461249911842e+02 2.263864321765491994e+01 1.077598100797477656e+02
1.292637316915849794e+02 2.181481965328351791e+01 1.105177142893911650e+02
1.274799206407037957e+02 2.102032156087873105e+01 1.131468506799716778e+02
1.257821831401263779e+02 2.025359456902761224e+01 1.156547201856064362e+02
1.241662863693705106e+02 1.951342104543376266e+01 1.180474563599026681e+02
1.226283678178539418e+02 1.879888849815044694e+01 1.203299464189908292e+02
1.211646954739680950e+02 1.810904223720222106e+01 1.225071481250988086e+02
1.197717129310940294e+02 1.744295883419489002e+01 1.245838180726118054e+02
1.184460256416858783e+02 1.679975566496463202e+01 1.265644868773075729e+02
1.171843956075697974e+02 1.617858463081428155e+01 1.284534834628624651e+02
1.159837399101167819e+02 1.557863181644188089e+01 1.302549369755601845e+02
1.148411307240230173e+02 1.499911748005454193e+01 1.319727767817153108e+02
1.137537723763635142e+02 1.443929153947634703e+01 1.336107613832869845e+02
1.127189955083754711e+02 1.389843240611566522e+01 1.351724857968943923e+02
1.117342563638973871e+02 1.337584683049666090e+01 1.366613824676764182e+02
1.107971375260269298e+02 1.287086999060483627e+01 1.380807204072505954e+02
1.099053382931118961e+02 1.238286359749483978e+01 1.394336173250581226e+02
1.090566603905873819e+02 1.191121302279664107e+01 1.407230577094851469e+02
1.082490073418195209e+02 1.145532716980528498e+01 1.419518936268830487e+02
1.074803834636764321e+02 1.101463823041753542e+01 1.431228460409391232e+02
1.067488941640965550e+02 1.058860173199559895e+01 1.442385044513345349e+02
1.060527311096859080e+02 1.017669354055893471e+01 1.453013456810775779e+02
1.053901680324158008e+02 9.778408998212015035e+00 1.463137392059253159e+02
1.047595611171884116e+02 9.393262993979201170e+00 1.472779466722494703e+02
1.041593479116276058e+02 9.020789690924301496e+00 1.481961233397262276e+02
1.035880388438472579e+02 8.660540808221746545e+00 1.490703288301341729e+02
1.030442151829213486e+02 8.312085184592133302e+00 1.499025297394739482e+02
1.025258760529897017e+02 7.974418039125381164e+00 1.506966824363700539e+02
1.020255954942330305e+02 7.641448642109026856e+00 1.514746047087088812e+02
1.015406741184652759e+02 7.311148103119303521e+00 1.522437403699448737e+02
1.010707281195401350e+02 6.983548678440383739e+00 1.530042530574433215e+02
1.006153823704336787e+02 6.658677004880027006e+00 1.537563113313407825e+02
1.001742716935462028e+02 6.336557048610225173e+00 1.545000804596620014e+02
9.974703996559748020e+01 6.017210482287052464e+00 1.552357226330479421e+02
9.933334011762700300e+01 5.700656685050666361e+00 1.559633969647557592e+02
9.893283413499369772e+01 5.386912742525306719e+00 1.566832594906588554e+02
9.854519295391523315e+01 5.075993481684248465e+00 1.573954631992597513e+02
9.817009649129346371e+01 4.767911424342241133e+00 1.581001580447465642e+02
9.780723369328141814e+01 4.462676801438984597e+00 1.587974909146513767e+02
9.745630117831679229e+01 4.160298090392771542e+00 1.594876059758316273e+02
9.711700313805185658e+01 3.860782052295425260e+00 1.601706447009417218e+02
9.678905133735352706e+01 3.564133731912291658e+00 1.608467458684327767e+02
9.647216511338510259e+01 3.270356457994983312e+00 1.615160455628168847e+02
9.616607115728656652e+01 2.979451904312651056e+00 1.621786772454677532e+02
9.587050396961585363e+01 2.691419912572415640e+00 1.628347716365494762e+02
9.558520493459968748e+01 2.406258866351605796e+00 1.634844569466811492e+02
9.530992177545832078e+01 2.123965890281353186e+00 1.641278590256370933e+02
9.504440855440572022e+01 1.844536850046601728e+00 1.647651013623469112e+02
9.478842567264948116e+01 1.567966352386098938e+00 1.653963050848955163e+02
9.454173985644897016e+01 1.294247745490181067e+00 1.660215889671262062e+02
9.430412417819727011e+01 1.023373082972828030e+00 1.666410694397517887e+02
9.407535773288296355e+01 7.553332706187013690e-01 1.672548606617469318e+02
9.385522508277925624e+01 4.901182618109345968e-01 1.678630746765091715e+02
9.364351622256540963e+01 2.277170673750421037e-01 1.684658214231129421e+02
9.344002657464460526e+01 -3.188224298777193183e-02 1.690632087377540245e+02
9.324455689443394135e+01 -2.886925181387531847e-01 1.696553423867933645e+02
9.305691337258183182e+01 -5.427275602263763599e-01 1.702423260372712548e+02
9.287690706600956503e+01 -7.940019244104966623e-01 1.708242614168733553e+02
9.270435373153391367e+01 -1.042530863765555482e+00 1.714012483627742256e+02
9.253907382586707797e+01 -1.288330329280580555e+00 1.719733848216377510e+02
9.238089244261314548e+01 -1.531416953458601737e+00 1.725407668707705398e+02
9.222963937005721391e+01 -1.771808077801400927e+00 1.731034887061255176e+02
9.208514882545527769e+01 -2.009521657321255539e+00 1.736616427158451472e+02
9.194725908884609566e+01 -2.244576143658719936e+00 1.742153195903715925e+02
9.181581249816329660e+01 -2.476990483606879678e+00 1.747646083239672805e+02
9.169065542586844231e+01 -2.706784112352701666e+00 1.753095962221574950e+02
9.157163814831754678e+01 -2.933976922526989384e+00 1.758503689474104590e+02
9.145861517771143667e+01 -3.158589365556821793e+00 1.763870104165805799e+02
9.135144460229271601e+01 -3.380642245553200365e+00 1.769196030019811587e+02
