2.540000000000000000e+02 7.000000000000000000e+00 0.000000000000000000e+00
2.526951664374048221e+02 7.462831532402003809e+00 8.397290367679951517e-01
2.513699696019087071e+02 7.927954253530319129e+00 1.690912555466432377e+00
2.500242206081059635e+02 8.395381339450477043e+00 2.553651811373391922e+00
2.486577293171685596e+02 8.865126010829824210e+00 3.428048705975686783e+00
2.472703040912168433e+02 9.337201565044905394e+00 4.314205928769546894e+00
2.458617517463281388e+02 9.811621378147622252e+00 5.212226981713446783e+00
2.444318775525370881e+02 1.028839890486524311e+01 6.122216179228101574e+00
2.429804852338354237e+02 1.076754767860037987e+01 7.044278648196469206e+00
2.415073769681719398e+02 1.124908131143101286e+01 7.978520327963756209e+00
2.400123533874526913e+02 1.173301349411046424e+01 8.925047970337404379e+00
2.384952135760451029e+02 1.221935799612225004e+01 9.883969140361958949e+00
2.369546835888883436e+02 1.270769097485476884e+01 1.085746127532611105e+01
2.353806637778462800e+02 1.319404729351004413e+01 1.186458425730485899e+01
2.337699015573575991e+02 1.367738093081107387e+01 1.291086981886508944e+01
2.321213981798004227e+02 1.415758627404562731e+01 1.399744701233343491e+01
2.304341660629381181e+02 1.463457091860057524e+01 1.512540059884180366e+01
2.287072243916247203e+02 1.510825383994430737e+01 1.629577960909592349e+01
2.269395532710695136e+02 1.557854587174570327e+01 1.750968782737835383e+01
2.251301034076875851e+02 1.604535390475627565e+01 1.876826452256647570e+01
2.232777992921272698e+02 1.650858330330317969e+01 2.007267536726224932e+01
2.213815366654418426e+02 1.696813692672338547e+01 2.142411717211158262e+01
2.194401825190894897e+02 1.742391512936370646e+01 2.282381788580435611e+01
2.174525748236682716e+02 1.787581573695244330e+01 2.427303688886224720e+01
2.154175209837554803e+02 1.832373391200864887e+01 2.577306666709163707e+01
2.133337990654313785e+02 1.876756226076507872e+01 2.732523148214053776e+01
2.112001541430649070e+02 1.920719051495809637e+01 2.893089132803298114e+01
2.090152976967476093e+02 1.964250547934164715e+01 3.059144258376503700e+01
2.067779076122938022e+02 2.007339103168725813e+01 3.230831801330478470e+01
2.044866279362949797e+02 2.049972810144817004e+01 3.408298703087465498e+01
2.021400669810370232e+02 2.092139450468870976e+01 3.591695775338217800e+01
1.997367988716285936e+02 2.133826507884610990e+01 3.781177532483349069e+01
1.972753593388444529e+02 2.175021131626909465e+01 3.976902647280482483e+01
1.947542448581306189e+02 2.215710128922134459e+01 4.179034044092392719e+01
1.921719126496045646e+02 2.255879964988154640e+01 4.387738898887005945e+01
1.895267806298470248e+02 2.295516762614430561e+01 4.603188644458474954e+01
1.868172258277853075e+02 2.334606288363511695e+01 4.825559141991571721e+01
1.840415825178064324e+02 2.373133936309736214e+01 5.055030883250835672e+01
1.811981249141871331e+02 2.411084821993432215e+01 5.291789402591310676e+01
1.782960424017182959e+02 2.448378645831842348e+01 5.535797488289209412e+01
1.753567500623474302e+02 2.484539674083275784e+01 5.786919242764329141e+01
1.724338640397401718e+02 2.516088011196901419e+01 6.045489349800001122e+01
1.695415942768938748e+02 2.542588744897229347e+01 6.308563596364163573e+01
1.666805150454091518e+02 2.564206202615060448e+01 6.574966497314164826e+01
1.638506016361373554e+02 2.580952880985255504e+01 6.844714589941233385e+01
1.610518366517809170e+02 2.592843530533247431e+01 7.117805942847104461e+01
1.583020263981902929e+02 2.599088556260565497e+01 7.392362283299969761e+01
1.556467453389234095e+02 2.597705767301139446e+01 7.663486211239786883e+01
1.530865660235207315e+02 2.588796846189144318e+01 7.930940511369328760e+01
1.506201222421020702e+02 2.572550310354930758e+01 8.194692356168056335e+01
1.482460427631946516e+02 2.549153214461749783e+01 8.454711130711037015e+01
1.459629516430782701e+02 2.518791134004969123e+01 8.710968411619383289e+01
1.437689197572880175e+02 2.481784784444336012e+01 8.963353681309652643e+01
1.416515512718009973e+02 2.441016358471690495e+01 9.210199361458660405e+01
1.396055593665893468e+02 2.397513107586094350e+01 9.451024998067423155e+01
1.376294642520478533e+02 2.351350186456180325e+01 9.685939318474865445e+01
1.357218212797214107e+02 2.302599006428101802e+01 9.915050687836316001e+01
1.338812106990000075e+02 2.251329659563310415e+01 1.013846568264827113e+02
1.321062376571190384e+02 2.197610918638556043e+01 1.035628909074840465e+02
1.303955321991633696e+02 2.141510237145619655e+01 1.056862391131518990e+02
1.287477493097814261e+02 2.083093746911962185e+01 1.077557135202406755e+02
1.271615680124721308e+02 2.022426307068709406e+01 1.097723089263510161e+02
1.256356905855980273e+02 1.959571546809844023e+01 1.117370034021708562e+02
1.241688425529065398e+02 1.894591865835836586e+01 1.136507582988074461e+02
1.227597722134741787e+02 1.827548459896321376e+01 1.155145185797533571e+02
1.214072359228588027e+02 1.758489235501756198e+01 1.173290490609993810e+02
1.201102655487286484e+02 1.687676661691526903e+01 1.190980188634513723e+02
1.188682157754819571e+02 1.615636668073828730e+01 1.208287611970101239e+02
1.176799716253462407e+02 1.542483344147032298e+01 1.225231364188731789e+02
1.165443378192942987e+02 1.468241953551728862e+01 1.241818050480727038e+02
1.154601450848795849e+02 1.392938262292401852e+01 1.258054270215654213e+02
1.144262510655396454e+02 1.316597493344671932e+01 1.273946467477431952e+02
1.134415357889922973e+02 1.239244417654519026e+01 1.289500957446173572e+02
1.125049014339398639e+02 1.160903358823407494e+01 1.304723927756354271e+02
1.116152723300693168e+02 1.081598193108289152e+01 1.319621438496814676e+02
1.107715949580522476e+02 1.001352349421600252e+01 1.334199422210758712e+02
1.099728379771806459e+02 9.201888087729795274e+00 1.348463683735054417e+02
1.092179924927105930e+02 8.381300988287380349e+00 1.362419898647704031e+02
1.085060702039776714e+02 7.551983311328107185e+00 1.376073624047228634e+02
1.078361027061153976e+02 6.714152151262230639e+00 1.389430302617990378e+02
1.072071415975507165e+02 5.868020559705217742e+00 1.402495262005336372e+02
1.066173629200046094e+02 5.013414709764611565e+00 1.415287660699073911e+02
1.060635768740119431e+02 4.149516478337801573e+00 1.427848788507497773e+02
1.055446131039201134e+02 3.276312905346022486e+00 1.440189313663374264e+02
1.050597311388033006e+02 2.393957145146129672e+00 1.452313471571904415e+02
1.046083372412968089e+02 1.502655134603918308e+00 1.464223367011397841e+02
1.041897660644997217e+02 6.025773148223835252e-01 1.475922303743826660e+02
1.038033792128424153e+02 -3.061026942208354695e-01 1.487413297090662354e+02
1.034485494399930019e+02 -1.223213884567649012e+00 1.498699306380440248e+02
1.031246605628426636e+02 -2.148587840113055147e+00 1.509783235390243874e+02
1.028311078877426468e+02 -3.082058836899088661e+00 1.520667930161260131e+02
1.025672970268155950e+02 -4.023463564868682951e+00 1.531356185067795082e+02
1.023326437779656857e+02 -4.972641099658259733e+00 1.541850743432478055e+02
1.021265741248786014e+02 -5.929432902597722155e+00 1.552154297526262496e+02
1.019485241670015654e+02 -6.893682804289183785e+00 1.562269488927794612e+02
1.017979397133710648e+02 -7.865236909566661438e+00 1.572198910610031817e+02
1.016742773596551785e+02 -8.843943850292474096e+00 1.581945101414422084e+02
1.015770029780544945e+02 -9.829654430778560936e+00 1.591510553797162402e+02
1.015055913642212460e+02 -1.082222154492846222e+01 1.600897715640833496e+02
1.014595262372592543e+02 -1.182150017623731308e+01 1.610108990254398122e+02
1.014383002397240716e+02 -1.282734739779184885e+01 1.619146736373201350e+02
1.014414149376227954e+02 -1.383962237227039793e+01 1.628013268158970277e+02
1.014683808330983368e+02 -1.485818635529888532e+01 1.636710855138151146e+02
1.015187172330211212e+02 -1.588290266502956349e+01 1.645241722879911208e+02
1.015919516378805270e+02 -1.691363653806473977e+01 1.653608056125543442e+02
1.016876195669439369e+02 -1.795025508886992682e+01 1.661811999689572303e+02
1.018052645577920146e+02 -1.899262730967454260e+01 1.669855658462216468e+02
1.019444242700859320e+02 -2.004062494984931675e+01 1.677741113723367050e+02
1.021044659626092539e+02 -2.109413266629991313e+01 1.685470623698153645e+02
1.022838172530891399e+02 -2.215309812344813167e+01 1.693047469431167826e+02
1.024804243258392091e+02 -2.321750383382510563e+01 1.700475349856742184e+02
1.026940123400718079e+02 -2.428723451850524384e+01 1.707755642624496204e+02
1.029240695889790942e+02 -2.536269486917104743e+01 1.714888488621756153e+02
1.031697119520273560e+02 -2.644488639820639619e+01 1.721872567695093039e+02
1.034307435593311482e+02 -2.753373470466683770e+01 1.728708698194618592e+02
1.037069966774361802e+02 -2.862912281396117820e+01 1.735397786031520866e+02
1.039983044065429851e+02 -2.973093444946597685e+01 1.741940734956771450e+02
1.043045006726648012e+02 -3.083905402226370995e+01 1.748338446498869132e+02
1.046254202252656569e+02 -3.195336662802497685e+01 1.754591819944456574e+02
1.049608986372605557e+02 -3.307375804700853195e+01 1.760701752338321739e+02
1.053107723050154192e+02 -3.420011474406122431e+01 1.766669138483396466e+02
1.056748784476070142e+02 -3.533232386770135491e+01 1.772494870936067741e+02
1.060530551007642259e+02 -3.647027324283254757e+01 1.778179839972636955e+02
1.064451411297804242e+02 -3.761385138697854558e+01 1.783724933676854789e+02
