2.540000000000000000e+02 7.000000000000000000e+00 0.000000000000000000e+00
2.529675192694283794e+02 7.463000343379232682e+00 7.122363365043917760e-01
2.519053580787075077e+02 7.936462365768065297e+00 1.443728793114821718e+00
2.508122506998543884e+02 8.420463504883729300e+00 2.194883474666634804e+00
2.496804964705134182e+02 8.912831742149181835e+00 2.965216092741824738e+00
2.485067994756234100e+02 9.412857033652754168e+00 3.754765515959659350e+00
2.472903119179996168e+02 9.920674131606977753e+00 4.563897243207289733e+00
2.460269178354301118e+02 1.043483950648660930e+01 5.398606989379690191e+00
2.447046736228375892e+02 1.095030091917780091e+01 6.278041123376635113e+00
2.433206208213762238e+02 1.146660139105497045e+01 7.205401460045566253e+00
2.418725685123870903e+02 1.198370090867724080e+01 8.182479677493230241e+00
2.403583283200306369e+02 1.250159788439194664e+01 9.210990932824193678e+00
2.387756700605242202e+02 1.302030640649476290e+01 1.029265261509944196e+01
2.371222524466749348e+02 1.353982104480317261e+01 1.142930678137299161e+01
2.353956624208680353e+02 1.406014088802712436e+01 1.262284285327131883e+01
2.335934038505887713e+02 1.458126496245682802e+01 1.387521531411410081e+01
2.317128972420632067e+02 1.510319222845411602e+01 1.518844393955666128e+01
2.297514763402304538e+02 1.562592157772479950e+01 1.656461646067467441e+01
2.277094403401632405e+02 1.614934517117328738e+01 1.800594873373830751e+01
2.256019624235488266e+02 1.667284980958597629e+01 1.951501051687285582e+01
2.234387187839923854e+02 1.719603964697556719e+01 2.109435288504252171e+01
2.212182722105484061e+02 1.771892092603406255e+01 2.274640622844007254e+01
2.189378243364335219e+02 1.824154441095136292e+01 2.447366017712414887e+01
2.165956267439818816e+02 1.876392126553951911e+01 2.627871233146903407e+01
2.141896400492603050e+02 1.928607187114075927e+01 2.816424773515076652e+01
2.117177535954053553e+02 1.980801754283226046e+01 3.013304452993095595e+01
2.091777823336590529e+02 2.032978056938459588e+01 3.218797802873492486e+01
2.065675439926051808e+02 2.085136409784147915e+01 3.433190270277673761e+01
2.039052011987188280e+02 2.136768444058195016e+01 3.653678472828940471e+01
2.012107115180603785e+02 2.187349066536134146e+01 3.877223176649856384e+01
1.984841945387047986e+02 2.236863187955835031e+01 4.103815893788667069e+01
1.957256883033014390e+02 2.285297735127296548e+01 4.333460611141391183e+01
1.929352070921113125e+02 2.332640302457163273e+01 4.566165137992573619e+01
1.901127672106087232e+02 2.378878483492512785e+01 4.801937158462922639e+01
1.872583869927187550e+02 2.423999871290542174e+01 5.040784231093681456e+01
1.843720868112284279e+02 2.467992059497861490e+01 5.282713787572392050e+01
1.814538890853235387e+02 2.510842643142654396e+01 5.527733131803894651e+01
1.785038182814009815e+02 2.552539218785584296e+01 5.775849439774079741e+01
1.755219009224678359e+02 2.593069385563553197e+01 6.027069758360779161e+01
1.725081656004443005e+02 2.632420746517997756e+01 6.281401003798280414e+01
1.694626429765050091e+02 2.670580908660161512e+01 6.538849961618979023e+01
1.663853657857139865e+02 2.707537483652956922e+01 6.799423285974813780e+01
1.633333839830271756e+02 2.738715967115078698e+01 7.063723172863613797e+01
1.603712473142556689e+02 2.759049733842961061e+01 7.332346024340269253e+01
1.574988997355218885e+02 2.768698986935862294e+01 7.605168725077510317e+01
1.547156942486886066e+02 2.767868907478397134e+01 7.882063967626304191e+01
1.520204509901908523e+02 2.756804979665306732e+01 8.162900880235778800e+01
1.494117648534524392e+02 2.735767687874963627e+01 8.447548773763291763e+01
1.468885689912265775e+02 2.704986394745967360e+01 8.735883832957044604e+01
1.444497185887900912e+02 2.664693815122194209e+01 9.027783852484708405e+01
1.420940729716342332e+02 2.615119253204427352e+01 9.323129238262119145e+01
1.398204966234625601e+02 2.556488518694739298e+01 9.621803019936182011e+01
1.376296320108980922e+02 2.489133214889402979e+01 9.923259239116504205e+01
1.355344182456948943e+02 2.418832884311499853e+01 1.021695433697311586e+02
1.335270353485338148e+02 2.349044697007946780e+01 1.049887424658245720e+02
1.316043737026543567e+02 2.279766962790357709e+01 1.076942348284115383e+02
1.297633853779755100e+02 2.210997948252896705e+01 1.102899952202555909e+02
1.280011235035343873e+02 2.142735865690180574e+01 1.127798674441107494e+02
1.263147422821986510e+02 2.074978873084796760e+01 1.151675643236896605e+02
1.247014976523365561e+02 2.007725073484038347e+01 1.174566668482242449e+02
1.231587408142256663e+02 1.940972520080994101e+01 1.196506325494561338e+02
1.216839132700977899e+02 1.874719220158786115e+01 1.217528019195620601e+02
1.202747793308345905e+02 1.809280882229881371e+01 1.237698782323596873e+02
1.189294739459237888e+02 1.745410773645076574e+01 1.257134046933292666e+02
1.176456325570109129e+02 1.683117588380720520e+01 1.275868129595634315e+02
1.164209357888524039e+02 1.622358982693675955e+01 1.293928657879416164e+02
1.152531351273058959e+02 1.563075537965466033e+01 1.311340254516958055e+02
1.141400688274633239e+02 1.505210814272908948e+01 1.328126661574090974e+02
1.130796629023820827e+02 1.448715020406099008e+01 1.344311171290443951e+02
1.120699167726524763e+02 1.393538848811418340e+01 1.359916104569615527e+02
1.111089030661158716e+02 1.339634792361934679e+01 1.374962966445425252e+02
1.101947401121101677e+02 1.286956192257981968e+01 1.389472462283100640e+02
1.093172739788934393e+02 1.235170374371674562e+01 1.403452137194410625e+02
1.084691367034060789e+02 1.184040166041530107e+01 1.416909457677329272e+02
1.076490999245823303e+02 1.133539648431017000e+01 1.429858662504946665e+02
1.068548084053450680e+02 1.083657214766671650e+01 1.442322454260638551e+02
1.060825846582154668e+02 1.034383232208602088e+01 1.454329995308531522e+02
1.053317464154904997e+02 9.857072138813364859e+00 1.465893398280360316e+02
1.046017153864405174e+02 9.376188520213135646e+00 1.477024007782655985e+02
1.038919402686277635e+02 8.901080556773090180e+00 1.487732827782768652e+02
1.032018967479065878e+02 8.431649507104356900e+00 1.498030521608866650e+02
1.025310874880257188e+02 7.967798797959686929e+00 1.507927412008500596e+02
1.018790254767982333e+02 7.509434035620864201e+00 1.517433576809643512e+02
1.012452232254901645e+02 7.056462901850384384e+00 1.526558921597363110e+02
1.006292096714381046e+02 6.608795051415409461e+00 1.535313090502456248e+02
1.000305252004428525e+02 6.166342111208979127e+00 1.543705494875659383e+02
9.944872136083439784e+01 5.729017632023253981e+00 1.551745319093091382e+02
9.888396817464051480e+01 5.295883790634040800e+00 1.559453328909186780e+02
9.833756648777170994e+01 4.864466193943769667e+00 1.566870981655604851e+02
9.780909036322125871e+01 4.434618363406995556e+00 1.574007799382614792e+02
9.729072108388658080e+01 4.002642483345531410e+00 1.580999409742700834e+02
9.677834849038745801e+01 3.566568845937565957e+00 1.587917177198386867e+02
9.627197139380702140e+01 3.126433791862233580e+00 1.594761114839645586e+02
9.577158639770341608e+01 2.682272639205641962e+00 1.601531273147614627e+02
9.527718987284859509e+01 2.234120711742427545e+00 1.608227705449889982e+02
9.478877795802534934e+01 1.782013337859703173e+00 1.614850467910521843e+02
9.430634656002722238e+01 1.325985850557058088e+00 1.621399619530012046e+02
9.382989135365855304e+01 8.660735874465547157e-01 1.627875222145315206e+02
9.335940778173453225e+01 4.023118907527351018e-01 1.634277340429838716e+02
9.289489105508107514e+01 -6.526389268738629068e-02 1.640606041893442750e+02
9.243633616622524585e+01 -5.366184285207448168e-01 1.646861396710905012e+02
9.198373788222843928e+01 -1.011716384917231482e+00 1.653043477811986861e+02
9.153709070809138382e+01 -1.490522386505185537e+00 1.659152361339999402e+02
9.109638893005430305e+01 -1.973001069072935376e+00 1.665188126109148357e+02
9.066162661702614400e+01 -2.459117081366581914e+00 1.671150853586622986e+02
9.023279762058426456e+01 -2.948835085089992702e+00 1.677040627892597513e+02
8.980989557497467501e+01 -3.442119754904804818e+00 1.682857535800229698e+02
8.939291389711191016e+01 -3.938935778430425305e+00 1.688601666735661979e+02
8.898184578657910038e+01 -4.439247856244029400e+00 1.694273112778019765e+02
8.857668422562791477e+01 -4.943020701880559642e+00 1.699871968659414563e+02
8.817742197917858959e+01 -5.450219041832735201e+00 1.705398331764939428e+02
8.778405159481992825e+01 -5.960807615551030558e+00 1.710852302132672946e+02
8.739656540280930130e+01 -6.474751175443703488e+00 1.716233982453678095e+02
8.701495551714253907e+01 -6.992014487999203887e+00 1.721543478058655694e+02
8.663921387726846035e+01 -7.512562376011978849e+00 1.726780896397705476e+02
8.626933217182073577e+01 -8.036359635717930772e+00 1.731946347992884796e+02
8.590530185943528352e+01 -8.563371062614178797e+00 1.737039946177405625e+02
8.554711420047321724e+01 -9.093561485581798109e+00 1.742061806699531417e+02
8.519476025702111599e+01 -9.626895766885860795e+00 1.747012047722575403e+02
8.484823089289078268e+01 -1.016333880217540298e+01 1.751890789824900878e+02
8.450751677361940040e+01 -1.070285552048344435e+01 1.756698155999922335e+02
8.417260836646951816e+01 -1.124541088422697754e+01 1.761434271656103476e+02
8.384349594042899412e+01 -1.179096988920697342e+01 1.766099264616959204e+02
8.352016956621106658e+01 -1.233949756460837932e+01 1.770693265121054196e+02
