2.540000000000000000e+02 7.000000000000000000e+00 0.000000000000000000e+00
2.528924557040986372e+02 7.498257803967572244e+00 7.396686465536187471e-01
2.517537186601115593e+02 8.007136817534481921e+00 1.499819570281665460e+00
2.505830157285828079e+02 8.526896686096932854e+00 2.280954409641346992e+00
2.493778964527779749e+02 9.057259358846303954e+00 3.083349026271889226e+00
2.481291484237619898e+02 9.595688255970285852e+00 3.906262898515790560e+00
2.468320558629045820e+02 1.014062180837804306e+01 4.755102999258072671e+00
2.454736421141612652e+02 1.068666343982194533e+01 5.650366876034902397e+00
2.440507368593553394e+02 1.123328196805203127e+01 6.595523146692744199e+00
2.425611641717446219e+02 1.178045765152392477e+01 7.592273856947850952e+00
2.410026754092067733e+02 1.232817002191830902e+01 8.642377968233725838e+00
2.393729478328681637e+02 1.287639787027454830e+01 9.747652438959372390e+00
2.376695822176625370e+02 1.342511922300659677e+01 1.090997409483244773e+01
2.358900979006335206e+02 1.397431129220028900e+01 1.213128350476891804e+01
2.340310152340217655e+02 1.452394056969604996e+01 1.341354377986704094e+01
2.320932287484651226e+02 1.507401777528372122e+01 1.475898254036060564e+01
2.300890027380763456e+02 1.562469026416924045e+01 1.617043951181606332e+01
2.280263990617613103e+02 1.617609189313740359e+01 1.765068748539181698e+01
2.259060628575686565e+02 1.672829949647521275e+01 1.920227665740134881e+01
2.237258405972766866e+02 1.728136453936968664e+01 2.082772280303930046e+01
2.214837177857909296e+02 1.783534291713160869e+01 2.252964272070934015e+01
2.191776069585980622e+02 1.839029279019446506e+01 2.431074725899789968e+01
2.168053475138125350e+02 1.894627458927018893e+01 2.617384153313043882e+01
2.143646992758567933e+02 1.950335121344520672e+01 2.812183321765274968e+01
2.118533402120360449e+02 2.006158810045982932e+01 3.015773548843960583e+01
2.092688658166262030e+02 2.062105324565312259e+01 3.228466781630115179e+01
2.066141550772399285e+02 2.118042027353244094e+01 3.449779603046047072e+01
2.039198468757589069e+02 2.173129812766992686e+01 3.675080552913172482e+01
2.011923177619997887e+02 2.227188085353348157e+01 3.903418020662841315e+01
1.984315858975517699e+02 2.280204335087932321e+01 4.134798965069730770e+01
1.956376801226875841e+02 2.332165829217895947e+01 4.369228943881959282e+01
1.928106317909523852e+02 2.383059842249290483e+01 4.606713345722393171e+01
1.899504747710484764e+02 2.432873656108853666e+01 4.847257389882454248e+01
1.870572454468351964e+02 2.481594560144009876e+01 5.090866126322123364e+01
1.841309827173291183e+02 2.529209851122870134e+01 5.337544435669937570e+01
1.811717279967038223e+02 2.575706833234228910e+01 5.587297029222992251e+01
1.781795252142901518e+02 2.621072818087569090e+01 5.840128448946940409e+01
1.751544208145759001e+02 2.665295124713057362e+01 6.096043067475994093e+01
1.720964637536148132e+02 2.708361079650598313e+01 6.355045088311586454e+01
1.690057054846697611e+02 2.750258019853122704e+01 6.617138545371646785e+01
1.658851308771415347e+02 2.790736118927786791e+01 6.882352680742855000e+01
1.628190480345258493e+02 2.823008105966850678e+01 7.151387767482975732e+01
1.598502345829502360e+02 2.843770123493796120e+01 7.424490838720494423e+01
1.569770667916685056e+02 2.853329930818326687e+01 7.701510488656678888e+01
1.541981106231825152e+02 2.851975520398312725e+01 7.982300587166007233e+01
1.515119418063752335e+02 2.839990131522428385e+01 8.266718342315662937e+01
1.489171460806329037e+02 2.817652270090045619e+01 8.554624269012653315e+01
1.464123191958451855e+02 2.785235708611230265e+01 8.845882189003805252e+01
1.439960669124047001e+02 2.743009486206745606e+01 9.140359230875783680e+01
1.416670047838401274e+02 2.691237932417472223e+01 9.437925823844936701e+01
1.394237582806965747e+02 2.630180773532321226e+01 9.738455602516954457e+01
1.372558842215569825e+02 2.561397469606317401e+01 1.004128360616533513e+02
1.351592643537303786e+02 2.492159374715523867e+01 1.033635016234032520e+02
1.331533931445928260e+02 2.423460743812304941e+01 1.061917320640180407e+02
1.312348739679024447e+02 2.355298965078603146e+01 1.089019885093619138e+02
1.294004390353719032e+02 2.287671326550831097e+01 1.114985625474797928e+02
1.276469341834095843e+02 2.220575088736383051e+01 1.139855974505686476e+02
1.259713190580856121e+02 2.154007484512077752e+01 1.163670879339641715e+02
1.243706667626409939e+02 2.087965719154866306e+01 1.186468806166617327e+02
1.228421544704458910e+02 2.022446974919363072e+01 1.208286862570898705e+02
1.213830604504029509e+02 1.957448412446987263e+01 1.229160836307340929e+02
1.199908292385938609e+02 1.893055963698187583e+01 1.249134936965781719e+02
1.186636059010651110e+02 1.830182261099396968e+01 1.268343735656847855e+02
1.173989705475405714e+02 1.768941154336024013e+01 1.286835236097638528e+02
1.161944672622403232e+02 1.709273770360181288e+01 1.304637273618895961e+02
1.150477364669297913e+02 1.651121389894976232e+01 1.321776337383218447e+02
1.139565053501302998e+02 1.594427447015650934e+01 1.338277943663724159e+02
1.129185875385739593e+02 1.539137520996987973e+01 1.354166639527694542e+02
1.119318837626710206e+02 1.485199352826170482e+01 1.369465995375391856e+02
1.109944896293439456e+02 1.432566389990393851e+01 1.384198816375280217e+02
1.101029617370667069e+02 1.381141310817458390e+01 1.398384732862887461e+02
1.092458190716321837e+02 1.330563982078498064e+01 1.412028904886217902e+02
1.084179769181294972e+02 1.280690777826463211e+01 1.425143739820486246e+02
1.076160377939818034e+02 1.231509227757269542e+01 1.437758004874787900e+02
1.068371576089094361e+02 1.183009290471128772e+01 1.449897012563357919e+02
1.060806306110874004e+02 1.135177511547123252e+01 1.461573889954327115e+02
1.053458471958691547e+02 1.088000593960423323e+01 1.472801008854488884e+02
1.046322133781346224e+02 1.041465559310993960e+01 1.483590425973506797e+02
1.039391527036368785e+02 9.955597863376087986e+00 1.493953844412678791e+02
1.032661028557635774e+02 9.502709425300814416e+00 1.503902682035818259e+02
1.026125153586930452e+02 9.055869781468510737e+00 1.513448077450386222e+02
1.019778555773944788e+02 8.614961262149803289e+00 1.522600890007486782e+02
1.013616027176277754e+02 8.179869025301577778e+00 1.531371699801870250e+02
1.007632498950014508e+02 7.750481070454080523e+00 1.539770806280793636e+02
1.001823042830352790e+02 7.326688268280602934e+00 1.547808225263471797e+02
9.961828546217620328e+01 6.908384028031842483e+00 1.555493722205198992e+02
9.907087205625283843e+01 6.495262918241891725e+00 1.562839411516015957e+02
9.854009645770197778e+01 6.084063262239602921e+00 1.569909832594436239e+02
9.801680539500226530e+01 5.669573725175352408e+00 1.576878801043865792e+02
9.749956150168414126e+01 5.251146264077773296e+00 1.583770857585607530e+02
9.698834570160447299e+01 4.828810684091613403e+00 1.590586318125546939e+02
9.648315175732936666e+01 4.402602956501186604e+00 1.597325278878641655e+02
9.598397321295331608e+01 3.972559032571570725e+00 1.603987838766785785e+02
9.549080339437865916e+01 3.538714843233336182e+00 1.610574099415175624e+02
9.500363540931574846e+01 3.101106299082551754e+00 1.617084165152307094e+02
9.452246214728292273e+01 2.659769290380787243e+00 1.623518143009976882e+02
9.404727627960646430e+01 2.214739687055106376e+00 1.629876142723283294e+02
9.357807025942062751e+01 1.766053338698071240e+00 1.636158276730622561e+02
9.311483632166759605e+01 1.313746074567743616e+00 1.642364660173694517e+02
9.265756651211638939e+01 8.578536735811675973e-01 1.648495410521208555e+02
9.220625264894547968e+01 3.984119055721805913e-01 1.654550648067868224e+02
9.176088629856499779e+01 -6.454344384471058516e-02 1.660530496247723136e+02
9.132145882708158524e+01 -5.309766272086215988e-01 1.666435080966531075e+02
9.088796140043986327e+01 -1.000851935360112188e+00 1.672264530599909165e+02
9.046038498442247544e+01 -1.474133697441188051e+00 1.678018975993335573e+02
9.003872034465005925e+01 -1.950786280895298708e+00 1.683698550462147807e+02
8.962295804658126031e+01 -2.430774091467339026e+00 1.689303389791544134e+02
8.921308845551268973e+01 -2.914061573203648337e+00 1.694833632236583014e+02
8.880910173657900941e+01 -3.400613208452009317e+00 1.700289418522181961e+02
8.841098785475284672e+01 -3.890393517861653994e+00 1.705670891843120387e+02
8.801873657484486557e+01 -4.383367060383253744e+00 1.710978197864037043e+02
8.763233746150368120e+01 -4.879498433268929070e+00 1.716211484719431439e+02
8.725177987921594536e+01 -5.378752272072241603e+00 1.721370903013662144e+02
8.687705299329920194e+01 -5.881093251461702032e+00 1.726456605808178324e+02
8.650814581279362869e+01 -6.386486118528401867e+00 1.731468748071039556e+02
8.614504711475751719e+01 -6.894895627741687072e+00 1.736407487651733277e+02
8.578774546434607373e+01 -7.406286562609245117e+00 1.741272985020375188e+02
8.543622924786416206e+01 -7.920623763810386464e+00 1.746065402842227741e+02
8.509048667276628919e+01 -8.437872129196032134e+00 1.750784905977696440e+02
8.475050576765661958e+01 -8.957996613788729690e+00 1.755431661482332686e+02
8.441627438228894675e+01 -9.480962229782633699e+00 1.760005838606831787e+02
8.408778018756667905e+01 -1.000673404654352616e+01 1.764507608797034379e+02
8.376501067554288227e+01 -1.053527719060880230e+01 1.768937145693925004e+02
8.344795315942025127e+01 -1.106655684568747766e+01 1.773294625133633531e+02
