2.540000000000000000e+02 7.000000000000000000e+00 0.000000000000000000e+00
2.524113847864144589e+02 7.479315778424134642e+00 9.220341757735509569e-01
2.507974747878976416e+02 7.962952195769635644e+00 1.874982954407049984e+00
2.491575186884444690e+02 8.451044100614765853e+00 2.859677548839384187e+00
2.474907447837010466e+02 8.943729973740989436e+00 3.876971978061742874e+00
2.457963605589606857e+02 9.441152003373181500e+00 4.927743538576931925e+00
2.440735526066390548e+02 9.943456099891607280e+00 6.012892896601608861e+00
2.423214852323116020e+02 1.045079214436484882e+01 7.133345645373886157e+00
2.405393000957811296e+02 1.096331405254472635e+01 8.290052706144621197e+00
2.387261157095370550e+02 1.148117986428507997e+01 9.483990888506047767e+00
2.368810275179503151e+02 1.200455172942054816e+01 1.071616280193189219e+01
2.350031062754104596e+02 1.253359619692992588e+01 1.198759866770925875e+01
2.330913971770488047e+02 1.306848436991988294e+01 1.329935729009195455e+01
2.311449198097129170e+02 1.360939191436569118e+01 1.465252611107337977e+01
2.291626672526766981e+02 1.415649921944184797e+01 1.604822221510655922e+01
2.271436064956539838e+02 1.470999132299448497e+01 1.748759186210370586e+01
2.250866759731580657e+02 1.527005835113813070e+01 1.897181324207056363e+01
2.229907848552140308e+02 1.583689564471351297e+01 2.050209726753433870e+01
2.208548130473586752e+02 1.641070375928758196e+01 2.207968757354366218e+01
2.186776101457089396e+02 1.699168865144916296e+01 2.370586168511612968e+01
2.164579957850910148e+02 1.758006161673990064e+01 2.538193062832359459e+01
2.141947576151305839e+02 1.817603965049316272e+01 2.710924119143878386e+01
2.118866494402896876e+02 1.877984577944104316e+01 2.888917800294612803e+01
2.095323912198597043e+02 1.939170906171568376e+01 3.072316353154993607e+01
2.071306690053040711e+02 2.001186459801944650e+01 3.261265815618200037e+01
2.046794799154938289e+02 2.063629336534921066e+01 3.456317437546233151e+01
2.021730887562704879e+02 2.123712818383686596e+01 3.660274135055961864e+01
1.996089018740062784e+02 2.180763199642760952e+01 3.873954930745865255e+01
1.969851396876245815e+02 2.234669158725608185e+01 4.097654354154808942e+01
1.943005957282628060e+02 2.285286174344364696e+01 4.331575139812119346e+01
1.915675137845737481e+02 2.331841052529788882e+01 4.573759004752524504e+01
1.887933093694747413e+02 2.373850811789255388e+01 4.823031291543614429e+01
1.859772041935105449e+02 2.411236420752262077e+01 5.079537168747406639e+01
1.831185335133125704e+02 2.443911147994778688e+01 5.343403836037636978e+01
1.802166143701202827e+02 2.471787113385327572e+01 5.614761755014705358e+01
1.772724334186634678e+02 2.495140897135323854e+01 5.893155466573347212e+01
1.743035005904543198e+02 2.515900582480619363e+01 6.174616418444415444e+01
1.713456980994525338e+02 2.532303210192002751e+01 6.457705601568328291e+01
1.684033800173591828e+02 2.544067081501517436e+01 6.742336063563033122e+01
1.654766606500772923e+02 2.551188011815509071e+01 7.028510355970011858e+01
1.625656075581239577e+02 2.553664815271856625e+01 7.316232096539059171e+01
1.596702872835650169e+02 2.551496299874808571e+01 7.605505009567497154e+01
1.567907653510059163e+02 2.544681267229904975e+01 7.896332925997130303e+01
1.539271062773027552e+02 2.533218509649255523e+01 8.188719784411506453e+01
1.510793735799759929e+02 2.517106807638152688e+01 8.482669631899929641e+01
1.482552018222330901e+02 2.496468653346758870e+01 8.777449786112914865e+01
1.455289558877888965e+02 2.472572898340306580e+01 9.065798278095350327e+01
1.429185451575599473e+02 2.445867888164288928e+01 9.345881649651802547e+01
1.404201595387720545e+02 2.416453840006258602e+01 9.617975383290983871e+01
1.380301257186919202e+02 2.384427593901832765e+01 9.882344937169810350e+01
1.357448858886201890e+02 2.349882887301452783e+01 1.013924745382834232e+02
1.335609955488295952e+02 2.312910414192564801e+01 1.038893191819679203e+02
1.314751229617536126e+02 2.273597839822858546e+01 1.063163919695835915e+02
1.294840485861938078e+02 2.232029815909868375e+01 1.086760207928707160e+02
1.275846620703188705e+02 2.188288061639827831e+01 1.109704549329803882e+02
1.257739503036377187e+02 2.142451685450777532e+01 1.132018736611123728e+02
1.240489964322018608e+02 2.094597211553177019e+01 1.153723869474163308e+02
1.224069792094520324e+02 2.044798597406949625e+01 1.174840359282983400e+02
1.208451728303654846e+02 1.993127238160114345e+01 1.195387930259091718e+02
1.193609438108274077e+02 1.939652050702752462e+01 1.215385641944561854e+02
1.179517408173248043e+02 1.884439747549381750e+01 1.234851962412567019e+02
1.166150940372272942e+02 1.827554853795794187e+01 1.253804772800431522e+02
1.153486146842209052e+02 1.769059720432370497e+01 1.272261370869940578e+02
1.141499947122226786e+02 1.709014532018112220e+01 1.290238473067792029e+02
1.130170048872172543e+02 1.647477358617270227e+01 1.307752228404993389e+02
1.119474854974618552e+02 1.584504405947216554e+01 1.324818285329885725e+02
1.109393456341644111e+02 1.520150034745981138e+01 1.341451796906283676e+02
1.099905629423704738e+02 1.454466767477351397e+01 1.357667422606830598e+02
1.090991829162953763e+02 1.387505307273891830e+01 1.373479333386750056e+02
1.082633187979852210e+02 1.319314540676928260e+01 1.388901212412925474e+02
1.074811429308289661e+02 1.249941770440603683e+01 1.403946317306848925e+02
1.067508855804331063e+02 1.179432747275870774e+01 1.418627488632850771e+02
1.060708348851417497e+02 1.107831671182133704e+01 1.432957150254306953e+02
1.054393358807648156e+02 1.035181217677125787e+01 1.446947316355349074e+02
1.048547916073179778e+02 9.615225080017944848e+00 1.460609583473703310e+02
1.043156558739199653e+02 8.868953039070019528e+00 1.473955182584194006e+02
1.038204311930795427e+02 8.113380632588691910e+00 1.486994993969557015e+02
1.033676687806954533e+02 7.348879400387769323e+00 1.499739547220440841e+02
1.029559678382387489e+02 6.575808036489294572e+00 1.512199026403526716e+02
1.025839764359451181e+02 5.794512151217380058e+00 1.524383263704113460e+02
1.022503868627878347e+02 5.005325523052601255e+00 1.536301772900603169e+02
1.019539323553430421e+02 4.208570979039214066e+00 1.547963772913433900e+02
1.016933870922791385e+02 3.404560396268083267e+00 1.559378187844758941e+02
1.014675660891017372e+02 2.593594730117492642e+00 1.570553647736502114e+02
1.012753250420265942e+02 1.775964055995080004e+00 1.581498489695398462e+02
1.011155572504016504e+02 9.519483978444275296e-01 1.592220780047779556e+02
1.009871911829838353e+02 1.218183830273077417e-01 1.602728331860549247e+02
1.008891903644959172e+02 -7.141647271659193885e-01 1.613028705757952537e+02
1.008205530247199988e+02 -1.555748943243855598e+00 1.623129212448384919e+02
1.007803115503436260e+02 -2.402691400011915945e+00 1.633036916670712912e+02
1.007675291916649343e+02 -3.254757470409796127e+00 1.642758660903546399e+02
1.007812995514111094e+02 -4.111720627983554088e+00 1.652301069045456927e+02
1.008207466414427387e+02 -4.973362462221905034e+00 1.661670546007033806e+02
1.008850173832083499e+02 -5.839476357494989500e+00 1.670873461790426404e+02
1.009712559655245485e+02 -6.711187465744187897e+00 1.679973344904003625e+02
1.010761869575773915e+02 -7.590117503657099363e+00 1.689050749074773989e+02
1.011993663387835767e+02 -8.476212209856818447e+00 1.698110208880326013e+02
1.013405115614663146e+02 -9.369317271667386038e+00 1.707151816012951429e+02
1.014993331732915465e+02 -1.026928861386769931e+01 1.716175987059593240e+02
1.016755465460168324e+02 -1.117598482931979120e+01 1.725183133379603078e+02
1.018688717376811468e+02 -1.208926710049742681e+01 1.734173661247548068e+02
1.020790329441202573e+02 -1.300899888646754121e+01 1.743147972418195764e+02
1.023057584988595181e+02 -1.393504592282872601e+01 1.752106464126626122e+02
1.025487808731137989e+02 -1.486727622171125063e+01 1.761049529088234351e+02
1.028078366757874562e+02 -1.580556007177704103e+01 1.769977555498730055e+02
1.030826666534744191e+02 -1.674977003821968324e+01 1.778890927034134961e+02
1.033730156172612453e+02 -1.769978092116284074e+01 1.787790022926972142e+02
1.036786322299985841e+02 -1.865546963529036617e+01 1.796675218189999157e+02
1.039992697567826667e+02 -1.961671563659226436e+01 1.805546882836210045e+02
1.043346852217015766e+02 -2.058340044211258046e+01 1.814405382751914431e+02
1.046846392623925368e+02 -2.155540754720267316e+01 1.823251079847724156e+02
1.050488961300418538e+02 -2.253262242552124306e+01 1.832084332058554139e+02
1.054272236893848884e+02 -2.351493252903433984e+01 1.840905493343621515e+02
1.058193934187062126e+02 -2.450222728801533378e+01 1.849714913686446209e+02
1.062251804098393677e+02 -2.549439811104494069e+01 1.858512939094851788e+02
1.066443633681670917e+02 -2.649133838501121119e+01 1.867299911600962616e+02
1.070767243223322396e+02 -2.749294331069215858e+01 1.876076169565880889e+02
1.075220490328937899e+02 -2.849911013553532158e+01 1.884842047256746582e+02
1.079801271518101800e+02 -2.950973824311291693e+01 1.893597874675399169e+02
1.084507514446213037e+02 -3.052472871146523659e+01 1.902343978369752620e+02
1.089337177839601338e+02 -3.154398430942038800e+01 1.911080681440580520e+02
1.094288251495527362e+02 -3.256740949659433682e+01 1.919808303541517205e+02
1.099358756282182554e+02 -3.359491042339088551e+01 1.928527160879056908e+02
1.104546744138689718e+02 -3.462639493100168409e+01 1.937237566212551769e+02
