2.540000000000000000e+02 7.000000000000000000e+00 0.000000000000000000e+00
2.529200655897632828e+02 7.478896421923894700e+00 7.096218153385720484e-01
2.518100422936607856e+02 7.967171657534215079e+00 1.439427039752924520e+00
2.506691931139575331e+02 8.465050578329545772e+00 2.189902742506736999e+00
2.494968817166676445e+02 8.972800203307023992e+00 2.961565489550924468e+00
2.482886838789544015e+02 9.489517055050942673e+00 3.754370313497029432e+00
2.470368518472355959e+02 1.001320365163997828e+01 4.567697281173322743e+00
2.457374725112533156e+02 1.054252261025435011e+01 5.406732253429758828e+00
2.443775529855688546e+02 1.107188842027293063e+01 6.291736109994092274e+00
2.429536463535096402e+02 1.160055121330809769e+01 7.226673287501835574e+00
2.414634796354537798e+02 1.212837226636679944e+01 8.213471405685194071e+00
2.399048065542680774e+02 1.265526061079600240e+01 9.253946458260424279e+00
2.382753921052805879e+02 1.318116499278317377e+01 1.034982955941366711e+01
2.365728811091816510e+02 1.370600673448161899e+01 1.150299224831777245e+01
2.347947900235590168e+02 1.422969821475227370e+01 1.271537527866992434e+01
2.329383613387467449e+02 1.475213505478443388e+01 1.398895507015079076e+01
2.310149864531733499e+02 1.527430266632469191e+01 1.532687489815599235e+01
2.290343337805850865e+02 1.579710168894812838e+01 1.673232790706141415e+01
2.269967341640204097e+02 1.632075562569960780e+01 1.820795422996880220e+01
2.249001143309593544e+02 1.684531463540901797e+01 1.975631368477631256e+01
2.227424253571619772e+02 1.737083887244046210e+01 2.138006967654591151e+01
2.205215432604390458e+02 1.789739092264233733e+01 2.308198242358982455e+01
2.182352647763844971e+02 1.842503593906393533e+01 2.486491440422494392e+01
2.158813027232969546e+02 1.895384179087867693e+01 2.673183633317712449e+01
2.134572855984430078e+02 1.948387907635056138e+01 2.868582768218215762e+01
2.109607538876230990e+02 2.001522124137181180e+01 3.073008143855297192e+01
2.083889272182850050e+02 2.054799948325607062e+01 3.286824802335463858e+01
2.057571695127574287e+02 2.107800824667575057e+01 3.507713445369891048e+01
2.030925971028835022e+02 2.159849995725217298e+01 3.731650630204681107e+01
2.003959434020672177e+02 2.210918761155669898e+01 3.958537317449255255e+01
1.976672403197190420e+02 2.260995424913090446e+01 4.188378708575421427e+01
1.949065220810019810e+02 2.310068297340552590e+01 4.421179851813413819e+01
1.921138252496711232e+02 2.358125697377428764e+01 4.656945639514164981e+01
1.892891887280736682e+02 2.405155952559388410e+01 4.895680808149302266e+01
1.864326537571491542e+02 2.451147399018399042e+01 5.137389938311153514e+01
1.835442639164289176e+02 2.496088381482724472e+01 5.382077454712742792e+01
1.806240651240366049e+02 2.539967253276929782e+01 5.629747626187786835e+01
1.776721056360063926e+02 2.582772376338413522e+01 5.880404565727844357e+01
1.746884360354496266e+02 2.624492122588724285e+01 6.134052230513748327e+01
1.716731092745076808e+02 2.665114876698934765e+01 6.390694417720940379e+01
1.686261806799175531e+02 2.704629036266126718e+01 6.650334764058978010e+01
1.655511372589234327e+02 2.742744485547983757e+01 6.913001038182606806e+01
1.625356362263663925e+02 2.772383797001612749e+01 7.179280050625763465e+01
1.596222035586447419e+02 2.790266453438645655e+01 7.449339209931103767e+01
1.568088753643371547e+02 2.796744126180291090e+01 7.723016744662467659e+01
1.540938585650625043e+02 2.792149206314546461e+01 8.000156435692227319e+01
1.514753803419480107e+02 2.776807320198911810e+01 8.280606320513319929e+01
1.489516885436032965e+02 2.751037582046600960e+01 8.564218463057541442e+01
1.465210516870747313e+02 2.715152594482522375e+01 8.850848953185401058e+01
1.441817589452015227e+02 2.669458448849335852e+01 9.140357907220278832e+01
1.419321198700225466e+02 2.614254782487868667e+01 9.432609438591673268e+01
1.397704646943195144e+02 2.549834964731650899e+01 9.727471488270410305e+01
1.376904411900555658e+02 2.477077818319009950e+01 1.002465703986385392e+02
1.356339487840882043e+02 2.403379623748936211e+01 1.032210394712787718e+02
1.336369132634531525e+02 2.330698926292282280e+01 1.061183405090838221e+02
1.317315799412460819e+02 2.258936585658583596e+01 1.088926606356696709e+02
1.299149350684211583e+02 2.188071761661251102e+01 1.115478625782259314e+02
1.281834436549446536e+02 2.118085683511505835e+01 1.140885590634846380e+02
1.265337145173918429e+02 2.048960209870147509e+01 1.165191762655505130e+02
1.249624832917299386e+02 1.980677757488369650e+01 1.188439758179717813e+02
1.234666065912757205e+02 1.913221276675641747e+01 1.210670623837984152e+02
1.220430622780439052e+02 1.846574252427276619e+01 1.231923833040684144e+02
1.206889508645284650e+02 1.780723526546780633e+01 1.252237609399832081e+02
1.194019276594198118e+02 1.716243907793598922e+01 1.271714471061999632e+02
1.181796682268684719e+02 1.653645035156544552e+01 1.290450368721205905e+02
1.170195337015682782e+02 1.592905669771199051e+01 1.308481501269988598e+02
1.159189389408955435e+02 1.533936290804506086e+01 1.325834983505006903e+02
1.148754201016054424e+02 1.476668732262262118e+01 1.342538723378894474e+02
1.138866109084639078e+02 1.421035080710889709e+01 1.358619234775394773e+02
1.129476491741844910e+02 1.366892326637102073e+01 1.374098341172942810e+02
1.120454366164114219e+02 1.313826862482245161e+01 1.388978329096422328e+02
1.111728364002590013e+02 1.261709271821280431e+01 1.403286462058908626e+02
1.103261652550888527e+02 1.210535507350165396e+01 1.417056871147332231e+02
1.095044737115031666e+02 1.160281400807432917e+01 1.430305646411893861e+02
1.087070317324247242e+02 1.110924671845561384e+01 1.443047751510865737e+02
1.079331321706591069e+02 1.062443714757341695e+01 1.455297683507822057e+02
1.071820872656714130e+02 1.014817495719753460e+01 1.467069544221384660e+02
1.064532276187681106e+02 9.680255227348895986e+00 1.478377061097479839e+02
1.057459021930969243e+02 9.220478456299522563e+00 1.489233587209339191e+02
1.050594783136469346e+02 8.768650560572558206e+00 1.499652101257499623e+02
1.043933412417798081e+02 8.324582750044609014e+00 1.509645216236569354e+02
1.037468949426856284e+02 7.888091753006211349e+00 1.519225163805163561e+02
1.031195604813639193e+02 7.458999345742569176e+00 1.528403826953887119e+02
1.025107742568245044e+02 7.037131834467547975e+00 1.537192775970762284e+02
1.019199879960773245e+02 6.622320053560143194e+00 1.545603268563648101e+02
1.013466687541324234e+02 6.214399365564481137e+00 1.553646249860238129e+02
1.007902990019272238e+02 5.813209686958608735e+00 1.561332350617539362e+02
1.002505815347496423e+02 5.418326280043962662e+00 1.568674982240305269e+02
9.972551044813900489e+01 5.025171629711673305e+00 1.575774402614407848e+02
9.920668737542962390e+01 4.628761393965043602e+00 1.582788179980994414e+02
9.869365471057827222e+01 4.228908898584229803e+00 1.589723999382795512e+02
9.818640341202737432e+01 3.825648178325942617e+00 1.596582004811637319e+02
9.768492434288170045e+01 3.419013275995390622e+00 1.603362341116328196e+02
9.718920818472840040e+01 3.009038183829248592e+00 1.610065155480466217e+02
9.669924543763711711e+01 2.595756843495657495e+00 1.616690597422443432e+02
9.621502642015968831e+01 2.179203146094219168e+00 1.623238818795437908e+02
9.573654126933051600e+01 1.759410932156004082e+00 1.629709973787422257e+02
9.526377994066621113e+01 1.336413991643543797e+00 1.636104218921159088e+02
9.479673220816587786e+01 9.102460639508349605e-01 1.642421713054201291e+02
9.433538767759880272e+01 4.809408270116282691e-01 1.648662617197121278e+02
9.387973579876255315e+01 4.853188784166465042e-02 1.654827094346347849e+02
9.342976578526503317e+01 -3.869471511770516403e-01 1.660915310581702613e+02
9.298546668047552544e+01 -8.254627467781732175e-01 1.666927434164054489e+02
9.254682736400474141e+01 -1.266981420148562520e+00 1.672863635446651358e+02
9.211383655170469353e+01 -1.711469756928290842e+00 1.678724086875121770e+02
9.168648279566880888e+01 -2.158894407210638189e+00 1.684508962987473808e+02
9.126475448423185810e+01 -2.609222085542095559e+00 1.690218440414094800e+02
9.084863984196994124e+01 -3.062419570922361167e+00 1.695852697877752746e+02
9.043812692970060141e+01 -3.518453706804343550e+00 1.701411916193596312e+02
9.003320364448268265e+01 -3.977291401094160683e+00 1.706896278269153413e+02
8.963385771961640103e+01 -4.438899626151139088e+00 1.712305969104331211e+02
8.924007672464338725e+01 -4.903245418787814280e+00 1.717641175791418391e+02
8.885184806534654456e+01 -5.370295880269933875e+00 1.722902087515082030e+02
8.846915898375023346e+01 -5.840018176316450926e+00 1.728088895552370445e+02
8.809199657870510691e+01 -6.312379550235361236e+00 1.733201792993930326e+02
8.772034781158623673e+01 -6.787347323201124105e+00 1.738240974669306240e+02
8.735419942353104261e+01 -7.264888841982251044e+00 1.743206638267445499e+02
8.699353800893052835e+01 -7.744971529683216005e+00 1.748098983338505263e+02
8.663835001979376216e+01 -8.227562888643205952e+00 1.752918211234664625e+02
8.628862176574787668e+01 -8.712630500436121750e+00 1.757664525110127443e+02
8.594433941403792687e+01 -9.200142025870581719e+00 1.762338129921118934e+02
8.560548898952710317e+01 -9.690065204989910086e+00 1.766939232425887951e+02
8.527205637469646149e+01 -1.018236785707215297e+01 1.771468041184705839e+02
8.494402730964522164e+01 -1.067701788063006596e+01 1.775924766559868715e+02
