2.540000000000000000e+02 7.000000000000000000e+00 0.000000000000000000e+00
2.526763514311782899e+02 7.581324895703483335e+00 9.242818074318804866e-01
2.513253167494107743e+02 8.165822472300556356e+00 1.864046844740423703e+00
2.499466008979423464e+02 8.753507916536625189e+00 2.819450477867543547e+00
2.485399063053724262e+02 9.344396455751832420e+00 3.790649345671009307e+00
2.471049328643642582e+02 9.938503357626261803e+00 4.777801370354666233e+00
2.456413779137337201e+02 1.053584392996440222e+01 5.781065766241377801e+00
2.441488097180560430e+02 1.113638096988443671e+01 6.800848563436709071e+00
2.426176996064544369e+02 1.173635373413773841e+01 7.855069531222840240e+00
2.410414199109003164e+02 1.233336910807632059e+01 8.955604717522525959e+00
2.394187485806207860e+02 1.292731776363533491e+01 1.010374016755919158e+01
2.377484315894999156e+02 1.351808813925948094e+01 1.130079386013620990e+01
2.360291806353547770e+02 1.410556561052105806e+01 1.254811982539755277e+01
2.342596724762649956e+02 1.468963243083686621e+01 1.384710884286235988e+01
2.324385487967393829e+02 1.527016771951394780e+01 1.519918858218984603e+01
2.305644142593859840e+02 1.584704728771177074e+01 1.660582565239154462e+01
2.286358346939172179e+02 1.642014347667235086e+01 1.806852750660166507e+01
2.266513370893626700e+02 1.698932515702459867e+01 1.958884245026758109e+01
2.246094083861924275e+02 1.755445762088998762e+01 2.116836091156891442e+01
2.225084958014233791e+02 1.811540261092353532e+01 2.280871509947743903e+01
2.203470039150132322e+02 1.867201806005208908e+01 2.451158206822956487e+01
2.181232928240635260e+02 1.922415792659643685e+01 2.627868565869847473e+01
2.158356781428195177e+02 1.977167219427132849e+01 2.811179649839414196e+01
2.134824299268259438e+02 2.031440677608527423e+01 3.001273313301443224e+01
2.110617722484083458e+02 2.085220347642075822e+01 3.198336247294343337e+01
2.085718815118970610e+02 2.138489984053993709e+01 3.402560156526601531e+01
2.060108828321641852e+02 2.191232883109428542e+01 3.614142140274826431e+01
2.033768499847736848e+02 2.243431882367180208e+01 3.833284697626853443e+01
2.006678053401638806e+02 2.295069360091786237e+01 4.060195734404280188e+01
1.978817191858147453e+02 2.346127212952376695e+01 4.295088735905923727e+01
1.950267783304369402e+02 2.396540370561864464e+01 4.537970333060099648e+01
1.921177619897142108e+02 2.446217004534825179e+01 4.788708146171053670e+01
1.891573122149000881e+02 2.495122790467043927e+01 5.047419524158802062e+01
1.861431891322636716e+02 2.543246022990888378e+01 5.314326380830470953e+01
1.830762870572124541e+02 2.590512167656620335e+01 5.589196389252170860e+01
1.799739343201927966e+02 2.636411380294352469e+01 5.868417513803738927e+01
1.768727748804389535e+02 2.678727403761142511e+01 6.151379803375971989e+01
1.738035710537608054e+02 2.715488858826650187e+01 6.438329342377255671e+01
1.707679216775160000e+02 2.746609785210097243e+01 6.729275942815290534e+01
1.677655118928657316e+02 2.772127939638512117e+01 7.024214073871952735e+01
1.647963984519336975e+02 2.792056645254840674e+01 7.323141586033122508e+01
1.618602405896389769e+02 2.806426098664469393e+01 7.626096538867133745e+01
1.589866220276046818e+02 2.814043437605317166e+01 7.929854954698566871e+01
1.562190333892694412e+02 2.813231105702331547e+01 8.229548223505872784e+01
1.535569578562305253e+02 2.804164977042222162e+01 8.525019173736535549e+01
1.509987990003983782e+02 2.787063727603302254e+01 8.816229234117341207e+01
1.485429544604358227e+02 2.762144060962582870e+01 9.103142767660666834e+01
1.461841729646777139e+02 2.730479266447218123e+01 9.385212543554190745e+01
1.439066986112405573e+02 2.695545410761809535e+01 9.660490856806795534e+01
1.417073955222681718e+02 2.657761126253670270e+01 9.928907339969143209e+01
1.395845827381472475e+02 2.617204128480255321e+01 1.019059472218658584e+02
1.375366100237009732e+02 2.573950622752860795e+01 1.044568339115952682e+02
1.355618578681894064e+02 2.528075304136628532e+01 1.069430139314341801e+02
1.336587373738014435e+02 2.479651363048240142e+01 1.093657444133601615e+02
1.318256892829967057e+02 2.428750534018841734e+01 1.117262598909873645e+02
1.300611861040233350e+02 2.375442988925772170e+01 1.140257707014605302e+02
1.283637286091154408e+02 2.319797512927468830e+01 1.162654656180263686e+02
1.267318448894001648e+02 2.261881551927437783e+01 1.184465125607103317e+02
1.251640903548973824e+02 2.201761212574251303e+01 1.205700585963165565e+02
1.236590477345197741e+02 2.139501262261546444e+01 1.226372299384279358e+02
1.222152953234456021e+02 2.075135012201766926e+01 1.246487361080587561e+02
1.208315395721920709e+02 2.008788096682914670e+01 1.266064831750137785e+02
1.195069473522840724e+02 1.941003088330068849e+01 1.285178962094055066e+02
1.182404439296610263e+02 1.872086250529379825e+01 1.303874118549121022e+02
1.170307128166029855e+02 1.802100282953623278e+01 1.322163424005120760e+02
1.158764365468912985e+02 1.731075569201334474e+01 1.340055522022282162e+02
1.147763208885139647e+02 1.659037609373570987e+01 1.357558357569386374e+02
1.137290994789589007e+02 1.586011393515953039e+01 1.374679701496390862e+02
1.127335333489748876e+02 1.512021410301153779e+01 1.391427153530192129e+02
1.117884142463560408e+02 1.437091586403041710e+01 1.407808121368435650e+02
1.108925592849317781e+02 1.361245384076761056e+01 1.423829854338187317e+02
1.100448103373368269e+02 1.284505812232521471e+01 1.439499447215483201e+02
1.092440340350112251e+02 1.206895426435597685e+01 1.454823840225321874e+02
1.084891217682003628e+02 1.128436328906330210e+01 1.469809819041671517e+02
1.077789897265808889e+02 1.049150167776983444e+01 1.484464014532065335e+02
1.071125792506766032e+02 9.690581306312999743e+00 1.498792900550620573e+02
1.064888544709114342e+02 8.881809875794534292e+00 1.512802808787290871e+02
1.059069080083584566e+02 8.065439001710672073e+00 1.526498129893755049e+02
1.053643437291741236e+02 7.241045195694074899e+00 1.539908573005912729e+02
1.048584876572933524e+02 6.408018183850325400e+00 1.553069523014085007e+02
1.043881100956583197e+02 5.566327709889724140e+00 1.565992993738672965e+02
1.039524939915620365e+02 4.716154544790458480e+00 1.578682634640286153e+02
1.035509244492017729e+02 3.857671350102802155e+00 1.591142214484297881e+02
1.031827000664612228e+02 2.991047898981757935e+00 1.603375427296726059e+02
1.028471342560548436e+02 2.116450791920059249e+00 1.615385884961917782e+02
1.025435529801309684e+02 1.234043943944139965e+00 1.627177129918258629e+02
1.022712945320742790e+02 3.439886315441827436e-01 1.638752636380938839e+02
1.020297095365058340e+02 -5.535565073258833513e-01 1.650115810341954159e+02
1.018181609492831257e+02 -1.458435473248381076e+00 1.661269989570105281e+02
1.016360240696665187e+02 -2.370494907997881207e+00 1.672218443543266915e+02
1.014826865798701760e+02 -3.289584103558171879e+00 1.682964373232603634e+02
1.013575477150637738e+02 -4.215554823321729039e+00 1.693510915750542551e+02
1.012600178462499088e+02 -5.148261212498585593e+00 1.703861146689713451e+02
1.011896355361380557e+02 -6.087553065645570527e+00 1.714017910772991513e+02
1.011461224110159094e+02 -7.033271770337285567e+00 1.723983778083287177e+02
1.011265354309581710e+02 -7.985415901336430089e+00 1.733765089720857020e+02
1.011284140151414306e+02 -8.943964726763505624e+00 1.743367219585885834e+02
1.011504669155755778e+02 -9.908839098412910218e+00 1.752793564268316686e+02
1.011923376479538490e+02 -1.087991224155707037e+01 1.762045983338061887e+02
1.012537554004382372e+02 -1.185705215887271891e+01 1.771126270127072644e+02
1.013344790873082246e+02 -1.284012725140781441e+01 1.780036142954783713e+02
1.014342701422972652e+02 -1.382900723037322877e+01 1.788777307936907164e+02
1.015528918639790277e+02 -1.482356314468842662e+01 1.797351460307066588e+02
1.016901094097052010e+02 -1.582366737482442076e+01 1.805760284438408121e+02
1.018456897949707525e+02 -1.682919363288498005e+01 1.814005453851403900e+02
1.020194018843816224e+02 -1.784001695257394360e+01 1.822088631239510050e+02
1.022110163621484560e+02 -1.885601365816157227e+01 1.830011468566296458e+02
1.024203057313760610e+02 -1.987706136374643506e+01 1.837775607067854935e+02
1.026470443139599098e+02 -2.090303897315622450e+01 1.845382677253217594e+02
1.028910082426058494e+02 -2.193382667259920993e+01 1.852834298938560096e+02
1.031519754582869268e+02 -2.296930592802775095e+01 1.860132081255887329e+02
1.034297256863360843e+02 -2.400935946008004862e+01 1.867277622732370332e+02
1.037240404273517242e+02 -2.505387123500513979e+01 1.874272511324016648e+02
1.040347273831051638e+02 -2.610268723611342168e+01 1.881118409866821821e+02
1.043616101230948630e+02 -2.715562886063088399e+01 1.887817051430246238e+02
1.047038369901225252e+02 -2.821361195614548478e+01 1.894367731033304381e+02
1.050607785738116036e+02 -2.927722612388745560e+01 1.900770241007664367e+02
1.054322028167999150e+02 -3.034645304110538788e+01 1.907025487522256810e+02
1.058179491248689459e+02 -3.142116119874088653e+01 1.913134627314148872e+02
1.062178315138550175e+02 -3.250126056363486526e+01 1.919098737797336582e+02
1.066316748226478097e+02 -3.358664765092427018e+01 1.924918912279740937e+02
1.070593051149688506e+02 -3.467721974337363378e+01 1.930596237884537629e+02
1.075005496760117438e+02 -3.577287488928374160e+01 1.936131795566107314e+02
1.079552370028217609e+02 -3.687351189651768379e+01 1.941526660155907393e+02
