2.540000000000000000e+02 7.000000000000000000e+00 0.000000000000000000e+00
2.526343423195012008e+02 7.422946963826861477e+00 7.439544636529693555e-01
2.512435001652595190e+02 7.849564328507302235e+00 1.517631629233389123e+00
2.498266540429612235e+02 8.279979780247851195e+00 2.321925476986171688e+00
2.483829594709826551e+02 8.714324870234168685e+00 3.157757436898392722e+00
2.469115465194854835e+02 9.152735085966888562e+00 4.026076894704400999e+00
2.454115191917565539e+02 9.595349947014632619e+00 4.927861871089372237e+00
2.438819539184604821e+02 1.004231323806607357e+01 5.864120674775604947e+00
2.423218991613206867e+02 1.049377307026971984e+01 6.835892337624302151e+00
2.407303749891955249e+02 1.094988194684530569e+01 7.844247080055231969e+00
2.391063719018864617e+02 1.141079694512773735e+01 8.890287602335870787e+00
2.374488491638298626e+02 1.187667997446870061e+01 9.975150913952967713e+00
2.357567346014962197e+02 1.234769780759366853e+01 1.110000855604059744e+01
2.340289237669810234e+02 1.282402221005405352e+01 1.226606751965722175e+01
2.322642795410305894e+02 1.330583000166799579e+01 1.347457068160990801e+01
2.304616293535233638e+02 1.379330348671566142e+01 1.472679985598877650e+01
2.286197648404018992e+02 1.428663050703693393e+01 1.602407617081023616e+01
2.267374412191097122e+02 1.478600453869590581e+01 1.736776075371178152e+01
2.248133766630897696e+02 1.529162478878874865e+01 1.875925541868660673e+01
2.228462508070991248e+02 1.580369642678104292e+01 2.020000430704939021e+01
2.208347019874437649e+02 1.632243101164262455e+01 2.169149691730408591e+01
2.187773271816789702e+02 1.684804650118033820e+01 2.323526817134570877e+01
2.166726810545448529e+02 1.738076739969928397e+01 2.483289946191341002e+01
2.145192753682918010e+02 1.792082484926439889e+01 2.648601929999368565e+01
2.123155770966430680e+02 1.846845692160797725e+01 2.819630538545197496e+01
2.100600051079236152e+02 1.902390913148571627e+01 2.996548824854955484e+01
2.077509301188336792e+02 1.958743444383135568e+01 3.179535130069490023e+01
2.053866744072718120e+02 2.015929331820236925e+01 3.368773114973676286e+01
2.029655093949218667e+02 2.073975408292214695e+01 3.564452025401838853e+01
2.004855120597027280e+02 2.132780296266752984e+01 3.766886281082351218e+01
1.979418710971081623e+02 2.189679625648939876e+01 3.978768491903002769e+01
1.953320254207458220e+02 2.243344036275816933e+01 4.201411795466901111e+01
1.926746895208983972e+02 2.292925018964065487e+01 4.432184081575825019e+01
1.899779766645691268e+02 2.338014072183397118e+01 4.669963713752576240e+01
1.872412709090042426e+02 2.378527196277149969e+01 4.914872938366697497e+01
1.844639322478871577e+02 2.414379483514478153e+01 5.167038004115910610e+01
1.816453094314551890e+02 2.445484579737529529e+01 5.426587348552568102e+01
1.787988830747946167e+02 2.470775382554461075e+01 5.693457625681116241e+01
1.759647441030611503e+02 2.489968342803773993e+01 5.964192172560942140e+01
1.731506763588336639e+02 2.504365807713544712e+01 6.236556331541573428e+01
1.703566064778965483e+02 2.513964444199482529e+01 6.510570467573327846e+01
1.675825051259278382e+02 2.518769151123174055e+01 6.786241208896537103e+01
1.648283426774185898e+02 2.518784713327617197e+01 7.063575292026507668e+01
1.620940892177543162e+02 2.514015801212872248e+01 7.342579561931216858e+01
1.593797145432148454e+02 2.504466970736063303e+01 7.623260972031269489e+01
1.566851881609744908e+02 2.490142663411372581e+01 7.905626584199934825e+01
1.540104792890970202e+02 2.471047206310552014e+01 8.189683568763406640e+01
1.513555568579600958e+02 2.447184811515539238e+01 8.475439204968361651e+01
1.487203895273295302e+02 2.418559572570991989e+01 8.762900882526881219e+01
1.461076732820002348e+02 2.385232041921305068e+01 9.051790070975053482e+01
1.435872290174874877e+02 2.348705245272415709e+01 9.334752351083618294e+01
1.411831549296212529e+02 2.309655740963114923e+01 9.609138399782385420e+01
1.388913783886491444e+02 2.268185345393915142e+01 9.875245720641078151e+01
1.367079350913062683e+02 2.224391694103993444e+01 1.013336491375944917e+02
1.346289940601276385e+02 2.178369060207450758e+01 1.038377684940552541e+02
1.326508573634864376e+02 2.130208361479337853e+01 1.062675268843586878e+02
1.307699587864002524e+02 2.079997193966932656e+01 1.086255397926112067e+02
1.289828623700580863e+02 2.027819868974582818e+01 1.109143276436299175e+02
1.272862472956601039e+02 1.973757795786390190e+01 1.131363268280172036e+02
1.256769055699335667e+02 1.917889540259976400e+01 1.152938913902744105e+02
1.241517412858354277e+02 1.860290843534237126e+01 1.173892935680615892e+02
1.227077705423445195e+02 1.801034624016329388e+01 1.194247238509035611e+02
1.213421164772755816e+02 1.740191103152167074e+01 1.214022946030053873e+02
1.200519980422703981e+02 1.677828089587493565e+01 1.233240482504881328e+02
1.188347294197877773e+02 1.614010993925153414e+01 1.251919577066293101e+02
1.176877190547173484e+02 1.548802853221794074e+01 1.270079270782636200e+02
1.166084703555856663e+02 1.482264313199346795e+01 1.287737911545161467e+02
1.155945747849307708e+02 1.414453803172048296e+01 1.304913204464624528e+02
1.146437040614214169e+02 1.345427733416639704e+01 1.321622268748588169e+02
1.137536100312903216e+02 1.275240498426016345e+01 1.337881638639205164e+02
1.129221236904631951e+02 1.203944501636521913e+01 1.353707270546848349e+02
1.121471561179964596e+02 1.131590131770867558e+01 1.369114536243143618e+02
1.114266913235983196e+02 1.058225943884045428e+01 1.384118275030206746e+02
1.107587806242677004e+02 9.838988016679291349e+00 1.398732834758404522e+02
1.101415426157059017e+02 9.086538781745760573e+00 1.412972072034885684e+02
1.095731623100945598e+02 8.325346776095205570e+00 1.426849358514012351e+02
1.090518919881118904e+02 7.555830137439673244e+00 1.440377574683836031e+02
1.085760446287815597e+02 6.778391761912739177e+00 1.453569157789347344e+02
1.081439896791925719e+02 5.993420374351707380e+00 1.466436132689923966e+02
1.077541530474836691e+02 5.201290530072114393e+00 1.478990111910512155e+02
1.074050163220388612e+02 4.402362812134076542e+00 1.491242301338475897e+02
1.070951175590805349e+02 3.596983631865195985e+00 1.503203494479544418e+02
1.068230453611835458e+02 2.785486727134708573e+00 1.514884115651164223e+02
1.065874357122906986e+02 1.968193962915856687e+00 1.526294243070153129e+02
1.063869719767907043e+02 1.145415331518854662e+00 1.537443608859442179e+02
1.062203846991752414e+02 3.174490029606212294e-01 1.548341600510934484e+02
1.060864508564437614e+02 -5.154184860933159751e-01 1.558997266339774512e+02
1.059839892748244097e+02 -1.352911072909679602e+00 1.569419348917543857e+02
1.059118592955045273e+02 -2.194762831351260601e+00 1.579616294806134817e+02
1.058689604902988748e+02 -3.040717900072723356e+00 1.589596256632422921e+02
1.058542325137789817e+02 -3.890530445353439948e+00 1.599367094168021026e+02
1.058666521406123735e+02 -4.743963911860889837e+00 1.608936395941800868e+02
1.059052310800752821e+02 -5.600790470102358753e+00 1.618311495183592115e+02
1.059690160051764849e+02 -6.460791023838361902e+00 1.627499469611954623e+02
1.060570869113367536e+02 -7.323755676570507411e+00 1.636507173494024414e+02
1.061667840674979573e+02 -8.190672793685655151e+00 1.645391519303995267e+02
1.062943560334476985e+02 -9.063487286026868262e+00 1.654245597078286210e+02
1.064392914306132383e+02 -9.942173584692213240e+00 1.663075324484572377e+02
1.066012853048487727e+02 -1.082657389680815463e+01 1.671880904284240899e+02
1.067800288049830186e+02 -1.171653990797481981e+01 1.680662804743220988e+02
1.069752189713179575e+02 -1.261192651193323044e+01 1.689421487423635142e+02
1.071865579968381894e+02 -1.351259139308427315e+01 1.698157407963490755e+02
1.074137528685930079e+02 -1.441839482373374004e+01 1.706871016454666403e+02
1.076565153676964854e+02 -1.532919966409232160e+01 1.715562757442909572e+02
1.079145620693274452e+02 -1.624487136227561734e+01 1.724233069927836652e+02
1.081876143427295176e+02 -1.716527795430413406e+01 1.732882387362934935e+02
1.084753983512110409e+02 -1.809029006410327511e+01 1.741511137655560049e+02
1.087776447856126509e+02 -1.901978075382245592e+01 1.750119743452574426e+02
1.090940892342184299e+02 -1.995362573308074516e+01 1.758708621750947430e+02
1.094244722404910561e+02 -2.089170339027123902e+01 1.767278183830681257e+02
1.097685385096324353e+02 -2.183389434562387166e+01 1.775828836098812360e+02
1.101260369011699112e+02 -2.278008144703383309e+01 1.784360980097320919e+02
1.104967204289560812e+02 -2.373014977006156911e+01 1.792875012503130279e+02
1.108803462611689099e+02 -2.468398661793277071e+01 1.801371325128108083e+02
1.112766757203117010e+02 -2.564148152153840954e+01 1.809850304919064854e+02
1.116854742832130540e+02 -2.660252623943469175e+01 1.818312333957754845e+02
1.121065114008826384e+02 -2.756701465697258868e+01 1.826757789655322881e+02
1.125395605058488826e+02 -2.853484279193357409e+01 1.835187044751503436e+02
1.129843997129399327e+02 -2.950590918662694406e+01 1.843600466556834476e+02
1.134408107536865913e+02 -3.048011430913684094e+01 1.851998418093119767e+02
1.139085789050135844e+02 -3.145736051331446248e+01 1.860381258170032197e+02
1.143874929892395045e+02 -3.243755203877803694e+01 1.868749341385115770e+02
1.148773453740766683e+02 -3.342059501091283380e+01 1.877103018123781339e+02
1.153779319726313730e+02 -3.440639744087116014e+01 1.885442634559312296e+02
