2.540000000000000000e+02 7.000000000000000000e+00 0.000000000000000000e+00
2.526957717308567055e+02 7.531491689609491225e+00 8.393481892208662920e-01
2.513647177884625421e+02 8.066328217541906653e+00 1.693923177660432211e+00
2.500065104410776939e+02 8.604537595431528629e+00 2.563904337237929099e+00
2.486208184038001150e+02 9.146148094059407541e+00 3.449472963613433585e+00
2.472073068143693035e+02 9.691188245007190005e+00 4.350812289234990970e+00
2.457656371780851998e+02 1.023968684442434984e+01 5.268107513040815704e+00
2.442941323830043814e+02 1.079109260645019397e+01 6.204118697120143189e+00
2.427821689713166791e+02 1.134105273813352355e+01 7.178641910921172986e+00
2.412263688475279650e+02 1.188851998144587085e+01 8.197142861308963191e+00
2.396253211548677484e+02 1.243332977528845262e+01 9.261229646453626785e+00
2.379776263150709497e+02 1.297533786219673324e+01 1.037245078035287804e+01
2.362818960283779290e+02 1.351442028834042297e+01 1.153229519283204674e+01
2.345367532735345151e+02 1.405047340352345842e+01 1.274219222954404884e+01
2.327408323077919476e+02 1.458341386118402916e+01 1.400351165196941494e+01
2.308927260516464059e+02 1.511315379029425721e+01 1.531766954413758697e+01
2.289909261079886278e+02 1.563957335051565067e+01 1.668624705922104212e+01
2.270339045417427997e+02 1.616256123970830672e+01 1.811082112593691562e+01
2.250200882377800724e+02 1.668200296647964365e+01 1.959301510146635650e+01
2.229478587055081675e+02 1.719778075813049867e+01 2.113449916428162467e+01
2.208155514773158643e+02 1.770977351718104487e+01 2.273699093483888589e+01
2.186214545490518049e+02 1.821785670866497853e+01 2.440225708471691846e+01
2.163638081133258027e+02 1.872190234085539018e+01 2.613211361179712355e+01
2.140407999250258513e+02 1.922177863033239831e+01 2.792843062219318995e+01
2.116505649681800207e+02 1.971734997790751365e+01 2.979313267398703857e+01
2.091911854066261469e+02 2.020847696505843771e+01 3.172819882812868286e+01
2.066606889020234803e+02 2.069501623237309929e+01 3.373566438393490330e+01
2.040570461153916995e+02 2.117682029898672269e+01 3.581762345703739925e+01
2.013774616782410760e+02 2.165377804850316323e+01 3.797637397892415123e+01
1.986328371578799761e+02 2.212498319490220666e+01 4.021149182849372039e+01
1.958386322383379650e+02 2.258930548700784158e+01 4.252157748559831418e+01
1.929935337993510416e+02 2.304659881965932300e+01 4.490861296363551958e+01
1.900962623479604190e+02 2.349670870732555628e+01 4.737462091637498673e+01
1.871454362234755138e+02 2.393948065146620863e+01 4.992169170773546227e+01
1.841410618802521526e+02 2.437439011935038025e+01 5.254912598795090162e+01
1.811013470936977683e+02 2.479635614424287837e+01 5.522013371893708467e+01
1.780308602698810034e+02 2.520402689280093611e+01 5.792562260222336334e+01
1.749387899906004691e+02 2.559118411964160344e+01 6.066645594941549291e+01
1.718746803821514959e+02 2.592517630590177191e+01 6.344684927836802046e+01
1.688457445885674701e+02 2.620145898702316956e+01 6.626733739573369064e+01
1.658520075647932970e+02 2.642023457589552038e+01 6.912784688912563524e+01
1.628934918799325828e+02 2.658170503959395958e+01 7.202830680743629443e+01
1.599702177448226053e+02 2.668607186486901384e+01 7.496864867998549187e+01
1.570847893068732049e+02 2.673254207480554001e+01 7.794592261083425910e+01
1.542876737463904817e+02 2.670239003155010948e+01 8.090309546725886491e+01
1.515984580080433091e+02 2.658966634280271890e+01 8.381616758059699634e+01
1.490154849914520980e+02 2.639668528086458466e+01 8.668466398860782363e+01
1.465370282915039866e+02 2.612576413480371684e+01 8.950821068975075434e+01
1.441614190134861815e+02 2.577905689380720844e+01 9.228654878810115747e+01
1.418767477335238425e+02 2.538144280360802085e+01 9.500603289002553709e+01
1.396705744309567194e+02 2.495792818876510921e+01 9.765354208992410179e+01
1.375411194001667354e+02 2.450934627503191265e+01 1.002304860114717542e+02
1.354866717540160153e+02 2.403643783049249549e+01 1.027382915172337761e+02
1.335055525381058885e+02 2.353992871570399714e+01 1.051783597512666830e+02
1.315961147187638289e+02 2.302052988947913548e+01 1.075520661486448120e+02
1.297567431830433691e+02 2.247893740888624237e+01 1.098607604354601222e+02
1.279858547624570519e+02 2.191583241766523926e+01 1.121057666101359445e+02
1.262818982264627437e+02 2.133188114623811060e+01 1.142883829512509521e+02
1.246433523601813107e+02 2.072773583788866958e+01 1.164098835412910802e+02
1.230687254584572941e+02 2.010403499213930800e+01 1.184715186680324734e+02
1.215565551365142909e+02 1.946140342280417812e+01 1.204745149390438428e+02
1.201054094760460629e+02 1.880047011707544513e+01 1.224200979468803610e+02
1.187142456018233929e+02 1.812547473010831212e+01 1.243140955526533560e+02
1.173821045612751135e+02 1.744151225206240596e+01 1.261635648565428340e+02
1.161075619375331485e+02 1.674885783304855735e+01 1.279694888879511012e+02
1.148892256029593710e+02 1.604774685376862209e+01 1.297327837254918848e+02
1.137257333585199603e+02 1.533840996024596492e+01 1.314543455898446211e+02
1.126157527342580522e+02 1.462107309516301434e+01 1.331350509768999473e+02
1.115579809892936112e+02 1.389595749786125900e+01 1.347757566577597572e+02
1.105511451118235442e+02 1.316327970434124595e+01 1.363772996787371881e+02
1.095940013437640062e+02 1.242325162180603293e+01 1.379404976785850181e+02
1.086853353803543598e+02 1.167608049699096640e+01 1.394661487553488541e+02
1.078239628133879648e+02 1.092196884695607828e+01 1.409550311705283434e+02
1.070087246812899906e+02 1.016111515759313377e+01 1.424079063185895961e+02
1.062384872037212489e+02 9.393713925270093412e+00 1.438255189040722826e+02
1.055121417815783644e+02 8.619955656831093549e+00 1.452085969415893203e+02
1.048286049969935902e+02 7.840026869596457004e+00 1.465578517558271017e+02
1.041868187437386126e+02 7.054110070835470481e+00 1.478739778945306114e+02
1.035857502124451486e+02 6.262383759713175735e+00 1.491576531384059763e+02
1.030244376145330278e+02 5.465050436548714252e+00 1.504094543404113153e+02
1.025006548396135884e+02 4.661571924229951591e+00 1.516322338473417233e+02
1.020115857434113451e+02 3.850985431453940677e+00 1.528300177217152793e+02
1.015564283713021183e+02 3.033422941906344317e+00 1.540033315242447145e+02
1.011344491437598663e+02 2.209043817153458544e+00 1.551525972764856363e+02
1.007449314514205838e+02 1.378004866433731213e+00 1.562782257821599501e+02
1.003871724457513324e+02 5.404602176603215957e-01 1.573806197102675242e+02
1.000604827196821560e+02 -3.034386205017784444e-01 1.584601737860238018e+02
9.976418630760632311e+01 -1.153542758635744070e+00 1.595172747908600286e+02
9.949762068538009885e+01 -2.009705926572914247e+00 1.605523015624229117e+02
9.926013682125882553e+01 -2.871784483406415678e+00 1.615656249642127023e+02
9.905109892626087742e+01 -3.739637369276793244e+00 1.625576080350722350e+02
9.886988351604151148e+01 -4.613125922785130228e+00 1.635286065498693802e+02
9.871597467120710689e+01 -5.492106760338764992e+00 1.644789549893028493e+02
9.858929737044437047e+01 -6.376406098678672585e+00 1.654089209560385143e+02
9.848792379440685352e+01 -7.265991366078087488e+00 1.663190407734826124e+02
9.840982649687710193e+01 -8.160843493909130331e+00 1.672098468554470969e+02
9.835335436620667338e+01 -9.060921716095688083e+00 1.680817961267196665e+02
9.831723262531606622e+01 -9.966163569113433596e+00 1.689352700230635094e+02
9.830056283338522860e+01 -1.087648489184181066e+01 1.697705744910516046e+02
9.830291730859612187e+01 -1.179177041041840290e+01 1.705879352536523186e+02
9.832410697929458365e+01 -1.271188743644490948e+01 1.713875466287867368e+02
9.836387767460945497e+01 -1.363671028666716722e+01 1.721696094365612169e+02
9.842197747790271478e+01 -1.456611472321957734e+01 1.729343229442140739e+02
9.849815672676959366e+01 -1.549997795362511610e+01 1.736818848661156949e+02
9.859216801303854538e+01 -1.643817863079533481e+01 1.744124913637684813e+02
9.870376617616885540e+01 -1.738059684780474612e+01 1.751263370496760388e+02
9.883270829139091518e+01 -1.832711412913119631e+01 1.758236149947239824e+02
9.897875365813710857e+01 -1.927761341945755191e+01 1.765045167335613314e+02
9.914166375241921969e+01 -2.023197904383601298e+01 1.771692322910437554e+02
9.932120222436741130e+01 -2.119009670567788106e+01 1.778179501836328029e+02
9.951713489790793687e+01 -2.215185348649463393e+01 1.784508574195835422e+02
9.972922975781165178e+01 -2.311713783578412773e+01 1.790681395066248456e+02
9.995725694988129817e+01 -2.408583957114088747e+01 1.796699804518286498e+02
1.002009887381551465e+02 -2.505784984239228663e+01 1.802565627853252295e+02
1.004601994906021218e+02 -2.603306111987900096e+01 1.808280675684150367e+02
1.007346739089070837e+02 -2.701135397294460461e+01 1.813846772781850802e+02
1.010241801605480845e+02 -2.799263810677540221e+01 1.819265684868065591e+02
1.013277713735665770e+02 -2.897798499815176854e+01 1.824536564678707578e+02
1.016448764088624159e+02 -2.996789983541329505e+01 1.829659532121098948e+02
1.019757022358752891e+02 -3.096197996966503041e+01 1.834630893850522284e+02
1.023175360186184122e+02 -3.196126709376353148e+01 1.839500862593991144e+02
1.026677327245925540e+02 -3.296683757010882942e+01 1.844319511139085250e+02
1.030260608066808459e+02 -3.397875397316099821e+01 1.849090782365730661e+02
1.033924645801617004e+02 -3.499699624117751284e+01 1.853815150655579771e+02
