2.540000000000000000e+02 7.000000000000000000e+00 0.000000000000000000e+00
2.526189848839753722e+02 7.461249226055120864e+00 7.530121142770322962e-01
2.512079811035974615e+02 7.925618500705875036e+00 1.540319908928930781e+00
2.497659597446655937e+02 8.393231069061664940e+00 2.363028751632644475e+00
2.482918581521082615e+02 8.864214170617788824e+00 3.222280441157562958e+00
2.467845793324686099e+02 9.338699110057840258e+00 4.119253852261130611e+00
2.452429905997813364e+02 9.816821417710368536e+00 5.055166397181011462e+00
2.436659219571924950e+02 1.029872104131985999e+01 6.031275772337692409e+00
2.420521653762754397e+02 1.078454243144288860e+01 7.048880736167211225e+00
2.404004742373910517e+02 1.127443460776130912e+01 8.109321713142389143e+00
2.387095605324034011e+02 1.176855149054545713e+01 9.213983812862640121e+00
2.369780940875978104e+02 1.226705199273419922e+01 1.036429766875524727e+01
2.352047015354855546e+02 1.277010014176751973e+01 1.156174054780890081e+01
2.333879658354775302e+02 1.327786513638287857e+01 1.280783686791532539e+01
2.315264226904102998e+02 1.379052177123440615e+01 1.410416206550118901e+01
2.296185596792141155e+02 1.430825053966609417e+01 1.545234353163806240e+01
2.276628152752409733e+02 1.483123775003162770e+01 1.685406167156704171e+01
2.256575782211717183e+02 1.535967559976075592e+01 1.831105057937112335e+01
2.236011843547209139e+02 1.589376255149150374e+01 1.982510146399185658e+01
2.214919139831805239e+02 1.643370364416719909e+01 2.139806548288821375e+01
2.193279916741396107e+02 1.697971051783428109e+01 2.303185396791343109e+01
2.171075842805934428e+02 1.753200164764799496e+01 2.472844055683863473e+01
2.148288007332902509e+02 1.809080236847719547e+01 2.648986141747097633e+01
2.124896864065528064e+02 1.865634554250944888e+01 2.831822132864729369e+01
2.100882220868126637e+02 1.922887168147101988e+01 3.021569479350041831e+01
2.076223237675070266e+02 1.980862897092896091e+01 3.218452626083050205e+01
2.050898397597502196e+02 2.039587361264745269e+01 3.422703324359655852e+01
2.024885477692045868e+02 2.099087017095483176e+01 3.634560947385735119e+01
1.998161061762073416e+02 2.159390405608246866e+01 3.854278824128507352e+01
1.970908300753018239e+02 2.219967846552239621e+01 4.079375116416512270e+01
1.943288797922115236e+02 2.279156506163687723e+01 4.308621341276995054e+01
1.915273342021671112e+02 2.333720298364979939e+01 4.544954403560096523e+01
1.886854120776956165e+02 2.383380030764732993e+01 4.788675174455195105e+01
1.858024830112275936e+02 2.428047922799419567e+01 5.039911583009268270e+01
1.828788742057005834e+02 2.467805475293839734e+01 5.298514745907615975e+01
1.799297269961919881e+02 2.504558548228996173e+01 5.560959220801187541e+01
1.769944999029686130e+02 2.536865649733719508e+01 5.825327229039637444e+01
1.740843927351425577e+02 2.564020588687648683e+01 6.091420524212972509e+01
1.711992512823748029e+02 2.586037966022320589e+01 6.359248243889906149e+01
1.683389482192166895e+02 2.602930491434364768e+01 6.628819151074050353e+01
1.655033567963078838e+02 2.614710640587810175e+01 6.900142128181956025e+01
1.626923508403683627e+02 2.621390655076592680e+01 7.173226177135688886e+01
1.599058047541983569e+02 2.622982542424555774e+01 7.448080419362852922e+01
1.571435935166782656e+02 2.619498076085449156e+01 7.724714095796576885e+01
1.544055926827687699e+02 2.610948795442928372e+01 8.003136566875518554e+01
1.516916783835106912e+02 2.597346005810556591e+01 8.283357312543860473e+01
1.490017273260106947e+02 2.578700778424868290e+01 8.565385932257771628e+01
1.463356167916852542e+02 2.555023949386990623e+01 8.849232146326320958e+01
1.436932246365597905e+02 2.526326119024034256e+01 9.134905797801221183e+01
1.410782606565332742e+02 2.492720985061670547e+01 9.421977339610870672e+01
1.385564304658989840e+02 2.456050966480276188e+01 9.702859303153611847e+01
1.361517382320467959e+02 2.417164452869156221e+01 9.974641575595381937e+01
1.338608461509516872e+02 2.376188047468275144e+01 1.023753758017572295e+02
1.316790640140358164e+02 2.333204819455584555e+01 1.049192135194781628e+02
1.296024049778587823e+02 2.288308041221766587e+01 1.073809310929586474e+02
1.276269400778416525e+02 2.241585470845879868e+01 1.097635193936228575e+02
1.257488842589957301e+02 2.193121542561380721e+01 1.120698603923375600e+02
1.239645975165956031e+02 2.142997340225487335e+01 1.143027262972977098e+02
1.222705673834206692e+02 2.091291004244589757e+01 1.164647927924325472e+02
1.206634068107796480e+02 2.038077780811108397e+01 1.185586406391992398e+02
1.191398530629943622e+02 1.983430047563043175e+01 1.205867565124375176e+02
1.176967683146912265e+02 1.927417299639775194e+01 1.225515325492381606e+02
1.163311304937290771e+02 1.870106362462492555e+01 1.244552732710008911e+02
1.150400230371595427e+02 1.811561629702872622e+01 1.263002033275580942e+02
1.138206346880250237e+02 1.751845068002432271e+01 1.280884676507943993e+02
1.126702579295158415e+02 1.691016253293574678e+01 1.298221326386747307e+02
1.115862904574545809e+02 1.629132336565814398e+01 1.315031850422626860e+02
1.105662232452169889e+02 1.566248321110666630e+01 1.331335409882461818e+02
1.096076353974087141e+02 1.502417182036575838e+01 1.347150498695681620e+02
1.087081940545831742e+02 1.437689868479975530e+01 1.362494944174701175e+02
1.078656531502419824e+02 1.372115332402297661e+01 1.377385916416044154e+02
1.070778541794454810e+02 1.305740510739294535e+01 1.391839922489684795e+02
1.063427148754428657e+02 1.238610588355534148e+01 1.405872892044658897e+02
1.056582264887727547e+02 1.170769061212235052e+01 1.419500197880307155e+02
1.050224536348465847e+02 1.102257739902210965e+01 1.432736657098819819e+02
1.044335334555656232e+02 1.033116769037240701e+01 1.445596537448197978e+02
1.038896756490314743e+02 9.633846265717767920e+00 1.458093557096861446e+02
1.033891528229975023e+02 8.930983477442461904e+00 1.470240957566596478e+02
1.029302987830789817e+02 8.222935648024677135e+00 1.482051516675341247e+02
1.025115083757439152e+02 7.510045106428044903e+00 1.493537549724592282e+02
1.021312369182738991e+02 6.792640319609079214e+00 1.504710913813967181e+02
1.017879998124189598e+02 6.071035982385255103e+00 1.515583010761137359e+02
1.014803645832438264e+02 5.345534864903629391e+00 1.526164847296273877e+02
1.012069496717732591e+02 4.616428092706887476e+00 1.536467044191537354e+02
1.009664245216639102e+02 3.883995126569045997e+00 1.546499835606039994e+02
1.007575095914706225e+02 3.148503758843541167e+00 1.556273068997770679e+02
1.005789719465222021e+02 2.410211136389076803e+00 1.565796238453621356e+02
1.004296239567339626e+02 1.669364062576663477e+00 1.575078494536330993e+02
1.003075226931608910e+02 9.256716504285739111e-01 1.584151003096199304e+02
1.002067838878812012e+02 1.760322418847595771e-01 1.593160032913783652e+02
1.001260201154646410e+02 -5.799927037750751690e-01 1.602133301702237702e+02
1.000648422582917476e+02 -1.342214955751096062e+00 1.611071362814240331e+02
1.000228659356962169e+02 -2.110451773810824161e+00 1.619974829133254843e+02
9.999971357165313179e+01 -2.884524086028688927e+00 1.628844305156830217e+02
9.999501435700113916e+01 -3.664256467400750950e+00 1.637680387038507774e+02
1.000084040670048466e+02 -4.449477036820484344e+00 1.646483662791420386e+02
1.000395254192115431e+02 -5.240017659670244576e+00 1.655254711891390116e+02
1.000880275369896282e+02 -6.035713644469876904e+00 1.663994105873624392e+02
1.001535656966796495e+02 -6.836403599909328221e+00 1.672702408614005094e+02
1.002358013275942596e+02 -7.641929434848643510e+00 1.681380176329085714e+02
1.003344020120183870e+02 -8.452136358317970277e+00 1.690027957576093058e+02
1.004490412661144632e+02 -9.266872756248062615e+00 1.698646293499631383e+02
1.005793988573313698e+02 -1.008599037112916186e+01 1.707235717479504160e+02
1.007251606422723711e+02 -1.090934420999703036e+01 1.715796755309407047e+02
1.008860179262444490e+02 -1.173679218322608264e+01 1.724329925913895067e+02
1.010616674599208267e+02 -1.256819510264862849e+01 1.732835741352125183e+02
1.012518114393412390e+02 -1.340341668155486587e+01 1.741314706817856006e+02
1.014561575059116336e+02 -1.424232353469290402e+01 1.749767320639444677e+02
1.016744186881382603e+02 -1.508478514559156913e+01 1.758194074345968829e+02
1.019063131308749917e+02 -1.593067371566183255e+01 1.766595452979098582e+02
1.021515648936083807e+02 -1.677986461246664263e+01 1.774971934189932767e+02
1.024099029736656092e+02 -1.763223581994487077e+01 1.783323989337955595e+02
1.026810610947241003e+02 -1.848766781959409755e+01 1.791652083730024287e+02
1.029647777068116739e+02 -1.934604359047063937e+01 1.799956676620371070e+02
1.032607959863064480e+02 -2.020724860918951649e+01 1.808238221210603172e+02
1.035688638359369094e+02 -2.107117084992447431e+01 1.816497164649700267e+02
1.038887338847818143e+02 -2.193770078440797988e+01 1.824733948034019022e+02
1.042201632025028744e+02 -2.280673122269707420e+01 1.832949006736617719e+02
1.045629136932570020e+02 -2.367815753529255929e+01 1.841142769966051560e+02
1.049167522091708236e+02 -2.455187771451252488e+01 1.849315660626619717e+02
1.052814496475702839e+02 -2.542779186902206590e+01 1.857468096346863717e+02
1.056567809405040208e+02 -2.630580221797785967e+01 1.865600489491559131e+02
1.060425250547434075e+02 -2.718581309102813393e+01 1.873713247161718414e+02
1.064384649917825101e+02 -2.806773092831268102e+01 1.881806771194587498e+02
