2.540000000000000000e+02 7.000000000000000000e+00 0.000000000000000000e+00
2.517473033383948291e+02 7.819599467441053164e+00 1.822006956773553510e+00
2.494823721080978487e+02 8.632052344305567004e+00 3.651297619840289777e+00
2.472052381087345339e+02 9.437337366965410368e+00 5.487839225566588652e+00
2.449159334662347476e+02 1.023543338506663680e+01 7.331598796944367002e+00
2.426144610865895004e+02 1.102631459519589718e+01 9.182509814402733284e+00
2.403005678727857060e+02 1.180991265998719619e+01 1.104020834026582776e+01
2.379740198986165467e+02 1.258616008450991330e+01 1.290433676371766580e+01
2.356347704629299074e+02 1.335501858450910184e+01 1.477474092065540212e+01
2.332829187476683046e+02 1.411647281657011099e+01 1.665142602034189423e+01
2.309185172299625890e+02 1.487050061392875300e+01 1.853434786609914653e+01
2.285416177831457105e+02 1.561707974817988820e+01 2.042346046458355602e+01
2.261522748958056752e+02 1.635618851715053523e+01 2.231872010305327336e+01
2.237505433737725014e+02 1.708780539763058925e+01 2.422008290850232370e+01
2.213364783399123610e+02 1.781190904540701681e+01 2.612750484781084026e+01
2.189101352316753264e+02 1.852847829638037425e+01 2.804094172975573329e+01
2.164715697988736736e+02 1.923749216756024794e+01 2.996034920682696523e+01
2.140208779919775850e+02 1.993731986200603501e+01 3.188654235376717594e+01
2.115587884042591611e+02 2.059980684276681728e+01 3.383453265729320236e+01
2.090855390235685718e+02 2.121403388307272664e+01 3.581022031447695753e+01
2.066010904311941658e+02 2.177986470792487239e+01 3.781376243772547241e+01
2.041054027350028264e+02 2.229712890262669589e+01 3.984533550437388527e+01
2.015984347765358962e+02 2.276565425919182317e+01 4.190511807095987251e+01
1.990801441165667427e+02 2.318526673481854061e+01 4.399329080640585943e+01
1.965505905122018930e+02 2.355700752452238333e+01 4.610910261924029641e+01
1.940116128340942225e+02 2.390261280344558514e+01 4.823589755538861112e+01
1.914713639791666822e+02 2.422518875500986724e+01 5.036828962115630048e+01
1.889462968392396078e+02 2.451242290724161776e+01 5.250918311171876951e+01
1.864365680282107007e+02 2.476415213856795106e+01 5.465878757990070369e+01
1.839420750772899567e+02 2.498040486031133511e+01 5.681726957682315060e+01
1.814627156689426783e+02 2.516120714502533318e+01 5.898479697103802977e+01
1.789983876275422006e+02 2.530658265108821681e+01 6.116153905367713861e+01
1.765489889193694921e+02 2.541655262270292326e+01 6.334766653845206008e+01
1.741144176526134117e+02 2.549113588989709456e+01 6.554335156165426213e+01
1.716945720773705375e+02 2.553034886852304552e+01 6.774876768215497691e+01
1.692893505856454226e+02 2.553420556025778509e+01 6.996408988140539975e+01
1.668986517113501691e+02 2.550271755260301276e+01 7.218949456343644044e+01
1.645223741296761091e+02 2.543589401561331087e+01 7.442515955821241391e+01
1.621604166489722445e+02 2.533374165245601972e+01 7.667126417962846574e+01
1.598126782112708213e+02 2.519626468851486223e+01 7.892798925058993120e+01
1.574794906791225912e+02 2.502362278424905284e+01 8.119531083784865189e+01
1.551815004250846641e+02 2.482347688775393380e+01 8.346350482899235601e+01
1.529354658374802796e+02 2.460238007768329282e+01 8.572463247572625278e+01
1.507402988232672669e+02 2.436044116132196180e+01 8.797924585632412686e+01
1.485951736329201651e+02 2.409785243832405399e+01 9.022777489409834573e+01
1.464992765824521825e+02 2.381479796216263978e+01 9.247064652935553397e+01
1.444518087793052246e+02 2.351145686363960507e+01 9.470828318417026992e+01
1.424519858160360286e+02 2.318800343761178695e+01 9.694110288762327343e+01
1.404990377703156526e+02 2.284460714299094874e+01 9.916951927580134907e+01
1.385922092049298158e+02 2.248143260274380850e+01 1.013939415917973434e+02
1.367307591677787570e+02 2.209863960389199988e+01 1.036147746857102021e+02
1.349139611909914152e+02 2.169638309775258023e+01 1.058324190150297710e+02
1.331411025321760633e+02 2.127481340059498649e+01 1.080472709842473336e+02
1.314114857040671609e+02 2.083407576808604134e+01 1.102597223038310972e+02
1.297244271466774137e+02 2.037431077544050240e+01 1.124701605244047329e+02
1.280792557522951540e+02 1.989565472261082490e+01 1.146789696655925184e+02
1.264753128654844687e+02 1.939823963428718301e+01 1.168865302160192243e+02
1.249119522830850144e+02 1.888219325989743069e+01 1.190932191333101855e+02
1.233885402542121739e+02 1.834763907360713375e+01 1.212994098440914001e+02
1.219044554802569422e+02 1.779469627431955558e+01 1.235054722439892601e+02
1.204590889533235725e+02 1.722347982795922405e+01 1.257117727708644424e+02
1.190518435863611160e+02 1.663410055274794530e+01 1.279186745963874330e+02
1.176821356556511802e+02 1.602666474089667403e+01 1.301265369738028141e+02
1.163493924989536055e+02 1.540127478599242039e+01 1.323357162295497176e+02
1.150530521635091503e+02 1.475802927713413482e+01 1.345465659186412211e+02
1.137925634060394202e+02 1.409702299893268851e+01 1.367594368246643626e+02
1.125673856927469245e+02 1.341834693151089475e+01 1.389746769597802256e+02
1.113769891993151049e+02 1.272208825050349290e+01 1.411926315647239676e+02
1.102208548109082074e+02 1.200833032705716974e+01 1.434136431088045924e+02
1.090984737487898570e+02 1.127715282012798959e+01 1.456380514704094082e+02
1.080093480576995830e+02 1.052863153555168019e+01 1.478661937438372149e+02
1.069529906780514068e+02 9.762838426768038147e+00 1.500984041658568913e+02
1.059289238062593483e+02 8.979842024879785001e+00 1.523350148570245608e+02
1.049366788614104706e+02 8.179707447210187610e+00 1.545763558371322119e+02
1.039757964852650503e+02 7.362496397303056384e+00 1.568227550252075559e+02
1.030458265422564352e+02 6.528267164922737287e+00 1.590745382395141689e+02
1.021463281194910877e+02 5.677074626054126938e+00 1.613320291975514635e+02
1.012768695199236078e+02 4.808970244387743342e+00 1.635955495197735843e+02
1.004370280770347961e+02 3.924002100915213287e+00 1.658654188528315103e+02
9.962639054411445727e+01 3.022214803862086629e+00 1.681419546685962416e+02
9.884455211221147408e+01 2.103649750946775310e+00 1.704254726984361810e+02
9.809111604880635582e+01 1.168345216183179769e+00 1.727162871131138218e+02
9.736569369781135208e+01 2.163363498806856466e-01 1.750147105227858901e+02
9.666790447957028221e+01 -7.523448213558353581e-01 1.773210539770033733e+02
9.599737589085870582e+01 -1.737669394626026209e+00 1.796356269647115198e+02
9.535374334847722366e+01 -2.739611555757995642e+00 1.819587374975128569e+02
9.473665031821995797e+01 -3.758148620813192675e+00 1.842906920672973001e+02
9.414574831701395397e+01 -4.793261024062486442e+00 1.866317956191529959e+02
9.358069601991128650e+01 -5.844932099554210225e+00 1.889823519878784452e+02
9.304115923189552007e+01 -6.913148074432367451e+00 1.913426639122087067e+02
9.252681088788142461e+01 -7.997898068936624583e+00 1.937130330348152825e+02
9.203733105271524551e+01 -9.099174096402316891e+00 1.960937599023064024e+02
9.157240686543033803e+01 -1.021697105048826693e+01 1.984851439942657407e+02
9.113173211369625903e+01 -1.135128661458979415e+01 2.008874839592954231e+02
9.071500840771413721e+01 -1.250212153797761871e+01 2.033010770183739169e+02
9.032194393711272085e+01 -1.366947933646949664e+01 2.057262195823329591e+02
8.995225310708011079e+01 -1.485336620710753586e+01 2.081632074373586363e+02
8.960565653836387412e+01 -1.605379102815818015e+01 2.106123357449913271e+02
8.928188106727093043e+01 -1.727076535911222166e+01 2.130738990421257313e+02
8.898065974566762293e+01 -1.850430344068479016e+01 2.155481912410107554e+02
8.870173184097974683e+01 -1.975442219481535844e+01 2.180355056292497125e+02
8.844484261255441027e+01 -2.102114117932384829e+01 2.205361349985397226e+02
8.820974324679815481e+01 -2.230448259489964968e+01 2.230503717238190973e+02
8.799619198044678114e+01 -2.360447151340430594e+01 2.255785071177788836e+02
8.780395251502879717e+01 -2.492113552809394506e+01 2.281208322848677312e+02
8.763279388139871173e+01 -2.625450472478231845e+01 2.306776381964303653e+02
8.748249043973699202e+01 -2.760461168184075476e+01 2.332492156907075866e+02
8.735282187955019140e+01 -2.897149147019821314e+01 2.358358554728361582e+02
8.724357321967079315e+01 -3.035518165334123708e+01 2.384378481148488618e+02
8.715453480825730992e+01 -3.175572228731396862e+01 2.410554840556745830e+02
8.708550232279426950e+01 -3.317315592071815189e+01 2.436890536011382551e+02
8.703627683003340110e+01 -3.460752762167574303e+01 2.463388469201918554e+02
8.700666486076697481e+01 -3.605888503070418949e+01 2.490051540801579506e+02
8.699647776254217035e+01 -3.752727816011869066e+01 2.516882652753833725e+02
8.700553164947416462e+01 -3.901275941013631154e+01 2.543884709106828836e+02
8.703364741279763450e+01 -4.051538357424679759e+01 2.571060616019714189e+02
8.708065072086660052e+01 -4.203520783921258896e+01 2.598413281762638007e+02
8.714637202007033068e+01 -4.357229178864152175e+01 2.625945616781779108e+02
8.723064645752781132e+01 -4.512669739415846237e+01 2.653660534286490247e+02
8.733331369704005454e+01 -4.669848897566846091e+01 2.681560951258539376e+02
8.745420841967438719e+01 -4.828775826250120673e+01 2.709649891538365409e+02
8.759299508385646504e+01 -4.989507991468106951e+01 2.737932335159897548e+02
8.774927010610359446e+01 -5.152125766775802873e+01 2.766414161918451100e+02
8.792271827285529184e+01 -5.316688045749407365e+01 2.795100364546834157e+02
