2.540000000000000000e+02 7.000000000000000000e+00 0.000000000000000000e+00
2.528208594672717879e+02 7.478581929350109014e+00 7.282902257218123454e-01
2.516165684287209388e+02 7.960562933999471902e+00 1.470534257978660220e+00
2.503867928893987198e+02 8.445979014380760930e+00 2.226912485039853618e+00
2.491311947242919018e+02 8.934866590149246335e+00 2.997607513841388460e+00
2.478494316104339532e+02 9.427262506974864564e+00 3.782804206408820313e+00
2.465411570269048127e+02 9.923204036542198736e+00 4.582689679857259613e+00
2.452060202437243106e+02 1.042272887765977352e+01 5.397453312349331789e+00
2.438436662407958408e+02 1.092587516436363337e+01 6.227286786579286471e+00
2.424537761627188672e+02 1.143270025690766722e+01 7.072306178850863212e+00
2.410302049287738555e+02 1.194058633377140666e+01 7.943777727090677310e+00
2.395649672875930207e+02 1.244623742758138718e+01 8.856123032185442057e+00
2.380567973682714467e+02 1.294955137299871595e+01 9.810664278633884905e+00
2.365044502515915212e+02 1.345045025087031831e+01 1.080865005845340399e+01
2.349066436788205294e+02 1.394885383866027162e+01 1.185136639542424852e+01
2.332620577970692466e+02 1.444467959475302266e+01 1.294013700034370196e+01
2.315693342181230037e+02 1.493784260043693379e+01 1.407632421445548765e+01
2.298270754516875343e+02 1.542825552496819697e+01 1.526132957756824382e+01
2.280338416588624000e+02 1.591582842544664800e+01 1.649659708238434419e+01
2.261881503430080329e+02 1.640046872776000697e+01 1.778361348437621103e+01
2.242884756509175759e+02 1.688208118350622655e+01 1.912390900229298296e+01
2.223332475588183570e+02 1.736056781981550756e+01 2.051905813411917023e+01
2.203208503585253197e+02 1.783582784603346028e+01 2.197068117455504677e+01
2.182496192636411365e+02 1.830775744451773335e+01 2.348044761697679661e+01
2.161178403153374177e+02 1.877624976483014763e+01 2.505007624788089515e+01
2.139237499904463391e+02 1.924119489957827511e+01 2.668133553973318683e+01
2.116655329972769266e+02 1.970247974854231288e+01 2.837604586045480204e+01
2.093413202376990512e+02 2.015998789305315952e+01 3.013608151623050091e+01
2.069491875295759087e+02 2.061359951723886041e+01 3.196337203215209755e+01
2.044871542473087231e+02 2.106319132422385465e+01 3.385990351493578743e+01
2.019596333850936389e+02 2.150813937616490179e+01 3.582648179929036303e+01
1.993825114495516004e+02 2.194695457485989820e+01 3.786169019781419109e+01
1.967596178719828686e+02 2.237910490693355214e+01 3.996638292416918148e+01
1.940886290999936250e+02 2.280453503959353156e+01 4.214261590530222890e+01
1.913684461350506467e+02 2.322308551152598355e+01 4.439226238419844606e+01
1.885977641000688720e+02 2.363460688832753576e+01 4.671727845828078074e+01
1.857760576608555994e+02 2.403874604875357690e+01 4.911809016687592333e+01
1.829177482865178490e+02 2.443155617361051313e+01 5.156623889387633142e+01
1.800308995414434605e+02 2.481087090067932621e+01 5.404604683839200874e+01
1.771153532758101790e+02 2.517658315238951872e+01 5.655789020465186212e+01
1.741710682966514128e+02 2.552855678324738875e+01 5.910191645752081513e+01
1.712193610318437038e+02 2.585222621346664340e+01 6.168007913475425141e+01
1.683031089873542214e+02 2.611870804965612791e+01 6.429598926259893688e+01
1.654231468424670766e+02 2.632771913284028997e+01 6.694957531320514477e+01
1.625794844419327774e+02 2.647953304735109370e+01 6.964069749498548845e+01
1.597721289010298449e+02 2.657442294228866686e+01 7.236921841137569800e+01
1.570010846513337697e+02 2.661266147840557039e+01 7.513500308539664729e+01
1.542696663611694134e+02 2.659334669551066810e+01 7.793414855518068407e+01
1.516268746478935157e+02 2.649977840394879181e+01 8.071015444590757681e+01
1.490899736284853248e+02 2.632749426894852007e+01 8.344112219702975608e+01
1.466569295589450519e+02 2.607898866818313266e+01 8.612692374477801138e+01
1.443258965438858468e+02 2.575666019604794954e+01 8.876724814233212157e+01
1.420950267284788708e+02 2.536287912481304829e+01 9.136181753986879528e+01
1.399615694020249634e+02 2.490190317028313771e+01 9.390929795839251426e+01
1.379084710534318958e+02 2.440792897864686495e+01 9.639161060354342681e+01
1.359287803263359820e+02 2.389280059705042447e+01 9.880389209254248328e+01
1.340207765983950026e+02 2.335720134556943606e+01 1.011476427174815029e+02
1.321827734454342931e+02 2.280179979100639898e+01 1.034243338742750780e+02
1.304131183525007884e+02 2.222724987562438059e+01 1.056354083035778331e+02
1.287101927138632789e+02 2.163419091714699150e+01 1.077822800907841128e+02
1.270724118777492890e+02 2.102324758837051633e+01 1.098663346290881009e+02
1.254982247611944501e+02 2.039503008593740319e+01 1.118889289428533687e+02
1.239861119287458564e+02 1.975013498760268504e+01 1.138513932885368831e+02
1.225345376448083528e+02 1.908866920813629520e+01 1.157544427603455262e+02
1.211422744465742056e+02 1.841346594800240055e+01 1.176021345834060838e+02
1.198083130859082672e+02 1.772935276144936623e+01 1.194010488358759972e+02
1.185313938353050673e+02 1.703856792675135878e+01 1.211546767347953164e+02
1.173101002979986589e+02 1.634152929058762282e+01 1.228642919477229754e+02
1.161430281673726057e+02 1.563842416812410185e+01 1.245308633165622325e+02
1.150288061000283335e+02 1.492944021902520113e+01 1.261553439828476115e+02
1.139660936186005529e+02 1.421476114818716852e+01 1.277386655668262989e+02
1.129535852243771075e+02 1.349456618417900344e+01 1.292817352869478498e+02
1.119900071965499961e+02 1.276903048509338845e+01 1.307854382016576551e+02
1.110741142138282669e+02 1.203832556695954636e+01 1.322506395756304869e+02
1.102046893544376900e+02 1.130261930374321899e+01 1.336781848797705265e+02
1.093805440961209854e+02 1.056207592734668843e+01 1.350688997912112370e+02
1.086005183161376948e+02 9.816856027608757529e+00 1.364235901933155617e+02
1.078634793624315904e+02 9.067116669918082295e+00 1.377430428261400550e+02
1.071683238532193485e+02 8.313011167018862224e+00 1.390280240260013329e+02
1.065139750152695655e+02 7.554689416615901543e+00 1.402792815897871037e+02
1.058993800119935571e+02 6.792298240020905098e+00 1.414975466462719851e+02
1.053235099427775623e+02 6.025981382237117323e+00 1.426835336565849843e+02
1.047853598429827713e+02 5.255879511959324013e+00 1.438379404142096689e+02
1.042839486839451695e+02 4.482130221573861206e+00 1.449614480449841665e+02
1.038182716712148448e+02 3.704830461960440413e+00 1.460548154442869020e+02
1.033858832699072678e+02 2.922871664770042788e+00 1.471217472431397937e+02
1.029850501739701087e+02 2.135615315758075283e+00 1.481646585955089108e+02
1.026150255052088056e+02 1.343175072131326697e+00 1.491840462122490294e+02
1.022751060478108087e+02 5.456852045626991998e-01 1.501803398940895136e+02
1.019646044215797218e+02 -2.567227160364141669e-01 1.511539595630582085e+02
1.016828472605811839e+02 -1.063919509905346672e+00 1.521053164082654519e+02
1.014291746823465843e+02 -1.875778298485042850e+00 1.530348132198141116e+02
1.012029402878731617e+02 -2.692174504418060277e+00 1.539428443887995854e+02
1.010035111616239050e+02 -3.512985851548569460e+00 1.548297959073097161e+02
1.008302675242540403e+02 -4.338092306234162088e+00 1.556960455869698876e+02
1.006826032607886816e+02 -5.167376166870741194e+00 1.565419627266889790e+02
1.005599249742483039e+02 -6.000721903483558606e+00 1.573679087079783017e+02
1.004616510073879425e+02 -6.838015992130504372e+00 1.581742376104424750e+02
1.003872114421396020e+02 -7.679146914807806645e+00 1.589612962121300654e+02
1.003360480996121993e+02 -8.524005159450037894e+00 1.597294239895340979e+02
1.003077642040527451e+02 -9.372468790848248688e+00 1.604789326125927005e+02
1.003023240681817327e+02 -1.022438342182761239e+01 1.612100823844050126e+02
1.003181531612764701e+02 -1.107974567420780332e+01 1.619233404161955434e+02
1.003536990339469668e+02 -1.193855460564593862e+01 1.626191567472807549e+02
1.004076989707519090e+02 -1.280078604396405240e+01 1.632979269638319977e+02
1.004791799901986451e+02 -1.366639258714909566e+01 1.639599921988755966e+02
1.005674588447431574e+02 -1.453530360335293459e+01 1.646056391322929358e+02
1.006721420207901048e+02 -1.540742523089234339e+01 1.652350999908202596e+02
1.007930666046037658e+02 -1.628264498613380695e+01 1.658485654176846538e+02
1.009299402779458177e+02 -1.716086105270707662e+01 1.664462576886679983e+02
1.010825033855283124e+02 -1.804197123930125457e+01 1.670283883939101202e+02
1.012505126610996484e+02 -1.892587370095973043e+01 1.675951639075954347e+02
1.014337274645807838e+02 -1.981246796679089073e+01 1.681467885585039710e+02
1.016319097820653496e+02 -2.070165493996813666e+01 1.686834646300117981e+02
1.018448242258195364e+02 -2.159333689772985565e+01 1.692053923600906842e+02
1.020722380342822078e+02 -2.248741749137945334e+01 1.697127699413081530e+02
1.023139210741745728e+02 -2.338380174813916312e+01 1.702057935196771439e+02
1.025696457897109610e+02 -2.428239604138353513e+01 1.706846572321177860e+02
1.028379277263092888e+02 -2.518363330150929613e+01 1.711521332597169192e+02
1.031158329167373893e+02 -2.608891902314523392e+01 1.716134269617446648e+02
1.034021397578602262e+02 -2.699913631018479876e+01 1.720700292976690946e+02
1.036961714916679682e+02 -2.791486058452476726e+01 1.725225406357037627e+02
1.039977738592066459e+02 -2.883636493122162037e+01 1.729707226316935476e+02
1.043069713240358425e+02 -2.976366448079698301e+01 1.734143394045665332e+02
