2.540000000000000000e+02 7.000000000000000000e+00 0.000000000000000000e+00
2.527412647904317851e+02 7.499519640406695054e+00 6.512997795070233353e-01
2.514514494445582500e+02 8.000655707535992534e+00 1.337396039307774398e+00
2.501294742823311594e+02 8.503488053575994243e+00 2.059436313587137857e+00
2.487742232315083584e+02 9.008099160974019526e+00 2.818606962780076497e+00
2.473845431475541545e+02 9.514574191672776848e+00 3.616133898960971926e+00
2.459592421634197876e+02 1.002300110658062060e+01 4.453284345951316503e+00
2.444970881452117339e+02 1.053347077737596571e+01 5.331368486487854774e+00
2.429968079724977486e+02 1.104607703860896173e+01 6.251740229847338348e+00
2.414570863128161875e+02 1.156091677642117510e+01 7.215798518944005480e+00
2.398765629321022743e+02 1.207809012325988895e+01 8.224990199007955027e+00
2.382538320509044638e+02 1.259770050448473455e+01 9.280810704240622044e+00
2.365874414194955477e+02 1.311985470532250453e+01 1.038480504430189377e+01
2.348758903010116512e+02 1.364466301687826011e+01 1.153856995548068731e+01
2.331176265931085823e+02 1.417223944451277795e+01 1.274375697071928926e+01
2.313110463433698669e+02 1.470270174292397414e+01 1.400207293647900819e+01
2.294544924439150577e+02 1.523617151064656561e+01 1.531528140506950564e+01
2.275462529432124086e+02 1.577277431226744753e+01 1.668520443526582397e+01
2.255845569472453462e+02 1.631263997515697994e+01 1.811372696410611383e+01
2.235675742587971513e+02 1.685590261558242631e+01 1.960279719162970835e+01
2.214934134959760286e+02 1.740270077491178569e+01 2.115442858766191847e+01
2.193601217599043025e+02 1.795317744366950308e+01 2.277070024625747990e+01
2.171656790460615980e+02 1.850748046611866471e+01 2.445376284654976828e+01
2.149079966721450319e+02 1.906576265407309023e+01 2.620584032959313703e+01
2.125849164867529737e+02 1.962818184418213008e+01 2.802923074238140089e+01
2.101942088394009431e+02 2.019490104488220794e+01 2.992630840303909068e+01
2.077335705429216830e+02 2.076608858390584089e+01 3.189952607412087815e+01
2.052006186324513806e+02 2.134191856008401444e+01 3.395142161927687852e+01
2.025928900074948444e+02 2.192257086925793885e+01 3.608461838502618946e+01
1.999085776663523291e+02 2.250809133808815687e+01 3.830088837812543545e+01
1.971735035757455421e+02 2.309331880184003793e+01 4.056693190125096038e+01
1.944022360718231255e+02 2.367535839880063975e+01 4.286402686340718304e+01
1.915942215733163607e+02 2.424993437006390451e+01 4.519623029787177870e+01
1.887473216882226552e+02 2.478055451634431705e+01 4.759615006778374635e+01
1.858621432815611172e+02 2.525995679445493991e+01 5.006878126227934445e+01
1.829526118004509669e+02 2.571133152722768500e+01 5.257714861791652083e+01
1.800237364607472159e+02 2.613934459944916000e+01 5.511188768094157808e+01
1.771109244953903215e+02 2.652181297341604349e+01 5.766701415105923445e+01
1.742288609711207812e+02 2.684964506907845561e+01 6.024006143251751411e+01
1.713773899274953294e+02 2.712301212468784328e+01 6.283111886577275129e+01
1.685563364755777798e+02 2.734209454705021969e+01 6.544028069652517843e+01
1.657655067979384853e+02 2.750708191152614290e+01 6.806764607571886927e+01
1.630046881486549921e+02 2.761817296203071948e+01 7.071331905954174601e+01
1.602736488533114709e+02 2.767557561103362929e+01 7.337740860942568588e+01
1.575721383089991150e+02 2.767950693955908292e+01 7.606002859204632216e+01
1.548998869843158559e+02 2.763019319718587141e+01 7.876129777932325737e+01
1.522566130536622495e+02 2.752786556561060038e+01 8.148133872826736024e+01
1.496420881688427471e+02 2.737271826794934526e+01 8.422026665943936052e+01
1.470560800251089972e+02 2.716494540567668992e+01 8.697819913627455435e+01
1.444983505310211171e+02 2.690474202798100123e+01 8.975525639559178614e+01
1.419686637258049871e+02 2.659229906589736814e+01 9.255156001534800225e+01
1.394667857593109659e+02 2.622780335223698955e+01 9.536723292221742554e+01
1.370096065326388270e+02 2.581772749180320758e+01 9.818034037662239655e+01
1.346625968647420564e+02 2.538741269774970988e+01 1.009054406061213456e+02
1.324289287317369030e+02 2.494054774307949174e+01 1.035362473794601925e+02
1.303041518576604858e+02 2.447798879617028689e+01 1.060763210344425573e+02
1.282839832758978389e+02 2.400055831238672965e+01 1.085290891430290401e+02
1.263642983510636384e+02 2.350904686059071835e+01 1.108978536234196355e+02
1.245411300790336497e+02 2.300421326531326827e+01 1.131857912947037903e+02
1.228106686111219972e+02 2.248678470213779690e+01 1.153959542547906949e+02
1.211692544138644507e+02 2.195745808940341348e+01 1.175312752988511846e+02
1.196133617584802948e+02 2.141690344586400840e+01 1.195945809991465865e+02
1.181395975643764586e+02 2.086576412580114948e+01 1.215885926212734489e+02
1.167446996843392100e+02 2.030465716693726819e+01 1.235159274832352025e+02
1.154255382967394468e+02 1.973417300658138629e+01 1.253790978530385871e+02
1.141791018555616688e+02 1.915487833864406753e+01 1.271805220794173579e+02
1.130024895345179061e+02 1.856731764944197494e+01 1.289225305782531450e+02
1.118929110174260870e+02 1.797201326024727663e+01 1.306073659986970199e+02
1.108476852215353290e+02 1.736946558546446440e+01 1.322371842355994715e+02
1.098642401402867961e+02 1.676015316468186711e+01 1.338140545540224480e+02
1.089400983827507190e+02 1.614453560146714750e+01 1.353399710464596239e+02
1.080728745444295242e+02 1.552305409746958631e+01 1.368168547161295123e+02
1.072602747607502778e+02 1.489613154294889696e+01 1.382465538308987334e+02
1.065000963955845776e+02 1.426417257856779486e+01 1.396308441711441333e+02
1.057902255321810117e+02 1.362756410564380438e+01 1.409714310174645675e+02
1.051286254037856480e+02 1.298667763594934144e+01 1.422699583182061644e+02
1.045133353562063832e+02 1.234186950231289437e+01 1.435280095115979861e+02
1.039424703355452380e+02 1.169348096234743473e+01 1.447471079318946181e+02
1.034142210602647936e+02 1.104183816200465529e+01 1.459287166740967621e+02
1.029268506665454197e+02 1.038725281741333184e+01 1.470742412518037554e+02
1.024786855977249900e+02 9.730024064024563657e+00 1.481850368172739820e+02
1.020681150675432463e+02 9.070438565485975602e+00 1.492624085868489487e+02
1.016935906156520986e+02 8.408770603516698472e+00 1.503076121934512912e+02
1.013536263671852282e+02 7.745282023726669074e+00 1.513218534819426679e+02
1.010467959261268476e+02 7.080222866756824551e+00 1.523062909706830510e+02
1.007717249572721840e+02 6.413832872752483816e+00 1.532620417310941150e+02
1.005270907967190936e+02 5.746341560297249629e+00 1.541901816964294767e+02
1.003116224686254583e+02 5.077968042705313323e+00 1.550917460625924491e+02
1.001214604365346617e+02 4.407095359086027564e+00 1.559752788204241654e+02
9.995133555776398282e+01 3.730800320327332997e+00 1.568541487663863450e+02
9.980074154168731582e+01 3.049217905007709284e+00 1.577286694409079644e+02
9.966926583430107200e+01 2.362535905189524499e+00 1.585989134833321259e+02
9.955650351048096525e+01 1.670938088626655826e+00 1.594649524987175937e+02
9.946205727398189822e+01 9.746041987644916693e-01 1.603268570578383390e+02
9.938553745743799084e+01 2.737099547399293176e-01 1.611846966971838810e+02
9.932656195207961503e+01 -4.315729095644369462e-01 1.620385399275146767e+02
9.928475615904130791e+01 -1.141076619857473329e+00 1.628884542405027105e+02
9.925975305576194785e+01 -1.854637397143738653e+00 1.637345061000355884e+02
9.925119245525674216e+01 -2.572095043119338786e+00 1.645767610308820963e+02
9.925872095107251880e+01 -3.293292909448092054e+00 1.654152836253230987e+02
9.928199191728769790e+01 -4.018077897761532569e+00 1.662501375431517658e+02
9.932066550252876880e+01 -4.746300456337960938e+00 1.670813855124044665e+02
9.937440845149281188e+01 -5.477814481771438260e+00 1.679090893515178209e+02
9.944289439088996119e+01 -6.212477478373809703e+00 1.687333099347757752e+02
9.952580321682130204e+01 -6.950150215489633077e+00 1.695541072657456709e+02
9.962282084777359614e+01 -7.690696589936598215e+00 1.703715405071968121e+02
9.973363922461898312e+01 -8.433983626005526091e+00 1.711856679811003801e+02
9.985795631061519373e+01 -9.179881475460362594e+00 1.719965471686295473e+02
9.999547593766978082e+01 -9.928263332351521697e+00 1.728042347289992051e+02
1.001459078965232550e+02 -1.067900548450789522e+01 1.736087864891849790e+02
1.003089681414075756e+02 -1.143198742637107657e+01 1.744102574185565118e+02
1.004843779309965299e+02 -1.218709138113237955e+01 1.752087017332069649e+02
1.006718637936036487e+02 -1.294420228140062257e+01 1.760041729001939359e+02
1.008711575271822056e+02 -1.370320776920212502e+01 1.767967236375392872e+02
1.010819961993252178e+02 -1.446399819598071090e+01 1.775864059142290898e+02
1.013041221401537655e+02 -1.522646661867469042e+01 1.783732709510939571e+02
1.015372825782689432e+02 -1.599050859987828410e+01 1.791573692663790496e+02
1.017812304179148697e+02 -1.675602263835189021e+01 1.799387505804424450e+02
1.020357235602123609e+02 -1.752290979160939699e+01 1.807174638982749002e+02
1.023005244303567451e+02 -1.829107341444862911e+01 1.814935575677009467e+02
1.025753999776179768e+02 -1.906041915895133343e+01 1.822670792793788337e+02
1.028601216753405510e+02 -1.983085497448318790e+01 1.830380760668007554e+02
1.031544655209435177e+02 -2.060229110769380512e+01 1.838065943062926522e+02
1.034582120359204680e+02 -2.137464010251672164e+01 1.845726797170142390e+02
