2.540000000000000000e+02 7.000000000000000000e+00 0.000000000000000000e+00
2.527478492263604153e+02 7.514755038511778729e+00 7.848162037779723432e-01
2.514670251650079251e+02 8.033928756456289122e+00 1.585535250109869843e+00
2.501571132642096984e+02 8.557575064143039256e+00 2.402380984468136749e+00
2.488176933358616623e+02 9.085748576208233729e+00 3.235580280993700875e+00
2.474483394734755848e+02 9.618504621776152064e+00 4.085363086518257525e+00
2.460486200520465445e+02 1.015589924447551518e+01 4.951962420635412698e+00
2.446167805054273003e+02 1.069737970176571373e+01 5.838152091991056558e+00
2.431422826928443897e+02 1.123843350335020652e+01 6.763404269743031882e+00
2.416216615881382381e+02 1.177800632636496303e+01 7.733167693911211948e+00
2.400533634782147487e+02 1.231596331759347862e+01 8.749132247182826561e+00
2.384358435865583772e+02 1.285219470627105842e+01 9.812924122506133884e+00
2.367675660732321603e+02 1.338661580408481555e+01 1.092610582309040979e+01
2.350470040348776308e+02 1.391916700517367467e+01 1.209017616240597093e+01
2.332726261053087455e+02 1.444980706167160278e+01 1.330659717602045511e+01
2.314427924181748040e+02 1.497846116154673268e+01 1.457700250109461848e+01
2.295558162336635064e+02 1.550505417681472231e+01 1.590306854535757530e+01
2.276099638942013712e+02 1.602951209339794048e+01 1.728651130958990478e+01
2.256034480055811571e+02 1.655175863894776356e+01 1.872909996767636898e+01
2.235344269702542022e+02 1.707171526324755817e+01 2.023265732839578135e+01
2.214010030233184807e+02 1.758930105574386360e+01 2.179906177874089934e+01
2.192012217729171084e+02 1.810443272624797117e+01 2.343024773867558963e+01
2.169330668592733673e+02 1.861702438067030485e+01 2.512821094582739434e+01
2.145944594146648114e+02 1.912698749834485312e+01 2.689500898982311838e+01
2.121823722395422465e+02 1.963431468207599195e+01 2.873292012819322494e+01
2.097028143914774034e+02 2.013813232758834459e+01 3.064266383308371289e+01
2.071726905071593592e+02 2.063655805544819444e+01 3.262298456494950472e+01
2.045934073828390467e+02 2.112920770713525442e+01 3.467535140669593829e+01
2.019637072734393257e+02 2.161594419692103131e+01 3.680175400676776576e+01
1.992822081025262264e+02 2.209663558670344941e+01 3.900425292931738142e+01
1.965474884134319495e+02 2.257114635185477880e+01 4.128496691283447717e+01
1.937580860746320752e+02 2.303933726266408044e+01 4.364607478316008127e+01
1.909136851352064639e+02 2.350075870265665756e+01 4.608754720187531717e+01
1.880313176648386104e+02 2.395058800048091285e+01 4.857640782736567076e+01
1.851178392638996115e+02 2.438685983758365339e+01 5.109955632796511793e+01
1.821732004613331526e+02 2.480942352788844829e+01 5.365714839186484397e+01
1.791973461219224077e+02 2.521812983462077540e+01 5.624935234598417111e+01
1.761902219278461246e+02 2.561282913075365997e+01 5.887633645436599750e+01
1.731561976526921285e+02 2.599031961689523840e+01 6.153870793294294117e+01
1.701473618110096027e+02 2.631464265136128589e+01 6.424169401495535681e+01
1.671784260508457294e+02 2.657594739619325708e+01 6.698658904973406436e+01
1.642494160912406471e+02 2.677454725183453021e+01 6.977320868025529421e+01
1.613603374038762013e+02 2.691076703827911842e+01 7.260136953205484645e+01
1.585111922236409896e+02 2.698493117175395639e+01 7.547089096593064994e+01
1.557019796209594631e+02 2.699736358040341599e+01 7.838159511714556515e+01
1.529374494011214836e+02 2.694681293448450887e+01 8.132773175299591628e+01
1.502691953435007122e+02 2.681711759914400162e+01 8.424765518205791182e+01
1.477133304371200211e+02 2.660483448427181941e+01 8.711980286919566652e+01
1.452678766395302716e+02 2.631261080683359665e+01 8.994366007502817695e+01
1.429307628937013988e+02 2.594309281487481300e+01 9.271885553680763792e+01
1.406980176113626442e+02 2.550267085149286928e+01 9.544292921471549107e+01
1.385493236280007068e+02 2.502974650329271356e+01 9.809570205709133006e+01
1.364771035087368887e+02 2.453647577679780767e+01 1.006723536378378583e+02
1.344796177924117728e+02 2.402333619336571502e+01 1.031746811739659933e+02
1.325550503845910839e+02 2.349102440266150893e+01 1.056043120148401897e+02
1.307016402975873177e+02 2.294018842041098338e+01 1.079628580549410231e+02
1.289176662600713144e+02 2.237146033504596332e+01 1.102518959005774519e+02
1.272014421280694734e+02 2.178545820032321956e+01 1.124729709045403041e+02
1.255513167397403436e+02 2.118278609522658940e+01 1.146275972937755512e+02
1.239656739153748219e+02 2.056403412396695884e+01 1.167172581693842801e+02
1.224429324845797709e+02 1.992977840465963268e+01 1.187434054828136709e+02
1.209815384765237667e+02 1.928049249565465928e+01 1.207073544852159017e+02
1.195802356384786549e+02 1.861961827488492816e+01 1.226139478894655213e+02
1.182380008032072283e+02 1.795320698579254426e+01 1.244712599261277006e+02
1.169533226298348154e+02 1.728168389674828376e+01 1.262807336793134425e+02
1.157247037721081711e+02 1.660521530878759933e+01 1.280434826069275687e+02
1.145506881784657907e+02 1.592396253734918155e+01 1.297605885320683683e+02
1.134298537488632377e+02 1.523808336993348611e+01 1.314331079918337934e+02
1.123608116901843061e+02 1.454773213243866614e+01 1.330620727189746049e+02
1.113422065162409069e+02 1.385305968916060060e+01 1.346484896418943151e+02
1.103727160477732951e+02 1.315421344279287119e+01 1.361933408846490181e+02
1.094510509264420790e+02 1.245133738439700544e+01 1.376975841300758816e+02
1.085759547906387326e+02 1.174457207516280022e+01 1.391621524883252619e+02
1.077462047881562768e+02 1.103405459382295639e+01 1.405879541138917830e+02
1.069606063741408519e+02 1.031991907183955526e+01 1.419758760926047501e+02
1.062179929652045871e+02 9.602296728981139395e+00 1.433267847000716984e+02
1.055172259394256855e+02 8.881315873322702004e+00 1.446415254016783933e+02
1.048571946363483249e+02 8.157101901245695785e+00 1.459209228525889728e+02
1.042368165566733182e+02 7.429777276856284196e+00 1.471657807485074443e+02
1.036550371499369305e+02 6.699461553680366777e+00 1.483768819842115931e+02
1.031108268569355886e+02 5.966271679088209545e+00 1.495549908635715894e+02
1.026031811754500325e+02 5.230321987473401713e+00 1.507008530503971997e+02
1.021311483309938524e+02 4.491750406110212701e+00 1.518151334756739743e+02
1.016926641033240344e+02 3.749621158055257197e+00 1.529010216660673791e+02
1.012856345759088867e+02 3.002847077237195350e+00 1.539619411361989023e+02
1.009093208889785132e+02 2.251548900932804909e+00 1.549983786301373243e+02
1.005630026513874071e+02 1.495846109122429546e+00 1.560108064218346158e+02
1.002459754594417802e+02 7.358558029555528623e-01 1.569996861178435665e+02
9.995754943384586966e+01 -2.830707859870616738e-02 1.579654696398340832e+02
9.969704921970213718e+01 -7.965297587515937083e-01 1.589085992245928480e+02
9.946381398651105599e+01 -1.568701622894716374e+00 1.598295074240236602e+02
9.925713752341488316e+01 -2.344720307458184383e+00 1.607286262154826488e+02
9.907647264901218875e+01 -3.124471236245150774e+00 1.616063544322914538e+02
9.892175527897788356e+01 -3.907793547135844481e+00 1.624630134345107990e+02
9.879027920043068889e+01 -4.694795679193664029e+00 1.632993317359993739e+02
9.867848414618602249e+01 -5.485680855265923306e+00 1.641161366501474390e+02
9.858571983052932808e+01 -6.280370775805874217e+00 1.649137499361963819e+02
9.851169377481360812e+01 -7.078753361720498738e+00 1.656924334857285999e+02
9.845611680206621941e+01 -7.880718045765424229e+00 1.664524463984809586e+02
9.841870323669468235e+01 -8.686155874321869419e+00 1.671940448202969378e+02
9.839917107921523609e+01 -9.494959596804770641e+00 1.679174818015836763e+02
9.839724153736430878e+01 -1.030702342684735129e+01 1.686230076778809917e+02
9.841263901839684536e+01 -1.112224303837669304e+01 1.693108700761115415e+02
9.844509112908657755e+01 -1.194051556561372429e+01 1.699813139145805394e+02
9.849432867572575390e+01 -1.276173960307324329e+01 1.706345814029756980e+02
9.856008566412529603e+01 -1.358581520556388611e+01 1.712709120423675131e+02
9.864209929961482715e+01 -1.441264388818815512e+01 1.718905426252088660e+02
9.874010999293967927e+01 -1.524212862960216519e+01 1.724937072307186270e+02
9.885386134493762711e+01 -1.607417386637189338e+01 1.730806372387455099e+02
9.898309995673162121e+01 -1.690868539427679806e+01 1.736515614824878639e+02
9.912782925779545451e+01 -1.774544957483037777e+01 1.742062122127032069e+02
9.928707295831470958e+01 -1.858471250745743575e+01 1.747462199038250219e+02
9.945750414474143497e+01 -1.942787183074178969e+01 1.752778320992314605e+02
9.963733110578725416e+01 -2.027567127055456098e+01 1.758044065173162380e+02
9.982621214001697751e+01 -2.112821425591042512e+01 1.763265423680740867e+02
1.000240953980534613e+02 -2.198546262705961496e+01 1.768442699578647250e+02
1.002309411875347109e+02 -2.284737496164468595e+01 1.773575990724878864e+02
1.004467097548881469e+02 -2.371390991166251183e+01 1.778665395858749889e+02
1.006713612865122656e+02 -2.458502620414130746e+01 1.783711014595115785e+02
1.009048559076451141e+02 -2.546068264045657870e+01 1.788712947429714859e+02
1.011471536878841704e+02 -2.634083809957540723e+01 1.793671295712604774e+02
1.013982146424369546e+02 -2.722545153879076096e+01 1.798586161642140269e+02
1.016579936719398916e+02 -2.811450368968036528e+01 1.803457611931585234e+02
1.019261291373558862e+02 -2.900867467474636996e+01 1.808284350908451756e+02
