2.540000000000000000e+02 7.000000000000000000e+00 0.000000000000000000e+00
2.527556865167858859e+02 7.492768635085439222e+00 6.650038541295308914e-01
2.514781611955566802e+02 7.986298186198568239e+00 1.366909244114055344e+00
2.501662500120418429e+02 8.480641749583350375e+00 2.106965251310359388e+00
2.488187383180846552e+02 8.975854197042814064e+00 2.886464303398142750e+00
2.474343700498241958e+02 9.471992210626559938e+00 3.706743019104209225e+00
2.460118457404595063e+02 9.969114369686739252e+00 4.569184328204102030e+00
2.445498209154190192e+02 1.046728122118229187e+01 5.475219183574584925e+00
2.430469053082151731e+02 1.096655531402872086e+01 6.426327397730131175e+00
2.415016610014950231e+02 1.146700128053336165e+01 7.424039625974686807e+00
2.399125998222616829e+02 1.196868595050342066e+01 8.469940145209031712e+00
2.382781825045822188e+02 1.247167838792434402e+01 9.565667747166088475e+00
2.365968177904926222e+02 1.297604993034425114e+01 1.071291669758271325e+01
2.348668591306949907e+02 1.348187433340543073e+01 1.191344025593664036e+01
2.330866025675408082e+02 1.398922786358335379e+01 1.316905293390928477e+01
2.312542857361090114e+02 1.449818934194437503e+01 1.448163156105022864e+01
2.293680868900693781e+02 1.500884018681668941e+01 1.585311632401082527e+01
2.274261209827243704e+02 1.552126458546436361e+01 1.728551494733623528e+01
2.254264369352600283e+02 1.603554961375378696e+01 1.878090560774055362e+01
2.233670169026304109e+02 1.655178526831132046e+01 2.034143771727323724e+01
2.212457745841888368e+02 1.707006454052354272e+01 2.196933372556953401e+01
2.190605524547939069e+02 1.759048353783046537e+01 2.366689207374935222e+01
2.168091166485522763e+02 1.811314170784413591e+01 2.543649265252203406e+01
2.144891566293743210e+02 1.863814185277993829e+01 2.728059715364182125e+01
2.120982825444850164e+02 1.916559024538267764e+01 2.920175189323560971e+01
2.096340248396539323e+02 1.969559664578065394e+01 3.120258822228039719e+01
2.070938267111056348e+02 2.022827463212804489e+01 3.328583057903367859e+01
2.044750420404929230e+02 2.076374169106252765e+01 3.545429869203994144e+01
2.017749350723072439e+02 2.130211923183528810e+01 3.771090792427508376e+01
1.990009192441388564e+02 2.184210340988170174e+01 4.004588775666377387e+01
1.961868505605835935e+02 2.237877742557814997e+01 4.241662994447942481e+01
1.933354110261527694e+02 2.291166881430282132e+01 4.481964537327780107e+01
1.904462525767833085e+02 2.343937619501248903e+01 4.725640837692466079e+01
1.875277596017691906e+02 2.393916957169142989e+01 4.973702573958030371e+01
1.845919132574555306e+02 2.441268377185336291e+01 5.224653459453483606e+01
1.816387934253623087e+02 2.485987743190066368e+01 5.478485500083671411e+01
1.786748040856888053e+02 2.527659277444642782e+01 5.735112175175692784e+01
1.757427379179154627e+02 2.563630745195132832e+01 5.993863996524667215e+01
1.728498817965295302e+02 2.593461342279731241e+01 6.254631556056945385e+01
1.699957915858696538e+02 2.617188810460451620e+01 6.517428392859126518e+01
1.671800285800933636e+02 2.634850129295610799e+01 6.782268206211102779e+01
1.644021592391834190e+02 2.646481544132085872e+01 7.049164858076169082e+01
1.616617551889476090e+02 2.652118566105315267e+01 7.318132373101038013e+01
1.589583932210191506e+02 2.651795972139295898e+01 7.589184938615835563e+01
1.562916552928561487e+02 2.645547804946585302e+01 7.862336904634096868e+01
1.536611285280799279e+02 2.633407372985213257e+01 8.137602783857902011e+01
1.510664052379506472e+02 2.615407246661481722e+01 8.414997253166286839e+01
1.485070826960573811e+02 2.591579281927015188e+01 8.694535155798446624e+01
1.459827630442992756e+02 2.561954630979525760e+01 8.976231501328979334e+01
1.434930533051906707e+02 2.526563740192743879e+01 9.260101466404867665e+01
1.410375653183464237e+02 2.485436356458299301e+01 9.546160395700790957e+01
1.386156912916636941e+02 2.438590880138194095e+01 9.834456235041884042e+01
1.362613815545456362e+02 2.387706997500600181e+01 1.012002180693672386e+02
1.340254323605888942e+02 2.335442148766457038e+01 1.039528074777112749e+02
1.319039945046514219e+02 2.281932913575355926e+01 1.066048276350780668e+02
1.298922753611824419e+02 2.227258031249374071e+01 1.091602641035534305e+02
1.279856684868003072e+02 2.171492960256297167e+01 1.116229494863531642e+02
1.261797514879875877e+02 2.114709916409096024e+01 1.139965651743652302e+02
1.244702840306660647e+02 2.056977908309980663e+01 1.162846429782863709e+02
1.228532069997579868e+02 1.998362752333691361e+01 1.184905658176224961e+02
1.213246206316058817e+02 1.938927464228912001e+01 1.206175856333949667e+02
1.198807789228684015e+02 1.878732359181871914e+01 1.226688279685748739e+02
1.185180883611899816e+02 1.817835074454413657e+01 1.246472930086305979e+02
1.172331084980017977e+02 1.756290558906109212e+01 1.265558551141775894e+02
1.160225396729590557e+02 1.694151292768475869e+01 1.283972728768953004e+02
1.148832103703676069e+02 1.631467513821577953e+01 1.301741994784829615e+02
1.138120767899682022e+02 1.568287225059875567e+01 1.318891830424215641e+02
1.128062214556482985e+02 1.504656219340862222e+01 1.335446677758832550e+02
1.118628525542178238e+02 1.440618091202035522e+01 1.351429945115735052e+02
1.109792873143097154e+02 1.376214534068237683e+01 1.366864143265232485e+02
1.101529488671394574e+02 1.311485396342430398e+01 1.381770911146436447e+02
1.093813655081251994e+02 1.246468694538719291e+01 1.396171021923227045e+02
1.086621710618415335e+02 1.181200606497331584e+01 1.410084380015763372e+02
1.079930983373706823e+02 1.115715588434304806e+01 1.423530074723327346e+02
1.073719679398639073e+02 1.050046574744866490e+01 1.436526471920742551e+02
1.067966878075256147e+02 9.842249862637999058e+00 1.449091217853778630e+02
1.062652521531262977e+02 9.182807490119746063e+00 1.461241247827269376e+02
1.057757425976315204e+02 8.522422737947829674e+00 1.472992776927543730e+02
1.053263183334442346e+02 7.861366318695716338e+00 1.484361380640754930e+02
1.049152103696094400e+02 7.199896575567726664e+00 1.495362042030445195e+02
1.045407214677355228e+02 6.538259493778199705e+00 1.506009152263258102e+02
1.042012252917704416e+02 5.876688849824357241e+00 1.516316517598608868e+02
1.038951667577755842e+02 5.215406148918645179e+00 1.526297356522985069e+02
1.036210522015830264e+02 4.554622377804816047e+00 1.535964380357943639e+02
1.033774469526261299e+02 3.894538436601810982e+00 1.545329813156105274e+02
1.031629754664189278e+02 3.235345114997616456e+00 1.554405390616664988e+02
1.029741273007339970e+02 2.575653775649664912e+00 1.563265796967852452e+02
1.028048708606415858e+02 1.911951493389946632e+00 1.572066368629520241e+02
1.026545013751864843e+02 1.244250683553649317e+00 1.580815317494626697e+02
1.025225810177554422e+02 5.727367531560277891e-01 1.589513549543330271e+02
1.024086822488056328e+02 -1.024088158017568279e-01 1.598161925438314483e+02
1.023123862505985926e+02 -7.810089844280245774e-01 1.606761292545954802e+02
1.022332829272001931e+02 -1.462891156940578030e+00 1.615312484936324893e+02
1.021709708488634760e+02 -2.147887150471962769e+00 1.623816323458111128e+02
1.021250572069395446e+02 -2.835833171842929712e+00 1.632273615806097098e+02
1.020951576765952353e+02 -3.526569741209068187e+00 1.640685156696264642e+02
1.020808957956357119e+02 -4.219941351766643756e+00 1.649051728686051206e+02
1.020819029278354009e+02 -4.915796449726684614e+00 1.657374102223109844e+02
1.020978182485423389e+02 -5.613987426473477704e+00 1.665653035664564072e+02
1.021282885032250789e+02 -6.314370487751324035e+00 1.673889275603689839e+02
1.021729684731131726e+02 -7.016805908293287430e+00 1.682083556252603955e+02
1.022315201514197440e+02 -7.721157581333779163e+00 1.690236600534321951e+02
1.023036124559465918e+02 -8.427292861753423736e+00 1.698349120465428825e+02
1.023889212290842181e+02 -9.135082566079049116e+00 1.706421817156074496e+02
1.024871292378117715e+02 -9.844400972483706269e+00 1.714455380809977498e+02
1.025979259602059130e+02 -1.055512570551068130e+01 1.722450491015390810e+02
1.027210078337474641e+02 -1.126713787299711100e+01 1.730407816422046210e+02
1.028560782042001875e+02 -1.198032203638576298e+01 1.738328014799586470e+02
1.030028464368955241e+02 -1.269456572781818160e+01 1.746211734232410606e+02
1.031610279012794820e+02 -1.340975944175563761e+01 1.754059613140543092e+02
1.033303439709125513e+02 -1.412579663497912641e+01 1.761872280279637266e+02
1.035105220234698180e+02 -1.484257372658938579e+01 1.769650354740974763e+02
1.037012953487693778e+02 -1.555999004866427526e+01 1.777394446078515102e+02
1.039024029538807241e+02 -1.627794774443646020e+01 1.785105154592954193e+02
1.041135903151321997e+02 -1.699635217231401185e+01 1.792783070295800485e+02
1.043346081922176154e+02 -1.771511126437057726e+01 1.800428774519312469e+02
1.045652124566585712e+02 -1.843413543390138187e+01 1.808042840151249777e+02
1.048051640918045706e+02 -1.915333757542322957e+01 1.815625831634869201e+02
1.050542291928330627e+02 -1.987263306467452040e+01 1.823178304968926966e+02
1.053121789667493573e+02 -2.059193975861522929e+01 1.830700807707677882e+02
1.055787896874571885e+02 -2.131117797152286641e+01 1.838193879024034914e+02
1.058538423346295048e+02 -2.203027028571478496e+01 1.845658050232578091e+02
1.061371236105096472e+02 -2.274914209486954775e+01 1.853093843372978995e+02
1.064284248292490815e+02 -2.346772100617066314e+01 1.860501772733721566e+02
