2.540000000000000000e+02 7.000000000000000000e+00 0.000000000000000000e+00
2.527160411165674816e+02 7.542177497918221007e+00 8.263676728578788211e-01
2.514000799448486134e+02 8.089443699281169131e+00 1.669772076861043564e+00
2.500516423515741167e+02 8.641860756082252237e+00 2.530455907035486618e+00
2.486702477998435086e+02 9.199491615284454582e+00 3.408665107397479410e+00
2.472554092606572738e+02 9.762400029641367993e+00 4.304648915731188907e+00
2.458031118968420969e+02 1.032899778163214144e+01 5.225364464081230231e+00
2.443025523187287433e+02 1.089467054532552304e+01 6.190356330217874792e+00
2.427515433481234197e+02 1.145902229481758816e+01 7.202395666605097446e+00
2.411484635976292736e+02 1.202194921822261087e+01 8.263118214222574309e+00
2.394917054098097253e+02 1.258337634827256402e+01 9.374084369980261400e+00
2.377796714104193541e+02 1.314325584285353976e+01 1.053678595680986341e+01
2.360106968094665376e+02 1.370152798294754426e+01 1.175279940848648685e+01
2.341830499642476866e+02 1.425812269434931956e+01 1.302378203241410759e+01
2.322949517611383783e+02 1.481297139692489573e+01 1.435142912799382309e+01
2.303445680339747241e+02 1.536600341243286749e+01 1.573748845449249067e+01
2.283300090794359392e+02 1.591714594607518407e+01 1.718376069281670837e+01
2.262493279512468121e+02 1.646632402155804442e+01 1.869210107091067385e+01
2.241005193147835257e+02 1.701346043748689496e+01 2.026442045515926438e+01
2.218815146765239490e+02 1.755847558575256073e+01 2.190268989608320993e+01
2.195901820117624652e+02 1.810128743735845092e+01 2.360894098307592515e+01
2.172233493432571834e+02 1.864191509023825333e+01 2.538542042620860428e+01
2.147950746445970651e+02 1.917852842654125567e+01 2.723173324243938609e+01
2.123173018636389600e+02 1.970956233984775352e+01 2.914775624372014562e+01
2.097889912271166679e+02 2.023485655010462736e+01 3.113538531466947035e+01
2.072088839836671355e+02 2.075426550777639179e+01 3.319660219967961723e+01
2.045755767007954944e+02 2.126765183495194123e+01 3.533346059421739938e+01
2.018876258339343224e+02 2.177487444953963802e+01 3.754807231369027676e+01
1.991435464322412372e+02 2.227578844517992707e+01 3.984260916862761093e+01
1.963416047073716300e+02 2.277029665243823686e+01 4.221968346344167600e+01
1.934908971867251921e+02 2.325560571566978751e+01 4.466205311944678158e+01
1.906080981683542461e+02 2.372727006634548275e+01 4.713898661408992297e+01
1.876934477913236776e+02 2.418506612399993116e+01 4.965011981234604121e+01
1.847469093741156030e+02 2.462883986839013772e+01 5.219559915123267757e+01
1.817684474780933215e+02 2.505843698308749978e+01 5.477557056907517108e+01
1.787580279091631041e+02 2.547370285703760118e+01 5.739017950360102560e+01
1.757156177293518340e+02 2.587448259396306938e+01 6.003957087945032356e+01
1.726486728330083338e+02 2.625532540834511153e+01 6.272469531790412844e+01
1.696121867093152957e+02 2.657736642130104698e+01 6.545147477576591655e+01
1.666191900922729587e+02 2.683177331706673030e+01 6.822106187281352163e+01
1.636700840718540633e+02 2.701868516369259865e+01 7.103322282557512324e+01
1.607646085777817007e+02 2.713870687628798350e+01 7.388765512196120255e+01
1.579027994885331054e+02 2.719222862055737977e+01 7.678409319894115015e+01
1.550846375884990209e+02 2.717967689135517517e+01 7.972226866353086905e+01
1.523105909232985766e+02 2.710132556369875445e+01 8.270133142643705071e+01
1.496272299351822994e+02 2.694373439146538374e+01 8.566465155999748049e+01
1.470618493739572727e+02 2.670060019115597427e+01 8.857671360537464977e+01
1.446121665881762794e+02 2.637487753693834236e+01 9.143704922840271365e+01
1.422758501206676556e+02 2.596949543425159845e+01 9.424529407964617178e+01
1.400464069367756110e+02 2.549524770562612375e+01 9.699687097950965153e+01
1.379003749665253622e+02 2.499453120899822167e+01 9.967059212826083581e+01
1.358319303171746810e+02 2.447538577647152991e+01 1.022643336479815730e+02
1.338392337571729627e+02 2.393827153338823166e+01 1.047800562225758796e+02
1.319203741472459228e+02 2.338385391487628695e+01 1.072195595791783802e+02
1.300734966097522260e+02 2.281275801069157083e+01 1.095846160524743311e+02
1.282967894874881836e+02 2.222559298708808839e+01 1.118769577418891856e+02
1.265884798485022174e+02 2.162295379119507999e+01 1.140982806584004265e+02
1.249468334328078072e+02 2.100542117122367358e+01 1.162502447736927564e+02
1.233701546523835191e+02 2.037356167646684213e+01 1.183344740201579981e+02
1.218567741328122764e+02 1.972776151008115164e+01 1.203523626721812860e+02
1.204053030654397816e+02 1.907157915950926252e+01 1.223089766352916996e+02
1.190145448228067977e+02 1.841104612405237262e+01 1.242123644835487255e+02
1.176829250731119316e+02 1.774709502334667377e+01 1.260647335998959875e+02
1.164088465311941434e+02 1.707984570630024024e+01 1.278673257805928074e+02
1.151907537058917370e+02 1.640942212734164229e+01 1.296213590093731511e+02
1.140271353393158762e+02 1.573594494787205278e+01 1.313280165898448502e+02
1.129165167122537810e+02 1.505953210380088869e+01 1.329884531901376192e+02
1.118574592360124740e+02 1.438029883565091716e+01 1.346037951635389902e+02
1.108485604524185533e+02 1.369835768855825364e+01 1.361751405484943405e+02
1.098884540338184195e+02 1.301381851227235487e+01 1.377035590686070634e+02
1.089758089210457399e+02 1.232678852468712272e+01 1.391900928097588803e+02
1.081093307338396414e+02 1.163737220777007053e+01 1.406357551120732978e+02
1.072877597733070303e+02 1.094567145496245431e+01 1.420415321392027579e+02
1.065098666115188735e+02 1.025178589639346782e+01 1.434083863428969039e+02
1.057744520346494852e+02 9.555812903072322229e+00 1.447372565076680360e+02
1.050803470429765838e+02 8.857847586888254909e+00 1.460290577507912531e+02
1.044264128508813059e+02 8.157982800610524166e+00 1.472846815223043109e+02
1.038115413970826921e+02 7.456309100203782236e+00 1.485049952041053416e+02
1.032346535284111724e+02 6.752914878735676751e+00 1.496908435366516699e+02
1.026946968477323878e+02 6.047886525131694668e+00 1.508430503095981692e+02
1.021906460244897659e+02 5.341308401235588477e+00 1.519624181177946127e+02
1.017215219155525290e+02 4.633285509794986545e+00 1.530496798127528280e+02
1.012859728592776634e+02 3.923468521903269668e+00 1.541065318538890949e+02
1.008816912668743129e+02 3.210322228184776527e+00 1.551371663806455956e+02
1.005075776389493569e+02 2.493567239685293480e+00 1.561429473348655961e+02
1.001628988125192734e+02 1.773308054152837432e+00 1.571243781369092005e+02
9.984693574941370287e+01 1.049644000085726780e+00 1.580819570723694198e+02
9.955898570452950480e+01 3.226723882850773828e-01 1.590161709795524132e+02
9.929836190379069194e+01 -4.075114484849257090e-01 1.599274954768625321e+02
9.906463068199740007e+01 -1.140765808905555456e+00 1.608163769922779522e+02
9.885560690281189977e+01 -1.877305503005989529e+00 1.616833962171224073e+02
9.866680791452452581e+01 -2.617805806306130467e+00 1.625292823144040142e+02
9.849614167430476641e+01 -3.362466541470900072e+00 1.633545117226390460e+02
9.834325982895464335e+01 -4.111183431688979262e+00 1.641593608928106676e+02
9.820790436592085371e+01 -4.863838848385033664e+00 1.649440936991950650e+02
9.808981746153833114e+01 -5.620316932016377720e+00 1.657089718646783751e+02
9.798874420513675432e+01 -6.380503491263215921e+00 1.664542543789256399e+02
9.790443246180939241e+01 -7.144285910738013001e+00 1.671801976186483785e+02
9.783663270679366519e+01 -7.911553038922144232e+00 1.678870554923293241e+02
9.778509802547119989e+01 -8.682195188165911404e+00 1.685750794402222539e+02
9.774958411336776010e+01 -9.456104134688523288e+00 1.692445184343524716e+02
9.772984927615337369e+01 -1.023317311857812051e+01 1.698956189785162962e+02
9.772565442964216231e+01 -1.101329684379175511e+01 1.705286251082814033e+02
9.773676310018213087e+01 -1.179637147846734102e+01 1.711437783906759478e+02
9.776294142291465050e+01 -1.258229465678436121e+01 1.717413179275945083e+02
9.780404792090841681e+01 -1.337092225672059165e+01 1.723213077868399807e+02
9.785884675093575424e+01 -1.416263478842348356e+01 1.728859132303673789e+02
9.792252083474471647e+01 -1.495959430373044441e+01 1.734442427047497688e+02
9.799439483825186414e+01 -1.576206863766761046e+01 1.739975454304331492e+02
9.807442594687024950e+01 -1.657002499569862408e+01 1.745458586590426933e+02
9.816259097331459316e+01 -1.738342219252289667e+01 1.750891829379017111e+02
9.825886653090969958e+01 -1.820221899590490366e+01 1.756275189887293777e+02
9.836322904160023484e+01 -1.902637413522986165e+01 1.761608677043481919e+02
9.847565474001915220e+01 -1.985584630588207844e+01 1.766892301470301163e+02
9.859611967348774897e+01 -2.069059416924495665e+01 1.772126075484967203e+02
9.872459970201560964e+01 -2.153057635270101500e+01 1.777310013099188382e+02
9.886107049837913507e+01 -2.237575144970246654e+01 1.782444130018771489e+02
9.900550754990176472e+01 -2.322607802134439581e+01 1.787528443634486166e+02
9.915788616019602841e+01 -2.408151459838311581e+01 1.792562973015767795e+02
9.931818145295824252e+01 -2.494201968524128432e+01 1.797547738894863016e+02
9.948636837276941947e+01 -2.580755176077771651e+01 1.802482763663058165e+02
9.966247063282867202e+01 -2.667799077139963870e+01 1.807368239225991147e+02
9.984644861273091010e+01 -2.755331539460890511e+01 1.812204159626238038e+02
1.000379511897941285e+02 -2.843400636415333338e+01 1.816989434560261714e+02
