2.540000000000000000e+02 7.000000000000000000e+00 0.000000000000000000e+00
2.528002943168911258e+02 7.537829528276225766e+00 6.246590134870745326e-01
2.515662088532619407e+02 8.075253498168828870e+00 1.287199749610861588e+00
2.502965435593896188e+02 8.612288840669844348e+00 1.988893477041920210e+00
2.489900570952492558e+02 9.148952999763547922e+00 2.731055316529350740e+00
2.476454660151023859e+02 9.685263942644530388e+00 3.515045106762728189e+00
2.462614427458741773e+02 1.022124018505199317e+01 4.342269551073988154e+00
2.448366140148623344e+02 1.075690081097328843e+01 5.214183887004145923e+00
2.433695600686025671e+02 1.129226548243117811e+01 6.132292715775908398e+00
2.418588126239127121e+02 1.182735446515939337e+01 7.098152178014322189e+00
2.403028524646457527e+02 1.236218865871823880e+01 8.113372505688946745e+00
2.387001085048827917e+02 1.289678960823248843e+01 9.179619016884371874e+00
2.370489569542495190e+02 1.343117951484878603e+01 1.029861300212935582e+01
2.353477176312920847e+02 1.396538128193130923e+01 1.147213563912067258e+01
2.335946523518722415e+02 1.449941853525589153e+01 1.270202970404176845e+01
2.317879636404327925e+02 1.503331563915616975e+01 1.399020094003794767e+01
2.299257939682053120e+02 1.556709770606728505e+01 1.533861886614564618e+01
2.280062210739051807e+02 1.610079065515729724e+01 1.674932174612085944e+01
2.260272561484274831e+02 1.663442123507240211e+01 1.822441851606274454e+01
2.239868426603548244e+02 1.716801703865141349e+01 1.976609003157887301e+01
2.218828551401001050e+02 1.770160651815693953e+01 2.137659035887537229e+01
2.197130949777926219e+02 1.823521903792556031e+01 2.305825123687416323e+01
2.174752866169937136e+02 1.876888492205712922e+01 2.481348611900838108e+01
2.151670770835446547e+02 1.930263546031743260e+01 2.664479067352843700e+01
2.127860334586727049e+02 1.983650293979356150e+01 2.855474546675174707e+01
2.103296414666384635e+02 2.037052066258915417e+01 3.054601746280620844e+01
2.077952980828412421e+02 2.090472303843470314e+01 3.262136787289978201e+01
2.051803106693327550e+02 2.143914559551824794e+01 3.478365307329741540e+01
2.024818960840050011e+02 2.197382499164385194e+01 3.703582555125464637e+01
1.997078962412057024e+02 2.250779646434521197e+01 3.936774660184210717e+01
1.968936739287343869e+02 2.303758464657207838e+01 4.173556815817238430e+01
1.940419766623987812e+02 2.356272528278801559e+01 4.413586207839269804e+01
1.911571602633974862e+02 2.409054294520401029e+01 4.655769178179414070e+01
1.882435996636492064e+02 2.462847893015591438e+01 4.899002172150100165e+01
1.853068797955708362e+02 2.516108510569459611e+01 5.144042132662708866e+01
1.823552705209285136e+02 2.566536314273551866e+01 5.392027734020491891e+01
1.793890204718440771e+02 2.614039066474918016e+01 5.643012270212779669e+01
1.764158757365316035e+02 2.658115836903717621e+01 5.896897860190438934e+01
1.734806013595328977e+02 2.695980949442504482e+01 6.153033063869708741e+01
1.705894791846090754e+02 2.727257996674260099e+01 6.411329798082664411e+01
1.677419098742327321e+02 2.751998575827330740e+01 6.671801811350208311e+01
1.649373018882070312e+02 2.770253240984910192e+01 6.934463051865137118e+01
1.621750717484891311e+02 2.782071513354954817e+01 7.199327656299347211e+01
1.594546440391900148e+02 2.787501881270182835e+01 7.466409949803832546e+01
1.567754514065747742e+02 2.786591800188074686e+01 7.735724446008690336e+01
1.541369345590623254e+02 2.779387692690873735e+01 8.007285847023108261e+01
1.515385422672256368e+02 2.765934948485586276e+01 8.281109043435381523e+01
1.489797314206098235e+02 2.746277917388446710e+01 8.557209115346114459e+01
1.464599667757641726e+02 2.720459933740462333e+01 8.835601335200058770e+01
1.439787205309161209e+02 2.688523363001091226e+01 9.116301166607911455e+01
1.415354724436420213e+02 2.650509588322540822e+01 9.399324265264843348e+01
1.391297096995102152e+02 2.606459023730974423e+01 9.684686479925233016e+01
1.367609268034220804e+02 2.556411125083218394e+01 9.972403853150180453e+01
1.344455913920652677e+02 2.501493910691126032e+01 1.025968523735992903e+02
1.322406134215280815e+02 2.445574300682238444e+01 1.053690256720215785e+02
1.301464049031292518e+02 2.389046945679073630e+01 1.080361723741774398e+02
1.281582380605994729e+02 2.331967094637987259e+01 1.106025039983080518e+02
1.262715720608174905e+02 2.274387527006141241e+01 1.130720681645444330e+02
1.244820500611659924e+02 2.216358593017148593e+01 1.154487511716424990e+02
1.227854971653186880e+02 2.157928241252587398e+01 1.177362797840493016e+02
1.211779208434692805e+02 2.099142012698333559e+01 1.199382208671027144e+02
1.196554894045113429e+02 2.040043334299842215e+01 1.220580001763168525e+02
1.182145240894264617e+02 1.980673626611658378e+01 1.240989092597322951e+02
1.168514981036637721e+02 1.921072316880300335e+01 1.260641063034777574e+02
1.155630367717830183e+02 1.861276836489532727e+01 1.279566160009189133e+02
1.143459086676248404e+02 1.801322741855084786e+01 1.297793372946735531e+02
1.131970096411096875e+02 1.741243931699933256e+01 1.315350573228342057e+02
1.121133620599089653e+02 1.681072657353493582e+01 1.332264520812134947e+02
1.110921130177569864e+02 1.620839546778046980e+01 1.348560879908551442e+02
1.101305359794165497e+02 1.560573582026313311e+01 1.364264204633541624e+02
1.092260146842227329e+02 1.500302318055332940e+01 1.379398079559670975e+02
1.083760369509987953e+02 1.440051966771882519e+01 1.393985173826090715e+02
1.075781943689614479e+02 1.379847401193130807e+01 1.408047243841292584e+02
1.068301814985347988e+02 1.319712165804213200e+01 1.421605140308236912e+02
1.061297947176588394e+02 1.259668492300964893e+01 1.434678818292648259e+02
1.054749175852901573e+02 1.199737497991586821e+01 1.447287465078324260e+02
1.048635188037497272e+02 1.139939213357488335e+01 1.459449517972337844e+02
1.042936517074623879e+02 1.080292588892607952e+01 1.471182668779490541e+02
1.037634544093869096e+02 1.020815492602857333e+01 1.482503862570819422e+02
1.032711464479433801e+02 9.615247555974686833e+00 1.493429326961053505e+02
1.028150174763130309e+02 9.024363249380073171e+00 1.503974670955276451e+02
1.023934264514501962e+02 8.435652745679540487e+00 1.514154892039083506e+02
1.020048019776837975e+02 7.849258005730457732e+00 1.523984373184678134e+02
1.016476415482924267e+02 7.265312308669582997e+00 1.533476889530934102e+02
1.013205043151792069e+02 6.683941230782060039e+00 1.542645671554296030e+02
1.010212377496939808e+02 6.104693218794110976e+00 1.551526048985997193e+02
1.007426385318651967e+02 5.523169709100433700e+00 1.560306883617165852e+02
1.004828330847356881e+02 4.938534898538002871e+00 1.569030011976864500e+02
1.002413791083765062e+02 4.350966271289631315e+00 1.577696350818585245e+02
1.000178428389332197e+02 3.760634432009602790e+00 1.586306863226387520e+02
9.981179959347318231e+01 3.167705523420165648e+00 1.594862497251116338e+02
9.962283360978021562e+01 2.572341313376958372e+00 1.603364186130191911e+02
9.945053804635455208e+01 1.974699194869010688e+00 1.611812848287606528e+02
9.929451497700989648e+01 1.374932188854166348e+00 1.620209387341896843e+02
9.915437528625858477e+01 7.731889971035729170e-01 1.628554692271658269e+02
9.902973865976159118e+01 1.696140087771652871e-01 1.636849637421056798e+02
9.892023288628537614e+01 -4.356523215518432468e-01 1.645095083464809420e+02
9.882549368418479219e+01 -1.042473381216110884e+00 1.653291877655124154e+02
9.874516470140291347e+01 -1.650716399454165151e+00 1.661440853821699477e+02
9.867889742667513531e+01 -2.260252400603515621e+00 1.669542832501508371e+02
9.862635123053200914e+01 -2.870956227676200179e+00 1.677598620889622509e+02
9.858719301090471276e+01 -3.482706350531698636e+00 1.685609013329671484e+02
9.856109676097055683e+01 -4.095384634475041530e+00 1.693574791925690306e+02
9.854774356464876917e+01 -4.708876337856764849e+00 1.701496726548562037e+02
9.854682153298749370e+01 -5.323070078300800034e+00 1.709375574927667856e+02
9.855802570354271097e+01 -5.937857780855420486e+00 1.717212082804513216e+02
9.858105831504255434e+01 -6.553134824099758227e+00 1.725006983538520728e+02
9.861562794831124279e+01 -7.168799581290214107e+00 1.732760999329651668e+02
9.866144942923712335e+01 -7.784753368650225269e+00 1.740474841357138871e+02
9.871824382877262849e+01 -8.400900445370263370e+00 1.748149209779483613e+02
9.878573845808260501e+01 -9.017148011051061118e+00 1.755784793741559611e+02
9.886366656513563100e+01 -9.633406047185935961e+00 1.763382271825820453e+02
9.895176794551260002e+01 -1.024958764165577918e+01 1.770942311173427584e+02
9.904978822931455795e+01 -1.086560860882116941e+01 1.778465568504419423e+02
9.915747843244814419e+01 -1.148138725212367106e+01 1.785952690768766900e+02
9.927459495662559164e+01 -1.209684436408580765e+01 1.793404315146377996e+02
9.940089958936464143e+01 -1.271190322631107961e+01 1.800821069047095193e+02
9.953615950398865664e+01 -1.332648960948396777e+01 1.808203570110696319e+02
9.968014704275014992e+01 -1.394053166116437303e+01 1.815552426535480208e+02
9.983263997909071463e+01 -1.455396004741788474e+01 1.822868236713572117e+02
9.999342158855343143e+01 -1.516670798528105024e+01 1.830151589100263436e+02
1.001622797244768321e+02 -1.577871075796700673e+01 1.837403063578329352e+02
1.003390067988901819e+02 -1.638990570489362497e+01 1.844623231486483235e+02
1.005233997825134225e+02 -1.700023222168349335e+01 1.851812655619382610e+02
