2.540000000000000000e+02 7.000000000000000000e+00 0.000000000000000000e+00
2.527433729797095907e+02 7.508148077448523416e+00 8.058191509425614019e-01
2.514546827996188085e+02 8.021860847297558550e+00 1.628238874776717360e+00
2.501334291083594792e+02 8.541214763204173721e+00 2.467508614852534254e+00
2.487791043080468683e+02 9.066287353839616259e+00 3.323881401962373694e+00
2.473911934438136484e+02 9.597157239173062848e+00 4.197613908943815808e+00
2.459676264661059690e+02 1.013315828170982158e+01 5.091904903704892682e+00
2.444972949410694980e+02 1.066939570558497863e+01 6.026855740198006295e+00
2.429767644483347624e+02 1.120488799545801228e+01 7.007562256725498706e+00
2.414044875820741538e+02 1.173960096682826126e+01 8.035459069968116097e+00
2.397788678438042496e+02 1.227349938264933549e+01 9.112026301610953283e+00
2.380982590234865768e+02 1.280654694008130789e+01 1.023879015198878406e+01
2.363609642973762277e+02 1.333870625117959818e+01 1.141732373626678410e+01
2.345652342914330291e+02 1.386993880144147084e+01 1.264924887942702902e+01
2.327092638597432313e+02 1.440020488084684303e+01 1.393623910227660190e+01
2.307911917466511227e+02 1.492946357662608037e+01 1.528001993461189123e+01
2.288090990093507457e+02 1.545767273949437381e+01 1.668237037728128058e+01
2.267610083599303437e+02 1.598478896956809159e+01 1.814512351203230978e+01
2.246448791849914812e+02 1.651076750975716578e+01 1.967017111771669491e+01
2.224586067893142172e+02 1.703556222957539745e+01 2.125946437132043343e+01
2.202000219405621806e+02 1.755912561539459915e+01 2.291501426996585877e+01
2.178683044885797813e+02 1.808122622754035547e+01 2.463870848297602834e+01
2.154782308352160101e+02 1.859963107152240980e+01 2.643039987525142465e+01
2.130403223297791158e+02 1.911268845263926863e+01 2.829045141033087418e+01
2.105526160086103573e+02 1.962036320122248512e+01 3.022087527804587381e+01
2.080138251984644455e+02 2.012252167941410974e+01 3.222365288764914482e+01
2.054225462402177129e+02 2.061903740630041781e+01 3.430083180622519023e+01
2.027773347647063815e+02 2.110978045107641776e+01 3.645451836720980054e+01
2.000767043611074314e+02 2.159461731953270913e+01 3.868687959272703125e+01
1.973188638443508580e+02 2.207347520339631686e+01 4.100061452475828361e+01
1.945172516497742663e+02 2.254254989534571862e+01 4.337110957465477412e+01
1.916849910312942029e+02 2.299837041740030941e+01 4.577473815097618370e+01
1.888220437548771145e+02 2.344079336772196243e+01 4.821165357147807384e+01
1.859283764511226309e+02 2.386967396154069831e+01 5.068200173036628087e+01
1.830039568422132845e+02 2.428486714456999707e+01 5.318592816471872453e+01
1.800487537445735882e+02 2.468622759560207669e+01 5.572357805153274768e+01
1.770627370713796722e+02 2.507360972915090969e+01 5.829509620484478916e+01
1.740458778399534481e+02 2.544686770254996588e+01 6.090062706758012467e+01
1.710057764638487185e+02 2.580029351098358248e+01 6.354119399147332814e+01
1.679998234818901892e+02 2.609211194353811436e+01 6.622338494965852362e+01
1.650411012726460740e+02 2.631325484664588643e+01 6.894838411340495554e+01
1.621295597097876566e+02 2.646426516413876584e+01 7.171583637583994175e+01
1.592651492880008561e+02 2.654568117009024064e+01 7.452539095559833981e+01
1.564478159155728463e+02 2.655804019971760255e+01 7.737670084705651163e+01
1.536775009955526059e+02 2.650187856566189382e+01 8.026942284978905207e+01
1.509541416221498764e+02 2.637773142051584330e+01 8.320321750111827441e+01
1.483050137402122459e+02 2.617893410137072507e+01 8.614398414030608819e+01
1.457764637111894501e+02 2.589494270260238551e+01 8.903226648692655942e+01
1.433668596419346954e+02 2.552868704676436451e+01 9.186650964020854815e+01
1.410736091548720594e+02 2.508330765725179745e+01 9.464639091167724416e+01
1.388902850357688692e+02 2.456888642051310967e+01 9.736800468959742716e+01
1.367908214492911156e+02 2.403065903800160186e+01 1.000095803735780180e+02
1.347686056780172521e+02 2.347755013792983547e+01 1.025688107827484856e+02
1.328216238478923970e+02 2.291010932441855275e+01 1.050477358804226924e+02
1.309478991131953762e+02 2.232889727924413492e+01 1.074483306088506112e+02
1.291455000125444599e+02 2.173446064365428043e+01 1.097725254689112830e+02
1.274125394822235648e+02 2.112733233234538588e+01 1.120222074795292286e+02
1.257471748561824683e+02 2.050803153346253893e+01 1.141992201776743059e+02
1.241476079017519822e+02 1.987706369714381438e+01 1.163053635837035102e+02
1.226120849842912151e+02 1.923492048054036729e+01 1.183423940432633970e+02
1.211389540500295965e+02 1.858291690843777388e+01 1.203129798309830250e+02
1.197269863035474060e+02 1.792795750549049671e+01 1.222262030195459630e+02
1.183746242738930192e+02 1.727237262008272722e+01 1.240860631133937630e+02
1.170801796765201743e+02 1.661611457229904332e+01 1.258938367660872046e+02
1.158420150544059481e+02 1.595923941472654484e+01 1.276508836158496223e+02
1.146585424650371721e+02 1.530179832126868966e+01 1.293585181873084196e+02
1.135282164208741165e+02 1.464384125755635324e+01 1.310180198460101053e+02
1.124495308240576037e+02 1.398541706648264338e+01 1.326306353406129688e+02
1.114210189664089370e+02 1.332657346820291089e+01 1.341975788028866532e+02
1.104412535294299715e+02 1.266735706013474783e+01 1.357200317477126248e+02
1.095088461733254803e+02 1.200781332841600602e+01 1.371991434139075352e+02
1.086224473943893685e+02 1.134798665183318178e+01 1.386360308824001208e+02
1.077807475633688057e+02 1.068792027289858915e+01 1.400317782151649340e+02
1.069824704335541696e+02 1.002765647895468781e+01 1.413874418391753807e+02
1.062263725130079877e+02 9.367236619683021459e+00 1.427040510670275921e+02
1.055112430645649937e+02 8.706701107104201753e+00 1.439826080969400550e+02
1.048359041058321282e+02 8.046089415577926118e+00 1.452240880127538389e+02
1.041992108439588236e+02 7.385440069654909401e+00 1.464294384233211872e+02
1.036000505327146612e+02 6.724790675924419148e+00 1.475995804102876434e+02
1.030373394341186639e+02 6.064178007816610538e+00 1.487354110479989799e+02
1.025100073124480105e+02 5.403631087642366104e+00 1.498378019888949382e+02
1.020123670799129201e+02 4.741043197604062343e+00 1.509068380009050827e+02
1.015400008966812919e+02 4.074833128300333840e+00 1.519426006160289262e+02
1.010922675123315742e+02 3.405058654223841241e+00 1.529458802305733798e+02
1.006689323833096523e+02 2.730813197303353146e+00 1.539208274378027852e+02
1.002696547897869266e+02 2.051734197399191384e+00 1.548696532111105455e+02
9.989395994010286017e+01 1.367992234315740019e+00 1.557927465173930557e+02
9.954138526927106057e+01 6.797385405539171366e-01 1.566905453522230687e+02
9.921156045200750384e+01 -1.288984025736086142e-02 1.575634441069243223e+02
9.890350262052176333e+01 -7.096739497716662015e-01 1.584120996910567385e+02
9.861485740661227339e+01 -1.410210613529689461e+00 1.592377499195868040e+02
9.834452968578335685e+01 -2.114271493920727885e+00 1.600410667295527958e+02
9.809220410511792920e+01 -2.821736214805154574e+00 1.608223777185531844e+02
9.785760712988931687e+01 -3.532491344029863090e+00 1.615819902295007466e+02
9.764046797288712298e+01 -4.246424994789557594e+00 1.623202084896740871e+02
9.744051906331299051e+01 -4.963426997696571696e+00 1.630373332937248279e+02
9.725749593619609357e+01 -5.683388831525611806e+00 1.637336621169608577e+02
9.709113704963881730e+01 -6.406203507906110595e+00 1.644094893021656674e+02
9.694118378481685738e+01 -7.131765571322227437e+00 1.650651060595983211e+02
9.680738044597926262e+01 -7.859971099112842197e+00 1.657008004669936270e+02
9.668947426044825022e+01 -8.590717701471572099e+00 1.663168574695619952e+02
9.658721537861937634e+01 -9.323904521446751303e+00 1.669135588799893810e+02
9.650030821094445344e+01 -1.005945441582436217e+01 1.674912747885346391e+02
9.642432725408164629e+01 -1.079934272867143186e+01 1.680582918496502884e+02
9.635660697034053612e+01 -1.154478992872325094e+01 1.686196347022356861e+02
9.629703455590794192e+01 -1.229579831253806077e+01 1.691754815975037900e+02
9.624559071275153599e+01 -1.305232497613929254e+01 1.697258326453819848e+02
9.620225596602507778e+01 -1.381432703209101120e+01 1.702706881395589562e+02
9.616701051526561628e+01 -1.458176142631987027e+01 1.708100486236731399e+02
9.613983431546627401e+01 -1.535458503662256291e+01 1.713439148546706292e+02
9.612070710386113603e+01 -1.613275470550704327e+01 1.718722877908316775e+02
9.610960839992534943e+01 -1.691622724019254775e+01 1.723951685917705277e+02
9.610651750537500959e+01 -1.770495941260955775e+01 1.729125586184356393e+02
9.611141350416724549e+01 -1.849890795939985821e+01 1.734244594331094618e+02
9.612427526250020549e+01 -1.929802958191646667e+01 1.739308727994086325e+02
9.614508142881298625e+01 -2.010228094622367934e+01 1.744318006822837219e+02
9.617381043378571803e+01 -2.091161868309707828e+01 1.749272452480196307e+02
9.621044049033956469e+01 -2.172599938802350295e+01 1.754172088642351071e+02
9.625494959363662417e+01 -2.254537962120104311e+01 1.759016940998832013e+02
9.630731552108009907e+01 -2.336971590753908856e+01 1.763807037252508962e+02
9.636751583231408347e+01 -2.419896473665826875e+01 1.768542407119593634e+02
9.643552786922373343e+01 -2.503308256289050959e+01 1.773223082329637634e+02
9.651132875593521021e+01 -2.587202580527898377e+01 1.777849096625535594e+02
9.659495971656298252e+01 -2.671564770025911528e+01 1.782420706414837070e+02
