2.540000000000000000e+02 7.000000000000000000e+00 0.000000000000000000e+00
2.529087614226764060e+02 7.508389397149510813e+00 4.950972743036844426e-01
2.517874998581464752e+02 8.015975325041098998e+00 1.023545682769741116e+00
2.506351542040962670e+02 8.522761107855320262e+00 1.586469792181525396e+00
2.494506265758578536e+02 9.028750113278121603e+00 2.185033271761426032e+00
2.482327815402262843e+02 9.533945753503449083e+00 2.820439707528196838e+00
2.469804443260441076e+02 1.003835148757619677e+01 3.493934504193412671e+00
2.456923994330710457e+02 1.054197082321351964e+01 4.206806363748922806e+00
2.443673899267801630e+02 1.104480731772633284e+01 4.960388035002344154e+00
2.430041154402244956e+02 1.154686458063411258e+01 5.756058437326250221e+00
2.416012302598665542e+02 1.204814627616988787e+01 6.595244695162176818e+00
2.401573424325972042e+02 1.254865612444708844e+01 7.479423087140135706e+00
2.386710128748143802e+02 1.304839790262345289e+01 8.410119993013248418e+00
2.371407519234962820e+02 1.354737544941217031e+01 9.388915559404338751e+00
2.355650183509326610e+02 1.404559266637016890e+01 1.041744474701553003e+01
2.339422181123637188e+02 1.454305351953324532e+01 1.149739866172502722e+01
2.322707032182279363e+02 1.503976204088923119e+01 1.263052575324069871e+01
2.305487674680552743e+02 1.553572233395455271e+01 1.381863634940553709e+01
2.287746456702271587e+02 1.603093857479384354e+01 1.506360348548875194e+01
2.269465120019355879e+02 1.652541501416028780e+01 1.636736464734272190e+01
2.250624792513717409e+02 1.701915597848446993e+01 1.773192257685252216e+01
2.231205935338788890e+02 1.751216587677749104e+01 1.915935088797570174e+01
2.211188329489885405e+02 1.800444920238506441e+01 2.065179549413594629e+01
2.190551062297180067e+02 1.849601053474986756e+01 2.221147604384660923e+01
2.169272515325801294e+02 1.898685454098857406e+01 2.384068720677703368e+01
2.147330319951033175e+02 1.947698598169361262e+01 2.554180339553031942e+01
2.124701317435198291e+02 1.996640971614527871e+01 2.731728300895182571e+01
2.101361555180880316e+02 2.045513070280044943e+01 2.916966883036424818e+01
2.077286258526704046e+02 2.094315400297031360e+01 3.110159102531626019e+01
2.052449821560982457e+02 2.143048478201903251e+01 3.311576811797568354e+01
2.026825727177850069e+02 2.191712831979739562e+01 3.521501548812970128e+01
2.000386534811667048e+02 2.240309001224323282e+01 3.740224667486018006e+01
1.973143585407557623e+02 2.288807288862837552e+01 3.967562569793342675e+01
1.945460724716569416e+02 2.336930786204533561e+01 4.199027359019873984e+01
1.917476841925263500e+02 2.385454356790543429e+01 4.432295405383811726e+01
1.889223810416045808e+02 2.434878566214823437e+01 4.666603409958121063e+01
1.860700791408492307e+02 2.485208476642019093e+01 4.901949260035683409e+01
1.831915703746828399e+02 2.536242199720545187e+01 5.138424332101057956e+01
1.802990609545909990e+02 2.585078190647323382e+01 5.377342505347780133e+01
1.773965144270709402e+02 2.630761627808856318e+01 5.619142603565790495e+01
1.744939484566307897e+02 2.672657786664015589e+01 5.863689082411872278e+01
1.716367672816172103e+02 2.707963395680247487e+01 6.110308810342049668e+01
1.688295646775257239e+02 2.736415775622083046e+01 6.358932407080629901e+01
1.660715419093338312e+02 2.758085578461147946e+01 6.609571322467252230e+01
1.633619133644953934e+02 2.773041969586738631e+01 6.862237175183251736e+01
1.606999060089936222e+02 2.781352683261947334e+01 7.116941752533827525e+01
1.580847593873407106e+02 2.783084022623663500e+01 7.373697010448059075e+01
1.555157256225782874e+02 2.778300859682574497e+01 7.632515073478884915e+01
1.529920694162769905e+02 2.767066635323162771e+01 7.893408234803116841e+01
1.505130676973661252e+02 2.749443394106835470e+01 8.156388957178820931e+01
1.480780101157170350e+02 2.725491733789804272e+01 8.421469873319743726e+01
1.456861985126363948e+02 2.695270860059241613e+01 8.688663784856245798e+01
1.433369458748420868e+02 2.658838691849495461e+01 8.957983663375276251e+01
1.410295763307592267e+02 2.616251861712868987e+01 9.229442650426310024e+01
1.387634251505205327e+02 2.567565715819619143e+01 9.503054057521352149e+01
1.365378387459664111e+02 2.512834313957959864e+01 9.778831366134936331e+01
1.343542711109458594e+02 2.452278714109262836e+01 1.005640344980827621e+02
1.322613781657407515e+02 2.390001092816224926e+01 1.032663998822462901e+02
1.302761089651282020e+02 2.327768201727631592e+01 1.058601200869606060e+02
1.283936655763387478e+02 2.265612917268959237e+01 1.083496950051185905e+02
1.266094329122598054e+02 2.203564514433359989e+01 1.107394770432855893e+02
1.249189877739754309e+02 2.141650678779452122e+01 1.130336413026246305e+02
1.233180978926565388e+02 2.079897514799805691e+01 1.152361864599399581e+02
1.218027218917519718e+02 2.018329545436081673e+01 1.173509348104661711e+02
1.203689971660185165e+02 1.956969820085510392e+01 1.193815433928651402e+02
1.190132205664610154e+02 1.895840086011967784e+01 1.213315217240737383e+02
1.177318472525111162e+02 1.834960798477739985e+01 1.232042328537536378e+02
1.165214889216113647e+02 1.774351135753866870e+01 1.250028949967650931e+02
1.153789131687470615e+02 1.714029004700044112e+01 1.267305821222540914e+02
1.143010221370461608e+02 1.654011229775829506e+01 1.283902435608667076e+02
1.132848482022830154e+02 1.594313591112701012e+01 1.299847079694026490e+02
1.123275528859189194e+02 1.534950833875228149e+01 1.315166843316504242e+02
1.114264278106250856e+02 1.475936659051322586e+01 1.329887610882215085e+02
1.105788846943156898e+02 1.417283812034504997e+01 1.344034153260176083e+02
1.097824418864649658e+02 1.359004201031666170e+01 1.357630251509947641e+02
1.090347239820133609e+02 1.301108900441859539e+01 1.370698700431374277e+02
1.083334602393650954e+02 1.243608164168968422e+01 1.383261323161815994e+02
1.076764867036012276e+02 1.186511406631549015e+01 1.395338951695601111e+02
1.070617317195120393e+02 1.129827330052781065e+01 1.406951560026880372e+02
1.064872097135425832e+02 1.073563978736334334e+01 1.418118321332140681e+02
1.059510210899807419e+02 1.017728739953942707e+01 1.428857608926714136e+02
1.054513510738901090e+02 9.623283532534530949e+00 1.439187006983259209e+02
1.049864710934441376e+02 9.073688983886276205e+00 1.449123297819956804e+02
1.045547251437949683e+02 8.528559142241128654e+00 1.458682587313130625e+02
1.041545264836539531e+02 7.987944273311049947e+00 1.467880335299691978e+02
1.037843576993800383e+02 7.451889514105156209e+00 1.476731354989492786e+02
1.034427716768696826e+02 6.920434780147967757e+00 1.485249804105760347e+02
1.031279828318761531e+02 6.393306209164358656e+00 1.493461140068278894e+02
1.028333564116105805e+02 5.866309209954809312e+00 1.501539114248829776e+02
1.025560403095955024e+02 5.337802698098439436e+00 1.509554614842442959e+02
1.022955963027607709e+02 4.807922832743851238e+00 1.517509102558974519e+02
1.020516112761916361e+02 4.276817191748383706e+00 1.525403460062875638e+02
1.018236759119018444e+02 3.744624057979057952e+00 1.533238735813762901e+02
1.016113906707773253e+02 3.211477822197240872e+00 1.541015947131896269e+02
1.014143658199897686e+02 2.677508360224909012e+00 1.548736093281248429e+02
1.012322202389240715e+02 2.142841652587120116e+00 1.556400157283178487e+02
1.010645812890537343e+02 1.607599852105951799e+00 1.564009106113703638e+02
1.009110848139409882e+02 1.071901283900495105e+00 1.571563890703495758e+02
1.007713751190824922e+02 5.358604553693003814e-01 1.579065445971125428e+02
1.006451048752195874e+02 -4.118994298830675328e-04 1.586514691001987671e+02
1.005319350880477884e+02 -5.368088006226261477e-01 1.593912529075273312e+02
1.004315343496361237e+02 -1.073226637288675178e+00 1.601259848818881153e+02
1.003435787273067490e+02 -1.609565111122951864e+00 1.608557524385522868e+02
1.002677517636349052e+02 -2.145727236435552410e+00 1.615806415452721296e+02
1.002037443788808986e+02 -2.681619291822662454e+00 1.623007367383736153e+02
1.001512549380646817e+02 -3.217150856697820860e+00 1.630161211135225017e+02
1.001099888726599403e+02 -3.752234615728324396e+00 1.637268763836000289e+02
1.000796582332653202e+02 -4.286786131589091831e+00 1.644330829493505917e+02
1.000599816858769486e+02 -4.820723843084115501e+00 1.651348198999785382e+02
1.000506844750309625e+02 -5.353969046656542830e+00 1.658321650190982837e+02
1.000514982462943721e+02 -5.886445809346919411e+00 1.665251948145031804e+02
1.000621614539505799e+02 -6.418081174625152485e+00 1.672139844530720154e+02
1.000824184868979501e+02 -6.948804719568813404e+00 1.678986078994973923e+02
1.001120194982429012e+02 -7.478548468896444312e+00 1.685791379435305544e+02
1.001507204053000777e+02 -8.007246894967565254e+00 1.692556461999814701e+02
1.001982828895923205e+02 -8.534836917782666177e+00 1.699282031087187192e+02
1.002544741826064154e+02 -9.061257799864932849e+00 1.705968779705622183e+02
1.003190673822261800e+02 -9.586451308060116361e+00 1.712617388978889892e+02
1.003918412522217380e+02 -1.011036160906962600e+01 1.719228528448591362e+02
1.004725794804829775e+02 -1.063293489917146495e+01 1.725802857281827869e+02
1.005610706730835773e+02 -1.115411940127402879e+01 1.732341024280958095e+02
1.006571083542812488e+02 -1.167386536491613214e+01 1.738843667883599267e+02
1.007604909665176081e+02 -1.219212506626699977e+01 1.745311416162626017e+02
1.008710217685879940e+02 -1.270885275887989252e+01 1.751744887000732831e+02
