2.540000000000000000e+02 7.000000000000000000e+00 0.000000000000000000e+00
2.528958483351977975e+02 7.501640422404351582e+00 7.672795539290329092e-01
2.517670468632615268e+02 8.013372668596492332e+00 1.552702583638027933e+00
2.506130454648076977e+02 8.535421263941161740e+00 2.356671087103642925e+00
2.494332816884671331e+02 9.068015766226320551e+00 3.179596075708886360e+00
2.482273220600089871e+02 9.611454412779039558e+00 4.021918724743971829e+00
2.469907040363867452e+02 1.016423791161520107e+01 4.883494773005310208e+00
2.457171862270288045e+02 1.072399942123701422e+01 5.763846547465186987e+00
2.444003362231240146e+02 1.128806893586999216e+01 6.673367686746527028e+00
2.430301796639988083e+02 1.185228633465526116e+01 7.629572233936564807e+00
2.416048713285486542e+02 1.241656639907871629e+01 8.634234399721281150e+00
2.401226411952860929e+02 1.298088689101280302e+01 9.688928505405449698e+00
2.385816619234197162e+02 1.354522484060675325e+01 1.079527987261859856e+01
2.369800478035421634e+02 1.410955653290146472e+01 1.195496575694906660e+01
2.353158541324443718e+02 1.467385749985500176e+01 1.316971590420793170e+01
2.335870731630707269e+02 1.523810246867934026e+01 1.444131615399097157e+01
2.317916319024997449e+02 1.580226533375125797e+01 1.577161039894405725e+01
2.299273913497492572e+02 1.636631914688987166e+01 1.716250126293164868e+01
2.279921450683413866e+02 1.693023609914838445e+01 1.861595137111115861e+01
2.259836164741443838e+02 1.749398748621781863e+01 2.013398576309570842e+01
2.238994541491646544e+02 1.805754364864939632e+01 2.171869606254899310e+01
2.217370519972977547e+02 1.862089769214732726e+01 2.337226113169056774e+01
2.194962509846048420e+02 1.918370717347728416e+01 2.509664319392744147e+01
2.171961406747190892e+02 1.974310035024876697e+01 2.689161637332751909e+01
2.148432619963353147e+02 2.029790203854804886e+01 2.875833170976116548e+01
2.124363639468117810e+02 2.084796726089334129e+01 3.069886130946301961e+01
2.099739374619523460e+02 2.139317637175406972e+01 3.271536342544643361e+01
2.074544286444765646e+02 2.193340643073754492e+01 3.481005986895934257e+01
2.048762372941718297e+02 2.246853109418080408e+01 3.698523809232755610e+01
2.022375656050785437e+02 2.299845782594418253e+01 3.924351556957661558e+01
1.995464698613423025e+02 2.352063848799371115e+01 4.157026494942324746e+01
1.968210050452158839e+02 2.403024652601031264e+01 4.393368880298086054e+01
1.940622305778798307e+02 2.452683969742525960e+01 4.633197937974606617e+01
1.912700815424851157e+02 2.501026000555646078e+01 4.876530564880283691e+01
1.884444942430412766e+02 2.548034904215724694e+01 5.123383616634298932e+01
1.855854062090260754e+02 2.593694799015498376e+01 5.373773907117983129e+01
1.826927562057723549e+02 2.637989762968322438e+01 5.627718207472329937e+01
1.797664842438216795e+02 2.680903834348125514e+01 5.885233245196829444e+01
1.768065315839486686e+02 2.722421012006836705e+01 6.146335703649933180e+01
1.738128407471646142e+02 2.762525255967696580e+01 6.411042221076426983e+01
1.708166046373737856e+02 2.798882284861790026e+01 6.679743998158774332e+01
1.678686215957881984e+02 2.827749004800984167e+01 6.953032685607426799e+01
1.649700763951123008e+02 2.849095059373393468e+01 7.230880873320745650e+01
1.621212860275842047e+02 2.862954461955408547e+01 7.513250871258031793e+01
1.593223835973506368e+02 2.869374644328200219e+01 7.800103072494059120e+01
1.565733183204663419e+02 2.868416456677714521e+01 8.091395953219063131e+01
1.538738651812979583e+02 2.860153430372910321e+01 8.387086204212651808e+01
1.512244404208117601e+02 2.844636874283944294e+01 8.687067064183817422e+01
1.486656197600527776e+02 2.820962996579373439e+01 8.986198701815405343e+01
1.462321746255112203e+02 2.788513206408909895e+01 9.279832879555138447e+01
1.439212387882991777e+02 2.747634245606408854e+01 9.567928292135836443e+01
1.417301761500570478e+02 2.698642574949025530e+01 9.850448742807701308e+01
1.396405442248515385e+02 2.644609013595594504e+01 1.012599343373956486e+02
1.376300155797958951e+02 2.589182139414992889e+01 1.039294418604843457e+02
1.356963228147862424e+02 2.532437776660687234e+01 1.065151008369431622e+02
1.338373738354947875e+02 2.474429049164739780e+01 1.090190534329242524e+02
1.320511262495794824e+02 2.415207715760008966e+01 1.114433917926641300e+02
1.303355872968257358e+02 2.354824172244128988e+01 1.137901581084061036e+02
1.286888138491468396e+02 2.293327451379503756e+01 1.160613446204002344e+02
1.271089126750486002e+02 2.230765215394589163e+01 1.182588933527323292e+02
1.255940391147347128e+02 2.167183711464145901e+01 1.203846964891349671e+02
1.241424019354345205e+02 2.102637269734883319e+01 1.224407006851808291e+02
1.227527056548928073e+02 2.037778388069043345e+01 1.244355453738183854e+02
1.214234314395660164e+02 1.972964450635964440e+01 1.263747053684044630e+02
1.201528364404263698e+02 1.908214152901606653e+01 1.282598839246938951e+02
1.189392127392214746e+02 1.843528404410018595e+01 1.300925452917986149e+02
1.177808995863247077e+02 1.778908056167210106e+01 1.318741127253534842e+02
1.166762809985707463e+02 1.714353949965829216e+01 1.336059710639437981e+02
1.156237918223184664e+02 1.649866917354379581e+01 1.352894615205292439e+02
1.146219102026364283e+02 1.585447780915939120e+01 1.369258881519013755e+02
1.136691545509058869e+02 1.521097354783219657e+01 1.385165204637114300e+02
1.127640835448207213e+02 1.456816444638566033e+01 1.400625934104703845e+02
1.119052961283873771e+02 1.392605847713956280e+01 1.415653073955488424e+02
1.110914318826306300e+02 1.328466352727001620e+01 1.430258279527066065e+02
1.103209930124684348e+02 1.264390843889005112e+01 1.444452604951731018e+02
1.095863148462200627e+02 1.200094413185756359e+01 1.458237001081518827e+02
1.088822463851570888e+02 1.135397792968602992e+01 1.471613540418329364e+02
1.082074498463797312e+02 1.070289219219907473e+01 1.484589081124919403e+02
1.075614545387879417e+02 1.004794238865964573e+01 1.497171411738673612e+02
1.069436210410501644e+02 9.389301842465760828e+00 1.509368019457272396e+02
1.063533174192626092e+02 8.727138131881794436e+00 1.521186237672997947e+02
1.057899301682361681e+02 8.061618372058227067e+00 1.532633276892258891e+02
1.052528572784358545e+02 7.392906233988681741e+00 1.543716218168981413e+02
1.047415080084743551e+02 6.721162013832262971e+00 1.554442015641716637e+02
1.042552998788744247e+02 6.046549395585062214e+00 1.564817306915844597e+02
1.037936402789722763e+02 5.369277511996844332e+00 1.574847230136593623e+02
1.033563377929502707e+02 4.688593048810708375e+00 1.584564503875532750e+02
1.029431947540652459e+02 4.003838135876148563e+00 1.593998270183107877e+02
1.025529951419201637e+02 3.315010045670784500e+00 1.603164589428502325e+02
1.021832365355261487e+02 2.622511094968820622e+00 1.612076951199661039e+02
1.018327713063468565e+02 1.926567575615238281e+00 1.620742782566699134e+02
1.015015163571255528e+02 1.227270561037801189e+00 1.629164709945132472e+02
1.011891381996216666e+02 5.247414083417579755e-01 1.637346476315127575e+02
1.008953383653012281e+02 -1.809043061300005251e-01 1.645291636309883927e+02
1.006198219416445596e+02 -8.895527445529421984e-01 1.653003703656033281e+02
1.003622977080320027e+02 -1.601091884917892560e+00 1.660486149653692394e+02
1.001224780571722874e+02 -2.315411476774733135e+00 1.667742404057032104e+02
9.990007880512460758e+01 -3.032402933444102278e+00 1.674775857200487224e+02
9.969481919097945877e+01 -3.751959331836291156e+00 1.681589860002323178e+02
9.950642187685839701e+01 -4.473975412451233424e+00 1.688187723964635154e+02
9.933461294791416663e+01 -5.198347579378511440e+00 1.694572721173349805e+02
9.917912191284608525e+01 -5.924973901481998872e+00 1.700748084295996989e+02
9.903732117651441058e+01 -6.654918489790099478e+00 1.706762155167192248e+02
9.890410856944716045e+01 -7.390561843951982901e+00 1.712711450274352387e+02
9.877926005976641477e+01 -8.131957715539154918e+00 1.718599887215499962e+02
9.866271860083452339e+01 -8.879078979390257587e+00 1.724428202092990432e+02
9.855443727975232093e+01 -9.631893803551379918e+00 1.730196938898463657e+02
9.845437931735919790e+01 -1.039036564927608630e+01 1.735906449512843039e+02
9.836251806823305799e+01 -1.115445327102537654e+01 1.741556893706332971e+02
9.827883702069031813e+01 -1.192411071646771958e+01 1.747148239138424231e+02
9.820332979678589425e+01 -1.269928732647903757e+01 1.752680261357888867e+02
9.813598851450217353e+01 -1.347993269725668419e+01 1.758152759455483078e+02
9.807678472490161425e+01 -1.426600506869173657e+01 1.763565911654959280e+02
9.802569842843831793e+01 -1.505745905810122309e+01 1.768919738563095336e+02
9.798270973493100655e+01 -1.585424909337456256e+01 1.774214256593987784e+02
9.794779851315378494e+01 -1.665632956065340764e+01 1.779449484446594170e+02
9.792094439083602708e+01 -1.746365480433167860e+01 1.784625443104733051e+02
9.790212675466253245e+01 -1.827617912705554915e+01 1.789742155837082578e+02
9.789132475027338387e+01 -1.909385678972342859e+01 1.794799648197181909e+02
9.788851728226401860e+01 -1.991664201148599389e+01 1.799797948023430365e+02
9.789368301760170255e+01 -2.074448897311519247e+01 1.804737085418124707e+02
9.790680038594078383e+01 -2.157735181688695292e+01 1.809617092743768580e+02
9.792784758029833370e+01 -2.241518464880866901e+01 1.814438004625335736e+02
9.795680256583678158e+01 -2.325794154826332161e+01 1.819199857900426025e+02
