2.540000000000000000e+02 7.000000000000000000e+00 0.000000000000000000e+00
2.529295651119703336e+02 7.506545375228044215e+00 4.886360836654634054e-01
2.518288439735332815e+02 8.012003270470033911e+00 1.010652975137553033e+00
2.506967713968003011e+02 8.516366612080400245e+00 1.567174556907017902e+00
2.495322453278119781e+02 9.019628013658088861e+00 2.159363716573093228e+00
2.483341260779232300e+02 9.521779769614505895e+00 2.788423159920139227e+00
2.471012345343351342e+02 1.002281384019923394e+01 3.455597303879748505e+00
2.458323507709750970e+02 1.052272183987600407e+01 4.162173745998090979e+00
2.445262133428924756e+02 1.102149503141647990e+01 4.909484010855575953e+00
2.431815172759131087e+02 1.151912430907675677e+01 5.698905676686909061e+00
2.417969121692519252e+02 1.201560018271898755e+01 6.531864382514291911e+00
2.403710013021262171e+02 1.251091277033346749e+01 7.409834773209063030e+00
2.389023407246213253e+02 1.300505179042884052e+01 8.334341461212542157e+00
2.373894358113824410e+02 1.349800653318954247e+01 9.306962672180661755e+00
2.358307402984983980e+02 1.398976585241504722e+01 1.032933126380691391e+01
2.342246550338155942e+02 1.448031815505841635e+01 1.140313604779667145e+01
2.325695268013430734e+02 1.496965139138602119e+01 1.253012303345992606e+01
2.308636440819007873e+02 1.545775301949492153e+01 1.371209991227453173e+01
2.291052363027084766e+02 1.594460999903181886e+01 1.495093685170284203e+01
2.272924721900877216e+02 1.643020877740223895e+01 1.624856823777638937e+01
2.254234589716365349e+02 1.691453528309155274e+01 1.760699351907177856e+01
2.234962370828905875e+02 1.739757488135722241e+01 1.902828280622928858e+01
2.215087789117218620e+02 1.787931236371852961e+01 2.051457820018218214e+01
2.194589873781450251e+02 1.835973193606647058e+01 2.206809529450290697e+01
2.173446948095522089e+02 1.883881720924665970e+01 2.369112436522787846e+01
2.151636583077025193e+02 1.931655116027585350e+01 2.538603527186244335e+01
2.129135559454004181e+02 1.979291610050389494e+01 2.715528148069783398e+01
2.105919863554651954e+02 2.026789367217259041e+01 2.900140049961771282e+01
2.081964659445010568e+02 2.074146482508665201e+01 3.092701682550415754e+01
2.057244278310231778e+02 2.121360980772501392e+01 3.293484306753080659e+01
2.031732139141710434e+02 2.168430810084235461e+01 3.502768833723321507e+01
2.005400737682644206e+02 2.215353840821457254e+01 3.720845941789628597e+01
1.978238440426073339e+02 2.262117493912226251e+01 3.947813197180015266e+01
1.950599982249789264e+02 2.308806597993751808e+01 4.179133117782372864e+01
1.922691046867685998e+02 2.356271238601649287e+01 4.411643782530339308e+01
1.894515775105207922e+02 2.404590922213338189e+01 4.645230549284835320e+01
1.866073249276261095e+02 2.453769849757903287e+01 4.879893039792010967e+01
1.837362598330116725e+02 2.503812857137554815e+01 5.115629861784890409e+01
1.808464879750517014e+02 2.552938284528776691e+01 5.353208264708074182e+01
1.779493435828767645e+02 2.598659108532914175e+01 5.593703622317184454e+01
1.750451930513102923e+02 2.640910913301101459e+01 5.837143657998421986e+01
1.721716742860645866e+02 2.677333836783866516e+01 6.082995470457579046e+01
1.693537953573509753e+02 2.706387822856751768e+01 6.330894985644995643e+01
1.665905957310719714e+02 2.728160176029669870e+01 6.580852158627379822e+01
1.638810944264170644e+02 2.742738593519553447e+01 6.832877709352504780e+01
1.612243279063795001e+02 2.750208867585056538e+01 7.086982544765881187e+01
1.586193500397678520e+02 2.750654889365047140e+01 7.343177758743249228e+01
1.560652321012064476e+02 2.744158648878610407e+01 7.601474632090555872e+01
1.535610627684345673e+02 2.730800235294538325e+01 7.861884632542815154e+01
1.511059476227020753e+02 2.710657886397723715e+01 8.124419414988275889e+01
1.486990099689385545e+02 2.683807906055443482e+01 8.389090822554688032e+01
1.463393894115548903e+02 2.650324807999378152e+01 8.655910884213955114e+01
1.440262409206145549e+02 2.610281409407164332e+01 8.924891813972064369e+01
1.417587348318335785e+02 2.563748830902390807e+01 9.196046010869078202e+01
1.395360568465806921e+02 2.510796496554601376e+01 9.469386058979151244e+01
1.373574080473646006e+02 2.451492132264312573e+01 9.744924727492936256e+01
1.352220049108977378e+02 2.385901763271113651e+01 1.002267497202402780e+02
1.331434290437780987e+02 2.315551767100750524e+01 1.029964809075188583e+02
1.311674613533418494e+02 2.245419291022909647e+01 1.056593980158496322e+02
1.292935327178241209e+02 2.175944747078211350e+01 1.082114550904016141e+02
1.275169605210862898e+02 2.107134362879541101e+01 1.106573689976548849e+02
1.258332600825519876e+02 2.038993637712088614e+01 1.130016619795324146e+02
1.242381419030190557e+02 1.971527354999333070e+01 1.152486643376531674e+02
1.227275097859625106e+02 1.904739589705477698e+01 1.174025162755932143e+02
1.212974591629728423e+02 1.838633715598470530e+01 1.194671695341635029e+02
1.199442519717045599e+02 1.773212518216852018e+01 1.214464118831336350e+02
1.186643110314306853e+02 1.708478219892231209e+01 1.233438726073103737e+02
1.174542184336828825e+02 1.644432486420748774e+01 1.251630240813041439e+02
1.163107168473695197e+02 1.581076420236695945e+01 1.269071805069592500e+02
1.152306933857303619e+02 1.518410632570238228e+01 1.285795136455817271e+02
1.142111669718990754e+02 1.456435299180924403e+01 1.301830651464256334e+02
1.132492878883450373e+02 1.395150162261268001e+01 1.317207469871996182e+02
1.123423367425579329e+02 1.334554533736231363e+01 1.331953424962632653e+02
1.114877228880856990e+02 1.274647302324445342e+01 1.346095078923711981e+02
1.106829654314887961e+02 1.215427016690427031e+01 1.359657908242425322e+02
1.099256904452074650e+02 1.156891897482736553e+01 1.372666330928270497e+02
1.092136300794165891e+02 1.099039840850942973e+01 1.385143715220458205e+02
1.085446235447767123e+02 1.041868412853894021e+01 1.397112370127003658e+02
1.079166098953405566e+02 9.853748812878880159e+00 1.408593615848810146e+02
1.073276148793688378e+02 9.295562719701280230e+00 1.419607912263465437e+02
1.067757504168781395e+02 8.744093709348399912e+00 1.430174864034356403e+02
1.062592135636271991e+02 8.199307282843824041e+00 1.440313230793525463e+02
1.057762883237518707e+02 7.661166493053328530e+00 1.450040909545114118e+02
1.053253370706726457e+02 7.129632315855233493e+00 1.459375018453287964e+02
1.049047911509446322e+02 6.604664042253777012e+00 1.468331988757357465e+02
1.045131507473273729e+02 6.086219283953624881e+00 1.476927566112693171e+02
1.041489980798483543e+02 5.574263898877805268e+00 1.485176428527466896e+02
1.038085919358364606e+02 5.066828043852249053e+00 1.493165104665778244e+02
1.034852344157179544e+02 4.559229766686224039e+00 1.501078129545971649e+02
1.031782548330145630e+02 4.051398229338198931e+00 1.508924100074407306e+02
1.028872418621667606e+02 3.543453935924238074e+00 1.516704183865943776e+02
1.026117936816377778e+02 3.035513334998129586e+00 1.524419528761239917e+02
1.023515175900712109e+02 2.527689013324111666e+00 1.532071263459076818e+02
1.021060300062911637e+02 2.020089695876869929e+00 1.539660497516359783e+02
1.018749564661307545e+02 1.512820247305360910e+00 1.547188321354113612e+02
1.016579315494981159e+02 1.005981701650681570e+00 1.554655806417069357e+02
1.014545987684113300e+02 4.996713202827633982e-01 1.562064005350291609e+02
1.012646098711078366e+02 -6.017058639271342935e-03 1.569413953155768979e+02
1.010876246837386248e+02 -5.109929431869081329e-01 1.576706667469523495e+02
1.009233111022611951e+02 -1.015169183744660142e+00 1.583943148575939688e+02
1.007713449818843543e+02 -1.518461921370772183e+00 1.591124379613083306e+02
1.006314101677161688e+02 -2.020790602761712407e+00 1.598251326519381337e+02
1.005031978631817111e+02 -2.522077667909404131e+00 1.605324939110170988e+02
1.003864064829717790e+02 -3.022248478071555056e+00 1.612346151332199327e+02
1.002807416324504857e+02 -3.521231305806401313e+00 1.619315881299941395e+02
1.001859159370924885e+02 -4.018957254267265355e+00 1.626235031606581458e+02
1.001016493453400642e+02 -4.515360405506736008e+00 1.633104488799618537e+02
1.000276683361202998e+02 -5.010377432633571715e+00 1.639925124754292938e+02
9.996370573038315399e+01 -5.503947508014065626e+00 1.646697797002624668e+02
9.990950069110172649e+01 -5.996012303272043376e+00 1.653423348733409171e+02
9.986479866958428886e+01 -6.486515963777618410e+00 1.660102608889499152e+02
9.982935124402807503e+01 -6.975405035690362965e+00 1.666736392481305415e+02
9.980291656506520326e+01 -7.462628679055712588e+00 1.673325499787032129e+02
9.978525839218357874e+01 -7.948138202209532821e+00 1.679870718055917962e+02
9.977614594054551844e+01 -8.431886988282094819e+00 1.686372821781884852e+02
9.977535388098768010e+01 -8.913830495198070025e+00 1.692832572703535163e+02
9.978266234002110480e+01 -9.393926255676536385e+00 1.699250719804152538e+02
9.979785677207958372e+01 -9.872133818206085820e+00 1.705627999552542633e+02
9.982072798465976859e+01 -1.034841476648778347e+01 1.711965135899156110e+02
9.985107245226429029e+01 -1.082273286174038773e+01 1.718262839668960282e+02
9.988869131341454022e+01 -1.129505356725564269e+01 1.724521810385411982e+02
9.993339030643461740e+01 -1.176534401825144371e+01 1.730742736388862397e+02
9.998497976945139953e+01 -1.223357302187184104e+01 1.736926294836558213e+02
1.000432746403947419e+02 -1.269971105718705395e+01 1.743073151702642747e+02
