2.540000000000000000e+02 7.000000000000000000e+00 0.000000000000000000e+00
2.515226799735127088e+02 7.578639491652565674e+00 2.016884445699330453e+00
2.490551801891817547e+02 8.155048955848879899e+00 4.026090671170935664e+00
2.465919377909040406e+02 8.730158933496751317e+00 6.031713885735373815e+00
2.441308967216880887e+02 9.304313480952664861e+00 8.035267231081846262e+00
2.416709152088854182e+02 9.873880643365824383e+00 1.003868739167140411e+01
2.392102194717099337e+02 1.043244795090558164e+01 1.204519857941052230e+01
2.367489391664861955e+02 1.097987677909797632e+01 1.405472952217946592e+01
2.342872397000555509e+02 1.151615098208034382e+01 1.606714582912140798e+01
2.318252868196095733e+02 1.204125791147748004e+01 1.808231191040414387e+01
2.293632466126897782e+02 1.255518841640163075e+01 2.010009097722009486e+01
2.269012855071879642e+02 1.305793684345250760e+01 2.212034504178631877e+01
2.244395702713458718e+02 1.354950103671727391e+01 2.414293491734448693e+01
2.219782680137554394e+02 1.402988233777055704e+01 2.616772021816089477e+01
2.195175461833586610e+02 1.449908558567443606e+01 2.819455935952648673e+01
2.170575725561287186e+02 1.495711907911866589e+01 3.022330957918273597e+01
2.145985125868470789e+02 1.540398700284356437e+01 3.225383120960939465e+01
2.121405298679626981e+02 1.583969076073645255e+01 3.428598690674069616e+01
2.096831803272514776e+02 1.626344468429708101e+01 3.632009534743039580e+01
2.072240368237588939e+02 1.666832939355411014e+01 3.835724969854337729e+01
2.047622454752361421e+02 1.705042037039581615e+01 4.039769884235141006e+01
2.022982170692188220e+02 1.741581601217345110e+01 4.244386276010614267e+01
1.998318695150588553e+02 1.776629146570724771e+01 4.449597716795998537e+01
1.973659598494246836e+02 1.810275484289798342e+01 4.655691605057959492e+01
1.949028924470398749e+02 1.842600391946692184e+01 4.862924534288418954e+01
1.924434557183801644e+02 1.873627337686615135e+01 5.071369448551000403e+01
1.899877670750275911e+02 1.903356007863452604e+01 5.281019703614201433e+01
1.875359411474383933e+02 1.931785976803225324e+01 5.491867730877774534e+01
1.850874710377875090e+02 1.958570347211462348e+01 5.703812616350483466e+01
1.826413927900402712e+02 1.983050916365351668e+01 5.916659639319102126e+01
1.801982883570202318e+02 2.005175117912572702e+01 6.130347235826372554e+01
1.777617711938341074e+02 2.024794583162704953e+01 6.344657519042658578e+01
1.753341033757138803e+02 2.041827449563760410e+01 6.559446492883247970e+01
1.729156425339446912e+02 2.056284347044977068e+01 6.774677296258587944e+01
1.705067299734898256e+02 2.068176859455495631e+01 6.990313938342140432e+01
1.681077035576242338e+02 2.077516914899453226e+01 7.206320566103971714e+01
1.657188976523448787e+02 2.084316779866665570e+01 7.422661472117538040e+01
1.633406431123753748e+02 2.088589057331806487e+01 7.639301096731648499e+01
1.609732672490472112e+02 2.090346682841771653e+01 7.856204032835864837e+01
1.586169981884383446e+02 2.089604522237313589e+01 8.073339448344920299e+01
1.562759276531454020e+02 2.086315043259758895e+01 8.290498825605808975e+01
1.539657515781090353e+02 2.080053826754035029e+01 8.506856382862136456e+01
1.517079433468407785e+02 2.070091432670510656e+01 8.721213657589539991e+01
1.495023458742205946e+02 2.056491919905564814e+01 8.933545014993022448e+01
1.473486345850941461e+02 2.039324784583748240e+01 9.143834407563855393e+01
1.452462221490175978e+02 2.018673854035631621e+01 9.352087651964492920e+01
1.431990272254017782e+02 1.994361535504476990e+01 9.557940113611968513e+01
1.412110423254146383e+02 1.966202845835065105e+01 9.761021455516041101e+01
1.392821427555112450e+02 1.934283446243901849e+01 9.961274507062290695e+01
1.374129000889470262e+02 1.898733393191432484e+01 1.015852084063106417e+02
1.356034627966943731e+02 1.859678924199244321e+01 1.035263626291605163e+02
1.338533000701842468e+02 1.817237366062284920e+01 1.054358691440990583e+02
1.321613294243226164e+02 1.771516154114980068e+01 1.073141499247099944e+02
1.305265066460142407e+02 1.722621057537110545e+01 1.091615898379088350e+02
1.289477987299597430e+02 1.670655886253939215e+01 1.109785733717901905e+02
1.274230946590401885e+02 1.615945219052157356e+01 1.127670397331684740e+02
1.259491283220592521e+02 1.559046812331011189e+01 1.145306346953829433e+02
1.245248833712396248e+02 1.500055213219436645e+01 1.162698537834000092e+02
1.231495196238098657e+02 1.439029914666994436e+01 1.179849540483970145e+02
1.218221996183592495e+02 1.376030809407123812e+01 1.196762019971298656e+02
1.205420957350014817e+02 1.311116753917647948e+01 1.213438630557896118e+02
1.193083901263113518e+02 1.244345584100101831e+01 1.229882015258849890e+02
1.181202746926382332e+02 1.175774120075204543e+01 1.246094805734517905e+02
1.169769509927780291e+02 1.105458185588894438e+01 1.262079621773644362e+02
1.158776381344935231e+02 1.033452305340283850e+01 1.277839059923243354e+02
1.148204294270308310e+02 9.598556678977482548e+00 1.293377413738969892e+02
1.137923911927414480e+02 8.853405023055941570e+00 1.308738843705670831e+02
1.127864933541695933e+02 8.103112216285346392e+00 1.323954169026563932e+02
1.117978074781049855e+02 7.350182729627389833e+00 1.339050422623964209e+02
1.108177156088837876e+02 6.598909061304626178e+00 1.354075254473129917e+02
1.098456572165645326e+02 5.849548804014084169e+00 1.369031887820030136e+02
1.088815965377936834e+02 5.102097722287759929e+00 1.383920648448516886e+02
1.079254979157313699e+02 4.356551560589306149e+00 1.398741861350782756e+02
1.069773258000359704e+02 3.612906043619209306e+00 1.413495850726310721e+02
1.060370452016784952e+02 2.871156582534907464e+00 1.428182934818229057e+02
1.051041364126767519e+02 2.131612156177908002e+00 1.442808934390040747e+02
1.041777224115689364e+02 1.394996900766612313e+00 1.457384428942351633e+02
1.032589908121497189e+02 6.626381966799075318e-01 1.471903557911880114e+02
1.023482462465333782e+02 -6.510352441815731028e-02 1.486365052824355928e+02
1.014454201181988964e+02 -7.882718246139199803e-01 1.500769582930085448e+02
1.005504434381021639e+02 -1.506910969578386661e+00 1.515117817228025672e+02
9.966324784356584132e+01 -2.221064834475793504e+00 1.529410419088851825e+02
9.878376554853123537e+01 -2.930776935226850899e+00 1.543648046711722941e+02
9.791192934355824207e+01 -3.636090428508879313e+00 1.557831353124276461e+02
9.704767259582538941e+01 -4.337048111755805735e+00 1.571960986182627096e+02
9.619092924912976628e+01 -5.033692423158171003e+00 1.586037588571367110e+02
9.534163382388715036e+01 -5.726065441663121369e+00 1.600061797803567174e+02
9.449972141713186602e+01 -6.414208886974414270e+00 1.614034246220775799e+02
9.366512770114334785e+01 -7.098164120422117307e+00 1.627955561005877598e+02
9.283778891545351541e+01 -7.777972149987596673e+00 1.641826364256577051e+02
9.201764184913179179e+01 -8.453673641429501728e+00 1.655647273147737621e+02
9.120462383482434632e+01 -9.125308922035280546e+00 1.669418899986343376e+02
9.039867274873853376e+01 -9.792917980631132835e+00 1.683141852211642799e+02
8.959972701017184704e+01 -1.045654046787803360e+01 1.696816732399485943e+02
8.880772557831545555e+01 -1.111621569828424327e+01 1.710444138291774721e+02
8.802260794603947147e+01 -1.177198265410959443e+01 1.724024662853522045e+02
8.724431412873245506e+01 -1.242387999238316532e+01 1.737558894375436296e+02
8.647278466323268731e+01 -1.307194604557530049e+01 1.751047416483746133e+02
8.570796060671193572e+01 -1.371621882229931089e+01 1.764490808150490864e+02
8.494978353018883865e+01 -1.435673601139111355e+01 1.777889643753153450e+02
8.419790903200085097e+01 -1.499376019450809672e+01 1.791243262803827463e+02
8.345073139862439859e+01 -1.562854350146873195e+01 1.804545419076798964e+02
8.270745478775199899e+01 -1.626167508698179986e+01 1.817793429317875393e+02
8.196787292467070074e+01 -1.689323074435766969e+01 1.830987766314372891e+02
8.123171332364739783e+01 -1.752301124820121814e+01 1.844133391040213894e+02
8.049878806366420747e+01 -1.815097909137449506e+01 1.857232352538854059e+02
7.976908710710883099e+01 -1.877713882919180932e+01 1.870284802367945076e+02
7.904260043675907355e+01 -1.940149501263441678e+01 1.883290891778774778e+02
7.831931805578020089e+01 -2.002405218834383049e+01 1.896250771716324266e+02
7.759922998772296410e+01 -2.064481489858563279e+01 1.909164592819298889e+02
7.688232627651908047e+01 -2.126378768119833040e+01 1.922032505420222606e+02
7.616859323937353565e+01 -2.188097926164187612e+01 1.934854639323559127e+02
7.545824871262040290e+01 -2.249614190285920756e+01 1.947632190016741731e+02
7.475173873062021812e+01 -2.310877398929637394e+01 1.960367484660490049e+02
7.404927084411743010e+01 -2.371863684859797772e+01 1.973061847469178076e+02
7.335079096704942003e+01 -2.432578046564728780e+01 1.985715488386430252e+02
7.265622090257066645e+01 -2.493028177038649318e+01 1.998328490596737197e+02
7.196555427335819388e+01 -2.553213857936335174e+01 2.010901236447728309e+02
7.127876630093047083e+01 -2.613136900176498401e+01 2.023434032409563770e+02
7.059583235963862080e+01 -2.672799103691349387e+01 2.035927183136446956e+02
6.991506568127785215e+01 -2.732352618337025518e+01 2.048400523062640559e+02
6.923414638123436760e+01 -2.792002969683828084e+01 2.060882833130954737e+02
6.855234629679480918e+01 -2.851812820322081521e+01 2.073383851726159435e+02
6.786913217538929644e+01 -2.911831399843272905e+01 2.085909524458704141e+02
