2.540000000000000000e+02 7.000000000000000000e+00 0.000000000000000000e+00
2.528267676299515188e+02 7.504866617853991784e+00 7.455343900829105586e-01
2.516383779737759312e+02 8.013745164953832045e+00 1.502929007114700344e+00
2.504338140002943760e+02 8.526709591569854751e+00 2.272961110837683929e+00
2.492069300963683247e+02 9.044016840120754352e+00 3.060307246783421142e+00
2.479561985538884414e+02 9.565768552192846386e+00 3.866135625554912192e+00
2.466808115859261932e+02 1.009188111123087594e+01 4.691259242184336209e+00
2.453689186392092552e+02 1.061875365259961868e+01 5.549530614169242426e+00
2.440143444127043324e+02 1.114463798225841629e+01 6.448062329913715196e+00
2.426161333703607568e+02 1.166946594665078685e+01 7.387788571493809187e+00
2.411733065137156302e+02 1.219316678339159488e+01 8.369667209567497324e+00
2.396840124550796531e+02 1.271530742804100456e+01 9.395506484701112271e+00
2.381426009384887266e+02 1.323385354261926317e+01 1.047082034216647983e+01
2.365470406887072272e+02 1.374825266364846676e+01 1.159762302745300921e+01
2.348917566965067749e+02 1.425889359731064410e+01 1.278051356551747197e+01
2.331705554393072646e+02 1.476619240733201543e+01 1.402461157163852690e+01
2.313816737680366771e+02 1.526993719857645004e+01 1.533162679991978550e+01
2.295232971162809292e+02 1.576991115653106768e+01 1.670331774223601329e+01
2.275985156450872751e+02 1.626621305898783021e+01 1.813822050899633709e+01
2.256178680330194481e+02 1.675872653584760386e+01 1.962921819456110839e+01
2.235829105448028145e+02 1.724674130959546758e+01 2.117509489187915506e+01
2.214879335330732317e+02 1.773113619226690219e+01 2.277925238566814414e+01
2.193291673318723554e+02 1.821233171108305271e+01 2.444425150440626382e+01
2.171052473761980934e+02 1.869014570486185889e+01 2.617147747055068052e+01
2.148147338186342381e+02 1.916440351226120242e+01 2.796236718748626870e+01
2.124561703305024594e+02 1.963492326490755246e+01 2.981838057283992782e+01
2.100280718528179023e+02 2.010151866749657756e+01 3.174100689103780937e+01
2.075289241408918031e+02 2.056399892132521856e+01 3.373176522257203658e+01
2.049571832471627886e+02 2.102216863732082075e+01 3.579220499700264213e+01
2.023112037315509610e+02 2.147622698278667741e+01 3.792410539085488352e+01
1.995944633321066419e+02 2.192966727974787489e+01 4.012693408060030720e+01
1.968428814538980873e+02 2.237846471025003581e+01 4.237464827031253378e+01
1.940663381944867183e+02 2.282107137641920858e+01 4.466006494816883787e+01
1.912644394977388345e+02 2.325743561010577665e+01 4.698369134591159479e+01
1.884391844819818402e+02 2.368693814219277272e+01 4.934879618319180850e+01
1.855908132376329149e+02 2.410765264275957520e+01 5.176406955254574171e+01
1.827184742011916114e+02 2.451875181915603363e+01 5.423255944785933025e+01
1.798222212371528315e+02 2.492007984982135937e+01 5.675457801748179065e+01
1.769018659276205767e+02 2.531039144689727038e+01 5.933132990773479065e+01
1.739554765628685686e+02 2.567190467215725747e+01 6.197086655503319008e+01
1.710021123125427778e+02 2.598639518396122128e+01 6.466211118514137013e+01
1.680975605654688252e+02 2.622643281259349024e+01 6.736570046798311751e+01
1.652625184350656582e+02 2.638357170281816977e+01 7.006528319816101202e+01
1.625004596307958309e+02 2.645862233128296737e+01 7.275654926408587642e+01
1.598127237391483106e+02 2.645351808876850086e+01 7.543670981119176133e+01
1.572005346913626909e+02 2.637023253121473232e+01 7.810305807744167339e+01
1.546650016066082003e+02 2.621077674576400796e+01 8.075297058880762791e+01
1.522071194711640203e+02 2.597719907527419281e+01 8.338390670754588996e+01
1.498277196531845732e+02 2.567166006348301011e+01 8.599344650193769724e+01
1.475213733240228748e+02 2.530545598723480438e+01 8.858376257861438319e+01
1.452837861301109683e+02 2.488748112102876320e+01 9.115649705548501913e+01
1.431150882249594360e+02 2.441971902832801788e+01 9.371018355243936071e+01
1.410158925822518654e+02 2.390331409219755443e+01 9.624302189384985695e+01
1.389866507100560113e+02 2.333958406777128758e+01 9.875332171145363702e+01
1.370277438607604097e+02 2.272986608604406200e+01 1.012394467224477523e+02
1.351366152045237357e+02 2.208137164369830430e+01 1.036960111345382103e+02
1.333021645975121032e+02 2.140762161585576351e+01 1.061205266146552333e+02
1.315212296360208484e+02 2.071105526162345356e+01 1.085142706174093803e+02
1.297946381511564198e+02 1.999196702286797489e+01 1.108759017006618564e+02
1.281552276804647477e+02 1.924856081335766689e+01 1.131733476877122087e+02
1.266602211658799888e+02 1.847964593864529093e+01 1.153498868344593973e+02
1.253223900447736270e+02 1.768980633700737926e+01 1.173917791368172061e+02
1.241092161994550764e+02 1.689144508897360808e+01 1.193178525208109733e+02
1.229514072015082888e+02 1.611409876244069750e+01 1.211636074254620610e+02
1.218312116001303451e+02 1.536463570943416990e+01 1.229389956026638799e+02
1.207473225072662473e+02 1.464206329941975149e+01 1.246464961837622809e+02
1.196984596972060331e+02 1.394543186813894842e+01 1.262885112276763948e+02
1.186833868012164288e+02 1.327382428576201612e+01 1.278673604967198116e+02
1.177008707193151480e+02 1.262638834175430702e+01 1.293852255665701136e+02
1.167497712541304509e+02 1.200226311752022745e+01 1.308442776675847767e+02
1.158293791135174757e+02 1.140030668568501504e+01 1.322471487332584843e+02
1.149389086510893776e+02 1.081950226450415187e+01 1.335962300588025755e+02
1.140774484100036972e+02 1.025899780612454038e+01 1.348936039373369624e+02
1.132438827110503183e+02 9.718729061431133687e+00 1.361414171511347888e+02
1.124362600212973291e+02 9.203400612330376873e+00 1.373441711193852655e+02
1.116530656117763982e+02 8.712979167467938879e+00 1.385042380346800428e+02
1.108930854189212880e+02 8.246218849994255251e+00 1.396232717603947435e+02
1.101554991219187229e+02 7.802191457551285403e+00 1.407029990200045404e+02
1.094406823161140352e+02 7.379671560121657592e+00 1.417471925929822305e+02
1.087485985336265202e+02 6.977609201487492641e+00 1.427587299420736713e+02
1.080786798240978186e+02 6.595154162375789220e+00 1.437394018675999234e+02
1.074300733103107746e+02 6.231580773073050139e+00 1.446903683697999554e+02
1.068019049894098629e+02 5.886206914217351205e+00 1.456126471805622771e+02
1.061934165407498938e+02 5.558352093054363507e+00 1.465073673806842862e+02
1.056038581474193876e+02 5.247366549714510775e+00 1.473755814696046684e+02
1.050325077706309855e+02 4.952624632506723579e+00 1.482183029604822764e+02
1.044786711239341486e+02 4.673524775542167831e+00 1.490365064163885336e+02
1.039416979055329051e+02 4.409504540101427672e+00 1.498311075156728407e+02
1.034199895869896011e+02 4.159128431008115356e+00 1.506042024782643693e+02
1.029122307716632463e+02 3.921217483686801231e+00 1.513575234749914671e+02
1.024178906183589959e+02 3.695311605839170177e+00 1.520918159174460129e+02
1.019365101368197628e+02 3.481015806802855828e+00 1.528077325797494268e+02
1.014676456748015738e+02 3.277948326040340810e+00 1.535059044226514970e+02
1.010108690462244851e+02 3.085740745287059106e+00 1.541869404150611729e+02
1.005657660020239632e+02 2.904036669595064790e+00 1.548514297084153384e+02
1.001319359542126080e+02 2.732491489324046174e+00 1.554999420290493219e+02
9.970899184241453383e+01 2.570772265023179681e+00 1.561330278679771766e+02
9.929656011883584199e+01 2.418557714466904152e+00 1.567512185022664823e+02
9.889427958649248751e+01 2.275537210579030578e+00 1.573550276470140261e+02
9.850180082082187027e+01 2.141410282547361543e+00 1.579449522777875075e+02
9.811878611446655896e+01 2.015886568197778228e+00 1.585214727091399709e+02
9.774490942330326959e+01 1.898685767444881822e+00 1.590850526713518036e+02
9.737985579769092226e+01 1.789537151718324060e+00 1.596361401191697666e+02
9.702332047615914234e+01 1.688178782233128894e+00 1.601751685205342710e+02
9.667500883062128025e+01 1.594357462733586139e+00 1.607025569344837947e+02
9.633463626067957364e+01 1.507828648329695653e+00 1.612187101614471771e+02
9.600192806570277071e+01 1.428356335158190049e+00 1.617240189251438665e+02
9.567661846633716038e+01 1.355712216398055281e+00 1.622188612639444329e+02
9.535845042496886492e+01 1.289675527412436074e+00 1.627036027861644811e+02
9.504717556868983763e+01 1.230032979304635177e+00 1.631785967796026284e+02
9.474255417774379850e+01 1.176578748953844844e+00 1.636441842279718060e+02
9.444435448958977020e+01 1.129113878743273958e+00 1.641006948004829269e+02
9.415235227603731971e+01 1.087445911824206357e+00 1.645484474531387491e+02
9.386633082493294467e+01 1.051388876320300536e+00 1.649877504547740443e+02
9.358608088799917368e+01 1.020763240337994482e+00 1.654189014612280459e+02
9.331140028160398003e+01 9.953955676167732802e-01 1.658421880830273381e+02
9.304209340738016465e+01 9.751181040463521299e-01 1.662578885670425848e+02
9.277797120165941180e+01 9.597687340522585986e-01 1.666662718683903393e+02
9.251885108957702641e+01 9.491909410113347212e-01 1.670675977156945464e+02
9.226455664357526132e+01 9.432335126992745788e-01 1.674621170966767920e+02
9.201491718904183870e+01 9.417502011415109786e-01 1.678500728189193012e+02
9.176976776161642135e+01 9.445996857891438836e-01 1.682316995705712372e+02
9.152894906879279802e+01 9.516455404011679997e-01 1.686072239749531150e+02
9.129230715318078637e+01 9.627559425973547524e-01 1.689768650693763448e+02
