2.540000000000000000e+02 7.000000000000000000e+00 0.000000000000000000e+00
2.527770142934520550e+02 7.494980240064451849e+00 7.454686914231811734e-01
2.515386047962745408e+02 7.994263090686301254e+00 1.503069980538643158e+00
2.502844646789498029e+02 8.497910285961213006e+00 2.273043589108442397e+00
2.490091552756319970e+02 9.006369669272622502e+00 3.059598727575725263e+00
2.477092065406953054e+02 9.519950875598899742e+00 3.865423956910873038e+00
2.463819615976373996e+02 1.003806225845911548e+01 4.693537783029349875e+00
2.450138231585126505e+02 1.055686085484027004e+01 5.560054863553765436e+00
2.436017088311591579e+02 1.107570301428708781e+01 6.468445065342891986e+00
2.421445375452693440e+02 1.159455477204990181e+01 7.419770872488783198e+00
2.406397061211465882e+02 1.211277850397260458e+01 8.416593050099294260e+00
2.390815270328155577e+02 1.262850721697733469e+01 9.464513402511705920e+00
2.374679437213371216e+02 1.314158983430678873e+01 1.056547317857847013e+01
2.357917963495429206e+02 1.365269439401476248e+01 1.172534943821257869e+01
2.340485074559784664e+02 1.416206712497817044e+01 1.294806078374021752e+01
2.322362077687910471e+02 1.466954111922499671e+01 1.423544514038971087e+01
2.303528750703338801e+02 1.517495931076753379e+01 1.558946981089901840e+01
2.283990701310879672e+02 1.567820592766552146e+01 1.701035918541118619e+01
2.263862291621674672e+02 1.617928955129941215e+01 1.849082523219891883e+01
2.243170011042925864e+02 1.667699056568815763e+01 2.002843267134501204e+01
2.221906310862226235e+02 1.717094091625834196e+01 2.162381770490798161e+01
2.200020336322215826e+02 1.766190147476907413e+01 2.328016745002099697e+01
2.177471243781719181e+02 1.815035708946314585e+01 2.500024020130351943e+01
2.154235771250359619e+02 1.863634847323907096e+01 2.678596613893045131e+01
2.130300167099694875e+02 1.911967027153525223e+01 2.863883617479361021e+01
2.105648430785905987e+02 1.960016224535771556e+01 3.056046410910142441e+01
2.080263785546938209e+02 2.007767018922638869e+01 3.255252053512818122e+01
2.054129269477121795e+02 2.055203135848780960e+01 3.461670439423919987e+01
2.027223439240019331e+02 2.102496451921825482e+01 3.675567691083366384e+01
1.999565121940362076e+02 2.149973570463802020e+01 3.896987118798410421e+01
1.971534030347816895e+02 2.197056757915676428e+01 4.123149014251008992e+01
1.943237381308610168e+02 2.243573752655573728e+01 4.353279747144362233e+01
1.914673805768211139e+02 2.289515396279607273e+01 4.587412927701702614e+01
1.885849377088671588e+02 2.334851882508380427e+01 4.825680473395546954e+01
1.856794250924018570e+02 2.379477995098053711e+01 5.068667020571052007e+01
1.827511430038949527e+02 2.423340090504905930e+01 5.316609334857184876e+01
1.797981039457384327e+02 2.466305131896848124e+01 5.570021244577180397e+01
1.768195999970481580e+02 2.508311279047311615e+01 5.829128696340107041e+01
1.738152380438841362e+02 2.549125516944618042e+01 6.094127842113066151e+01
1.707816945785386622e+02 2.587180402164301185e+01 6.365925814912434788e+01
1.677392800344211707e+02 2.620178121097368518e+01 6.643123084057907590e+01
1.647485693638736279e+02 2.645383298460876276e+01 6.921805327931268437e+01
1.618298977275554194e+02 2.662000218096558868e+01 7.200383429997000917e+01
1.589862042911786659e+02 2.670146393176487365e+01 7.478454475767377119e+01
1.562190236033517579e+02 2.670011379636461513e+01 7.755713521116172160e+01
1.535297336144975020e+02 2.661791352489547791e+01 8.031866122350361081e+01
1.509195736708009008e+02 2.645688199760003556e+01 8.306627134826388215e+01
1.483896867692239994e+02 2.621906323725418986e+01 8.579718136638092574e+01
1.459394285460309391e+02 2.590893810598422675e+01 8.850982936090430542e+01
1.435601106795661224e+02 2.554207646555698474e+01 9.120833084869089191e+01
1.412509608938418353e+02 2.512199329461707364e+01 9.389170952833931949e+01
1.390126759468980993e+02 2.464996743897178888e+01 9.655800909593101267e+01
1.368458813723645733e+02 2.412729876510724480e+01 9.920532157797826756e+01
1.347511178217062593e+02 2.355540945163504674e+01 1.018316697671607329e+02
1.327246574004874731e+02 2.294373686525998934e+01 1.044299656892606265e+02
1.307561266925891914e+02 2.230509914690205520e+01 1.069972548194394335e+02
1.288419024762519598e+02 2.164193448156509447e+01 1.095354040664577440e+02
1.269817705151333342e+02 2.095496065657120610e+01 1.120439613968780606e+02
1.252052041997440028e+02 2.024375535980848539e+01 1.144938984732921199e+02
1.235643806313005797e+02 1.950716870278437653e+01 1.168337867757315394e+02
1.220919142703663454e+02 1.874708127152176118e+01 1.190308701725027163e+02
1.207796474480870756e+02 1.796705898987391947e+01 1.210903756971347889e+02
1.195759836852858626e+02 1.718669691583248138e+01 1.230410000333322529e+02
1.184219140970517543e+02 1.643136047512241404e+01 1.249123587337473396e+02
1.173062134148832598e+02 1.570466075393044925e+01 1.267115359124000662e+02
1.162274827725981368e+02 1.500555249128267654e+01 1.284411659058449402e+02
1.151843749729328721e+02 1.433302951797917579e+01 1.301037851778406775e+02
1.141755899376268246e+02 1.368612085633940723e+01 1.317018414773279176e+02
1.131998726564056028e+02 1.306389224099006441e+01 1.332376913063260702e+02
1.122560531706885882e+02 1.246541295080925593e+01 1.347136566539342937e+02
1.113433757016153862e+02 1.188947121178547661e+01 1.361324864883524981e+02
1.104608996689879774e+02 1.133585716626934570e+01 1.374972225527828016e+02
1.096062846963714463e+02 1.080967919216601381e+01 1.388127761271707641e+02
1.087781216605608563e+02 1.031121989930953653e+01 1.400817740449720645e+02
1.079753261949124550e+02 9.839384448469003175e+00 1.413060979024578785e+02
1.071967415637941770e+02 9.392981049912489055e+00 1.424875581107754670e+02
1.064410148233830711e+02 8.970574964737476620e+00 1.436278875980744090e+02
1.057070966000843413e+02 8.571204558069098312e+00 1.447285711675699815e+02
1.049941496584306435e+02 8.193966353625610211e+00 1.457912578023735364e+02
1.043028643402977593e+02 7.837532632027604862e+00 1.468202871354856143e+02
1.036332395334539456e+02 7.500840344460980802e+00 1.478185864994048586e+02
1.029843948250406243e+02 7.183145529512315441e+00 1.487873309145427356e+02
1.023555092141236855e+02 6.883724305553043266e+00 1.497276979213418997e+02
1.017458006669578765e+02 6.601879084984837220e+00 1.506408318409094989e+02
1.011545079904671525e+02 6.336941561344519691e+00 1.515278173084128923e+02
1.005808998749849223e+02 6.088269741988808548e+00 1.523896963873524442e+02
1.000242737710746184e+02 5.855246959276181329e+00 1.532274701696553905e+02
9.948404395088054741e+01 5.637360859708916649e+00 1.540419876531812520e+02
9.895881728184232884e+01 5.433374874800060539e+00 1.548351162269369752e+02
9.844712013315768218e+01 5.241979125845272591e+00 1.556088161113336241e+02
9.794830543051885741e+01 5.062603599076367367e+00 1.563639920054587265e+02
9.746190497540167996e+01 4.894838325160065118e+00 1.571013188989970786e+02
9.698747419568566386e+01 4.738294229618002618e+00 1.578214389291065913e+02
9.652458361285552257e+01 4.592595514561161885e+00 1.585249724392366488e+02
9.607281864257225834e+01 4.457379483340522697e+00 1.592125182670901040e+02
9.563177970575722497e+01 4.332296638222136842e+00 1.598846535842311312e+02
9.520108088693316972e+01 4.217009500704960168e+00 1.605419358333541595e+02
9.478034920668189045e+01 4.111191971813145329e+00 1.611849037788169881e+02
9.436922457480629589e+01 4.014529290913803727e+00 1.618140775742720905e+02
9.396735971351948535e+01 3.926717968186846264e+00 1.624299588735748898e+02
9.357441971297897965e+01 3.847465393817740331e+00 1.630330314725700305e+02
9.319008080061057342e+01 3.776488755905059946e+00 1.636237630861141099e+02
9.281403023915358119e+01 3.713514950815597349e+00 1.642026054952929144e+02
9.244596619838090135e+01 3.658280470395588235e+00 1.647699947326510994e+02
9.208559779498139619e+01 3.610531437042721947e+00 1.653263510246040937e+02
9.173264403974307868e+01 3.570022678000405403e+00 1.658720803116452487e+02
9.138683334906296807e+01 3.536517295848601083e+00 1.664075749536973206e+02
9.104790351031752493e+01 3.509786638056056507e+00 1.669332137801151816e+02
9.071560162091445534e+01 3.489610243398533651e+00 1.674493621776945247e+02
9.038968381646158434e+01 3.475775602946947096e+00 1.679563724831776312e+02
9.006991432060070224e+01 3.468077324628735525e+00 1.684545853552404822e+02
8.975606535800250185e+01 3.466317056728452251e+00 1.689443299001235630e+02
8.944791706792882735e+01 3.470303411890645062e+00 1.694259237964435272e+02
8.914525755285737318e+01 3.479852009878731334e+00 1.698996732249803472e+02
8.884788220972771455e+01 3.494784889569904518e+00 1.703658738343233381e+02
8.855559322312649329e+01 3.514930063340637734e+00 1.708248114726815174e+02
8.826819955621999725e+01 3.540121509094453334e+00 1.712767622009771173e+02
8.798551684872943213e+01 3.570199080563807303e+00 1.717219924401645130e+02
8.770736747837854352e+01 3.605008561338824080e+00 1.721607588825027051e+02
8.743357975411763050e+01 3.644400955515513907e+00 1.725933096564959328e+02
8.716398770976256571e+01 3.688232306256349791e+00 1.730198846248673874e+02
8.689843108663656324e+01 3.736363680529268372e+00 1.734407154096224133e+02
8.663675526384436409e+01 3.788661107809963458e+00 1.738560254927338917e+02
8.637881127277920257e+01 3.844995592836599307e+00 1.742660301951895008e+02
