2.540000000000000000e+02 7.000000000000000000e+00 0.000000000000000000e+00
2.528780182872038722e+02 7.436256434057685993e+00 6.449577979330998190e-01
2.517420865246697019e+02 7.876191686265363145e+00 1.300751563469136896e+00
2.505920396192532564e+02 8.319851646926261779e+00 1.967509239037459334e+00
2.494277104613433949e+02 8.767282766018929863e+00 2.645360327332483497e+00
2.482489299119110058e+02 9.218532056790847307e+00 3.334435901335617292e+00
2.470548254359132159e+02 9.673702241096689747e+00 4.035414369222683817e+00
2.458393862632953812e+02 1.013330446320634692e+01 4.752972908933434049e+00
2.446009047048784169e+02 1.059751946152773350e+01 5.488441156521730591e+00
2.433382986072718666e+02 1.106620751719401774e+01 6.242959895891629252e+00
2.420399714825885553e+02 1.153597183187708275e+01 7.030317080251249351e+00
2.407008285019607285e+02 1.200549745157295334e+01 7.856427362396495973e+00
2.393198542525089465e+02 1.247475653180221045e+01 8.722279830503302023e+00
2.378958612885566595e+02 1.294366074317050419e+01 9.629035775948423748e+00
2.364243346059256510e+02 1.341074395802115049e+01 1.058113123019377610e+01
2.349017727321855773e+02 1.387497973350976999e+01 1.158201121681851120e+01
2.333268466997953965e+02 1.433625142227104554e+01 1.263298925242830961e+01
2.316930911471593220e+02 1.479507771024087504e+01 1.373933999962064334e+01
2.299957434910636209e+02 1.525170758829815298e+01 1.490507695439821312e+01
2.282329326799888634e+02 1.570598766207474029e+01 1.613201716624048387e+01
2.264026093256799754e+02 1.615777656110783056e+01 1.742213182400388050e+01
2.245060437938030020e+02 1.660655527466274961e+01 1.877475169136883082e+01
2.225554287629697399e+02 1.705117374286338006e+01 2.018102248042102786e+01
2.205528516149084908e+02 1.749148721006264395e+01 2.163994970161744646e+01
2.184972120320336728e+02 1.792732338207533260e+01 2.315269129989773589e+01
2.163874233791971164e+02 1.835851276917181352e+01 2.472041058773874767e+01
2.142203498254634155e+02 1.878534754774489812e+01 2.634526100148612215e+01
2.119905154121325097e+02 1.920862661382780701e+01 2.803056175687115825e+01
2.096954159959347521e+02 1.962843658413753900e+01 2.977826440800752650e+01
2.073337277906199461e+02 2.004440871953605097e+01 3.158972025063951961e+01
2.049032193895612863e+02 2.045930909666065034e+01 3.346785107279613669e+01
2.024014591628052813e+02 2.087561895076150975e+01 3.541567535642587927e+01
1.998255641425123486e+02 2.129345330363059219e+01 3.743575963245996974e+01
1.971882634401654002e+02 2.171082424298158031e+01 3.951932604527619475e+01
1.945234799340521192e+02 2.212306307430656460e+01 4.164209401728248139e+01
1.918349522057000058e+02 2.252939055260159051e+01 4.380135961936306899e+01
1.891226986206723950e+02 2.292970815063684498e+01 4.599731311924407606e+01
1.863867752261662645e+02 2.332390251407646886e+01 4.823017587297115938e+01
1.836275420873645601e+02 2.371175239223535414e+01 5.050073478220163992e+01
1.808478781478148392e+02 2.409213660642897281e+01 5.281452896320915613e+01
1.780478610079553903e+02 2.446408889301253353e+01 5.517537946143605865e+01
1.752260098316194217e+02 2.482634290899721208e+01 5.758771244769705788e+01
1.723821254545970305e+02 2.517867430143870067e+01 6.005270473146757837e+01
1.695137164032580870e+02 2.551411046879335132e+01 6.257390853969763356e+01
1.666196625264839497e+02 2.581530994995419093e+01 6.515514010452081095e+01
1.637564709150705085e+02 2.605089621885263185e+01 6.776354301609956110e+01
1.609583320911706323e+02 2.620645013819111924e+01 7.037587732153916420e+01
1.582341428998479103e+02 2.628003810565904175e+01 7.298415867963966264e+01
1.555850705618340157e+02 2.627369658899710458e+01 7.558561481428590412e+01
1.530122854182365302e+02 2.618944120011846266e+01 7.817747115235009403e+01
1.505168410959514347e+02 2.602932564456225961e+01 8.075703418101068110e+01
1.480996761614895263e+02 2.579543862495145135e+01 8.332169239112009507e+01
1.457588715833021240e+02 2.549371204140817682e+01 8.587067809703232513e+01
1.434863783004746267e+02 2.513807890789595234e+01 8.840739573766877868e+01
1.412815025229828052e+02 2.473172088699309157e+01 9.093079564823619876e+01
1.391447666060087727e+02 2.427599539160799580e+01 9.343908554108158171e+01
1.370767712566185708e+02 2.377207588829139695e+01 9.593042503642871566e+01
1.350772302669894600e+02 2.322161173095755515e+01 9.840359882607717168e+01
1.331438601283070398e+02 2.262689576333053409e+01 1.008590800874740836e+02
1.312700091226927270e+02 2.199871169559482098e+01 1.032917070657465217e+02
1.294489783446522893e+02 2.134761830873970467e+01 1.056965011890923023e+02
1.276806531708606656e+02 2.067443941508650340e+01 1.080727731461791592e+02
1.259652170368500350e+02 1.997983896112384272e+01 1.104197171125364463e+02
1.243357194533696486e+02 1.926372333457207020e+01 1.127052129819162616e+02
1.228323390695568520e+02 1.852624479876983798e+01 1.148898558852534109e+02
1.214858622978608338e+02 1.776985624534932739e+01 1.169434116102830359e+02
1.202713642311262561e+02 1.700545305928413597e+01 1.188783281295821581e+02
1.191309997959751144e+02 1.625586278812885865e+01 1.207242949055515311e+02
1.180300026864454850e+02 1.553571801001729646e+01 1.224978898465497252e+02
1.169663044778969834e+02 1.484419413742601002e+01 1.242020554254113875e+02
1.159385037220536816e+02 1.418021600002202121e+01 1.258393983451723699e+02
1.149452501872667796e+02 1.354274771926718479e+01 1.274124300480242340e+02
1.139852430652450721e+02 1.293079133267815628e+01 1.289235700507221907e+02
1.130573331483426927e+02 1.234329522008683000e+01 1.303752859041085514e+02
1.121608922611513464e+02 1.177882607412177585e+01 1.317705934903379728e+02
1.112948993107186197e+02 1.123639013429415989e+01 1.331118011875551872e+02
1.104577565746906060e+02 1.071716340809485857e+01 1.344018356026440699e+02
1.096470826523880646e+02 1.022571666652371114e+01 1.356452550207097261e+02
1.088615894038493934e+02 9.761707162430928619e+00 1.368443503361694695e+02
1.081001838477616985e+02 9.323878511286437742e+00 1.380009242325470211e+02
1.073615530477568996e+02 8.910818652008554608e+00 1.391167437752735623e+02
1.066445942101411646e+02 8.521348480420520843e+00 1.401934783675106644e+02
1.059484044876247282e+02 8.154543053910053629e+00 1.412327045241205496e+02
1.052725655370947635e+02 7.809345465675516351e+00 1.422367846039874735e+02
1.046175222350048273e+02 7.484454086589985344e+00 1.432095406263126733e+02
1.039831103319839229e+02 7.178834546856711185e+00 1.441535257255205522e+02
1.033684122998570274e+02 6.891768314528235351e+00 1.450697604396601719e+02
1.027725212410218347e+02 6.622573762927413732e+00 1.459591777525326961e+02
1.021947084351981090e+02 6.370545967769677631e+00 1.468229389570351202e+02
1.016342373142798579e+02 6.135020339395499178e+00 1.476620928650246469e+02
1.010904483462472854e+02 5.915401770516626634e+00 1.484775864607524056e+02
1.005624476763823338e+02 5.710884499239952561e+00 1.492706578683183523e+02
1.000484316899267156e+02 5.519844371148141526e+00 1.500436845735925999e+02
9.954746002379684455e+01 5.341434039451835147e+00 1.507979449143429918e+02
9.905904317306999474e+01 5.175211935366900384e+00 1.515341437604566011e+02
9.858271573007817778e+01 5.020758299721877371e+00 1.522529526359879526e+02
9.811803315504347722e+01 4.877672270583048864e+00 1.529550137410429897e+02
9.766456672450389931e+01 4.745567336906972855e+00 1.536409464344981757e+02
9.722190348042208541e+01 4.624071292388713950e+00 1.543113473074949695e+02
9.678964453476125129e+01 4.512824697885460701e+00 1.549667926319641253e+02
9.636740485449450944e+01 4.411480686441605847e+00 1.556078386711140240e+02
9.595481311836155669e+01 4.319704833387552512e+00 1.562350218863016948e+02
9.555151173742785886e+01 4.237175174990737148e+00 1.568488589073436970e+02
9.515715557202909736e+01 4.163581044857546765e+00 1.574498483854967219e+02
9.477141128026680406e+01 4.098622483091067359e+00 1.580384719343586539e+02
9.439395727020067284e+01 4.042010192936407620e+00 1.586151941989119791e+02
9.402448363825578781e+01 3.993465484931809861e+00 1.591804629444769432e+02
9.366269172728867431e+01 3.952719876123240716e+00 1.597347096949501974e+02
9.330829299933603238e+01 3.919514067776369348e+00 1.602783513607769521e+02
9.296100895059664992e+01 3.893597868275231910e+00 1.608117903617344950e+02
9.262057098492633145e+01 3.874730078405151268e+00 1.613354148096289578e+02
9.228672046875627188e+01 3.862678541160563306e+00 1.618495984289851322e+02
9.195920771589513265e+01 3.857219221081971128e+00 1.623547020231904980e+02
9.163779155492453299e+01 3.858135811938669057e+00 1.628510740992617514e+02
9.132223929646671934e+01 3.865219707046374076e+00 1.633390509151163030e+02
9.101232667717606262e+01 3.878269948484295071e+00 1.638189565604624818e+02
9.070783764130045768e+01 3.897093028998940945e+00 1.642911032722651612e+02
9.040856342150361513e+01 3.921502058431475035e+00 1.647557927622218301e+02
9.011430245002510731e+01 3.951316683152824361e+00 1.652133163450646407e+02
8.982486028426238533e+01 3.986363018581554840e+00 1.656639550460353121e+02
8.954004965808660188e+01 4.026473695729223756e+00 1.661079795267752388e+02
8.925968996430950142e+01 4.071487391867791850e+00 1.665456508327463325e+02
8.898360665953629223e+01 4.121248290819506721e+00 1.669772212527415434e+02
8.871163125411757733e+01 4.175606073845059107e+00 1.674029343333964448e+02
