2.540000000000000000e+02 7.000000000000000000e+00 0.000000000000000000e+00
2.528102945143823206e+02 7.549227252429544066e+00 7.425402434754940773e-01
2.516032429440839735e+02 8.102731263299725484e+00 1.498359106730912327e+00
2.503786525340330229e+02 8.660559088080121981e+00 2.267604885378912360e+00
2.491363014030798979e+02 9.222760220107216966e+00 3.050448474513071329e+00
2.478710405022464442e+02 9.789736024436619388e+00 3.850886563555757647e+00
2.465781628109693600e+02 1.036186366940472681e+01 4.672572987446235615e+00
2.452508642223270385e+02 1.093732755224732855e+01 5.523481929457810580e+00
2.438762734622279424e+02 1.151254105110902692e+01 6.418834826140540351e+00
2.424529461256090315e+02 1.208736616926751140e+01 7.360095655710762408e+00
2.409796691150621939e+02 1.266174116156891927e+01 8.348443935612765543e+00
2.394551482513206793e+02 1.323558188606370756e+01 9.385139436661127377e+00
2.378744387710362673e+02 1.380736458903210817e+01 1.047508350871592420e+01
2.362320162975348694e+02 1.437593792378408430e+01 1.162356947688710385e+01
2.345214874954794482e+02 1.494159917670141979e+01 1.283563876550960359e+01
2.327405250341708154e+02 1.550393680775830241e+01 1.411290839960896371e+01
2.308873816298337260e+02 1.606270667890489534e+01 1.545710666563708635e+01
2.289601109354898369e+02 1.661767401408428313e+01 1.687011292351127167e+01
2.269564618513777532e+02 1.716859210698913785e+01 1.835403182733221783e+01
2.248791640795986950e+02 1.771534597489025487e+01 1.990761177567977569e+01
2.227396276413906833e+02 1.825807561279306768e+01 2.152368636088997178e+01
2.205386658502685009e+02 1.879664782947433821e+01 2.320221299770649992e+01
2.182749727893179852e+02 1.933086914675996226e+01 2.494458875405461029e+01
2.159472280659124408e+02 1.986054195576738834e+01 2.675223062040507571e+01
2.135534536586224874e+02 2.038562568481287940e+01 2.862689791660796601e+01
2.110865615758492027e+02 2.090735749978669844e+01 3.057293506664102978e+01
2.085422482296442581e+02 2.142658855090144243e+01 3.259352104381193271e+01
2.059177118182710444e+02 2.194764729072487697e+01 3.469263172837612785e+01
2.032084910966086682e+02 2.247155081882669947e+01 3.687389749310301568e+01
2.004520814740415346e+02 2.299296704696002891e+01 3.911079863046393967e+01
1.976672909043819004e+02 2.350853080572654719e+01 4.138927873417340919e+01
1.948532671035662247e+02 2.401802181761618726e+01 4.370997186412415658e+01
1.920100202147606581e+02 2.452130386025225306e+01 4.607311239178945073e+01
1.891375728700879506e+02 2.501824068955981417e+01 4.847892820254868695e+01
1.862359511760664930e+02 2.550869530989796274e+01 5.092764458541400785e+01
1.833061547195842707e+02 2.599212333716588219e+01 5.342139006456277173e+01
1.803510586916464717e+02 2.646698888639858183e+01 5.596658898986220976e+01
1.773633201456222537e+02 2.692782948875581184e+01 5.856861428265670355e+01
1.743390850594869050e+02 2.737162073368089210e+01 6.122770965706905599e+01
1.712786031128395905e+02 2.779267656857616942e+01 6.394825762721396956e+01
1.681898116760963831e+02 2.817224658930195957e+01 6.673574581846982312e+01
1.651373089494725832e+02 2.847570062263528001e+01 6.955164650518608482e+01
1.621549124633038161e+02 2.868877736662938815e+01 7.237187505743339955e+01
1.592497540637754128e+02 2.881064744035278835e+01 7.518934289945126181e+01
1.564234168786007899e+02 2.884343717209314661e+01 7.800078896142942142e+01
1.536773547557683059e+02 2.878932478157988228e+01 8.080303699082179492e+01
1.510128899832283196e+02 2.865053482422169040e+01 8.359300289121999583e+01
1.484312135539202870e+02 2.842933795032609368e+01 8.636769465496348630e+01
1.459330385868484825e+02 2.812855631007566970e+01 8.912444438693044901e+01
1.435095025332136913e+02 2.776446861015203638e+01 9.186715006787665061e+01
1.411572363318731220e+02 2.734418298415619475e+01 9.459644070017662898e+01
1.388745237683411631e+02 2.687017681665003010e+01 9.731202882988544900e+01
1.366611725262334573e+02 2.634417437231602221e+01 1.000125671158281619e+02
1.345178260551688822e+02 2.576738599168187349e+01 1.026962589864216966e+02
1.324381204666951533e+02 2.515110950072520879e+01 1.053574209007450833e+02
1.304140524324797070e+02 2.450831627756715747e+01 1.079901635753966644e+02
1.284455100405089922e+02 2.384002789587052362e+01 1.105936038145708977e+02
1.265512217317144632e+02 2.314635516466771037e+01 1.131490567659104300e+02
1.247871647181553953e+02 2.242663172078151135e+01 1.156015845886306010e+02
1.231528742368775085e+02 2.168243355292781516e+01 1.179500100546629398e+02
1.216714509432694058e+02 2.091509438688605016e+01 1.201710934877991122e+02
1.203434751438107213e+02 2.013282998888426079e+01 1.222571219552985298e+02
1.191123426879136957e+02 1.935763961245349662e+01 1.242392716681514315e+02
1.179303888142252532e+02 1.861015357594389030e+01 1.261413672992207182e+02
1.167875866939726706e+02 1.789327241109562294e+01 1.279700395228404517e+02
1.156824562482122474e+02 1.720584777118748221e+01 1.297280475088032290e+02
1.146135795960638291e+02 1.654677177743389649e+01 1.314180431556221720e+02
1.135795922642449227e+02 1.591497827726317382e+01 1.330425784827717735e+02
1.125794519203213184e+02 1.530918996608113680e+01 1.346044788525855438e+02
1.116125844355324404e+02 1.472788634698945387e+01 1.361066136151528667e+02
1.106781836539167898e+02 1.417003641985078488e+01 1.375505473627555659e+02
1.097750952698492739e+02 1.363467800125225438e+01 1.389383272253449491e+02
1.089011248334853832e+02 1.312546394500648717e+01 1.402741709096281113e+02
1.080541217365968549e+02 1.264561689413255863e+01 1.415621774895679152e+02
1.072328359044238226e+02 1.219384853496574728e+01 1.428043668111830016e+02
1.064359372003122104e+02 1.176846895756476385e+01 1.440030244057334983e+02
1.056642931566534713e+02 1.136763834176706744e+01 1.451635601164770151e+02
1.049174462410412616e+02 1.099015329628089255e+01 1.462886456819681200e+02
1.041943793642484337e+02 1.063509673500613140e+01 1.473797398119750142e+02
1.034941179456262859e+02 1.030159002371442867e+01 1.484382402645782690e+02
1.028157251688249403e+02 9.988788689503445895e+00 1.494654906489528514e+02
1.021583011455385162e+02 9.695881664519722776e+00 1.504627816244668281e+02
1.015209829784248257e+02 9.422091342869416408e+00 1.514313508104633286e+02
1.009029427073633229e+02 9.166671723300190422e+00 1.523723857311030940e+02
1.003030331027065216e+02 8.928587590014355868e+00 1.532874746539042405e+02
9.971930034571721535e+01 8.706072860180197992e+00 1.541792211258974135e+02
9.915071671552803423e+01 8.498199923462875560e+00 1.550490402219798796e+02
9.859656599531871279e+01 8.304323222321171372e+00 1.558979455865672605e+02
9.805636776528621112e+01 8.124010697832357408e+00 1.567266460758925462e+02
9.752962448892027680e+01 7.956814820022908741e+00 1.575358693886339552e+02
9.701582687572859243e+01 7.802277415819909301e+00 1.583263547503798918e+02
9.651449331654050923e+01 7.659965375627050932e+00 1.590988029760186180e+02
9.602515885417466279e+01 7.529460669992690036e+00 1.598538906595847777e+02
9.554737511745086920e+01 7.410360289888028973e+00 1.605922702702456206e+02
9.508071022349109569e+01 7.302276158301578057e+00 1.613145702944122775e+02
9.462474850378627877e+01 7.204834882303891241e+00 1.620213956342009851e+02
9.417908838333913479e+01 7.117675833531245111e+00 1.627133306923986709e+02
9.374334214448420255e+01 7.040450934428900354e+00 1.633909397160078072e+02
9.331713587975484359e+01 6.972824615594516828e+00 1.640547668648046340e+02
9.290010938794422657e+01 6.914473721726245081e+00 1.647053363625316820e+02
9.249191602241478449e+01 6.865087374326997782e+00 1.653431527175408178e+02
9.209222089694364399e+01 6.824365347890681832e+00 1.659687033325477898e+02
9.170070065686313399e+01 6.792017862773407799e+00 1.665824588375272413e+02
9.131704344598919931e+01 6.767765555263301813e+00 1.671848731378185278e+02
9.094094880226964506e+01 6.751339383155731788e+00 1.677763835659167455e+02
9.057212759133585678e+01 6.742480565609111132e+00 1.683574109781262393e+02
9.021030049485463564e+01 6.740939215030681275e+00 1.689283619533847798e+02
8.985519779048290445e+01 6.746474137927516601e+00 1.694896291133391060e+02
8.950655932854608920e+01 6.758852813800741544e+00 1.700415911562683107e+02
8.916413442771955999e+01 6.777851300752216090e+00 1.705846130088252437e+02
8.882768188175661805e+01 6.803254241569012706e+00 1.711190458162512016e+02
8.849696867813379697e+01 6.834853704051638168e+00 1.716452288062183698e+02
8.817176978395539777e+01 6.872448987252964159e+00 1.721634896002510686e+02
8.785186813022255592e+01 6.915846607241839195e+00 1.726741442366079013e+02
8.753705448008005874e+01 6.964860177882550296e+00 1.731774973619306479e+02
8.722712759632297264e+01 7.019310562429161848e+00 1.736738419875902935e+02
8.692189309281609155e+01 7.079024834035563707e+00 1.741634611604002600e+02
8.662116318039332441e+01 7.143836045792713030e+00 1.746466283322291986e+02
8.632475666685782301e+01 7.213583230728636941e+00 1.751236073600009036e+02
8.603249881937260568e+01 7.288111277285118206e+00 1.755946527058637514e+02
8.574422160918639690e+01 7.367271150808165636e+00 1.760600090812058340e+02
8.545976292814532371e+01 7.450919184475778501e+00 1.765199125863223628e+02
8.517896607532350117e+01 7.538916614707186881e+00 1.769745914571513765e+02
8.490167975695909774e+01 7.631129581104570292e+00 1.774242660653687267e+02
