2.540000000000000000e+02 7.000000000000000000e+00 0.000000000000000000e+00
2.528944352035686052e+02 7.509436429830389059e+00 6.922054673297960425e-01
2.517722979687385134e+02 8.022821578030008283e+00 1.396956568316038982e+00
2.506334009338204964e+02 8.540199487027798853e+00 2.114395429002343896e+00
2.494775546284137988e+02 9.061614694749513532e+00 2.844665775135177377e+00
2.483021760276810426e+02 9.587289246384285590e+00 3.589773941563270121e+00
2.471007603157348456e+02 1.011774085985769034e+01 4.354777783189065943e+00
2.458718250797420524e+02 1.065284167047016517e+01 5.141150837555169772e+00
2.446024790677648184e+02 1.118895805458074655e+01 5.964303498058469266e+00
2.432872975372481221e+02 1.172474893955072872e+01 6.830538152037878952e+00
2.419251106158349955e+02 1.226016200672497725e+01 7.740984981109146013e+00
2.405147190219463198e+02 1.279514348126337353e+01 8.696802676214643313e+00
2.390548985814215541e+02 1.332964000720735775e+01 9.699173875945609424e+00
2.375427114822834085e+02 1.386292388259231956e+01 1.075100808492122084e+01
2.359721456263945356e+02 1.439306570835087307e+01 1.185831634122714640e+01
2.343419096857764714e+02 1.491971023529936602e+01 1.302235095554604705e+01
2.326513481272004640e+02 1.544234949608321195e+01 1.424339377878721180e+01
2.308927188025945441e+02 1.596158575377939570e+01 1.552773562944023489e+01
2.290632764774979080e+02 1.647732243096739424e+01 1.687786003954100877e+01
2.271610058214387493e+02 1.698934249997447310e+01 1.829569306260415118e+01
2.251859958568030038e+02 1.749745572083673295e+01 1.978175333844984962e+01
2.231502151728779779e+02 1.800166677362260259e+01 2.132849868504523272e+01
2.210561488202646103e+02 1.850185544698562978e+01 2.293474136827061471e+01
2.189025655509098556e+02 1.899784372397679277e+01 2.460180722536581399e+01
2.166881972748798262e+02 1.948944933923292311e+01 2.633105687811492501e+01
2.144117695962121672e+02 1.997641045854534525e+01 2.812384284723745154e+01
2.120713899618156688e+02 2.046088770839316240e+01 2.998267387580349919e+01
2.096635723335527359e+02 2.094778248769445739e+01 3.191185027263695062e+01
2.071796357643726481e+02 2.143766421088746910e+01 3.391633972665739094e+01
2.046165489844393903e+02 2.193063429519988716e+01 3.599873217342318554e+01
2.019803297812157439e+02 2.242540293327536460e+01 3.815507829485650149e+01
1.993104564184279752e+02 2.291533733228698821e+01 4.035613838464338698e+01
1.966127975652092630e+02 2.339935418396573041e+01 4.259774649367539467e+01
1.938873730287586739e+02 2.387732452290425300e+01 4.488012132686771594e+01
1.911342058204215562e+02 2.434911864963968142e+01 4.720347956913671794e+01
1.883533223601540953e+02 2.481460610805412514e+01 4.956803571203717951e+01
1.855452065762127631e+02 2.527361381175610333e+01 5.197464329011367568e+01
1.827100767965442571e+02 2.572312001402541171e+01 5.442804653233370971e+01
1.798446261505286259e+02 2.615937330622638868e+01 5.692909597129120414e+01
1.769471287277096678e+02 2.658070726931775596e+01 5.948011907388765707e+01
1.740159072691764379e+02 2.698525274976748989e+01 6.208525751445830565e+01
1.710510869250010444e+02 2.736552496072651053e+01 6.475086278967911824e+01
1.680790619022328372e+02 2.769851773404120365e+01 6.746933264046442957e+01
1.651607189196407148e+02 2.795057678202836016e+01 7.020454751306135677e+01
1.623171944637611261e+02 2.811280005874609955e+01 7.294039331917895197e+01
1.595512038881745411e+02 2.818666685542701700e+01 7.567280110929966952e+01
1.568640978544238465e+02 2.817436386670360449e+01 7.839863034511225237e+01
1.542570936166539752e+02 2.807812553663406874e+01 8.111483328564351325e+01
1.517312818340483034e+02 2.790022634801824353e+01 8.381845397272049070e+01
1.492870059245113623e+02 2.764314026095094690e+01 8.650708434167361816e+01
1.469157215052761956e+02 2.732038029205020280e+01 8.918434196314447604e+01
1.446110370071944544e+02 2.694338011661546162e+01 9.185275948442802019e+01
1.423735049347741040e+02 2.651351508479525165e+01 9.451044454556287633e+01
1.402036319841639909e+02 2.603214990643898119e+01 9.715553796483507654e+01
1.381018611612583129e+02 2.550066327230642571e+01 9.978622747749922439e+01
1.360676046840067954e+02 2.492188010153639866e+01 1.024001368986368590e+02
1.340912845253906767e+02 2.431157424924763077e+01 1.049896020401225911e+02
1.321690100670502659e+02 2.367641458259565823e+01 1.075512695788062558e+02
1.303009555450931600e+02 2.301690000274609815e+01 1.100845109124539647e+02
1.285229207014846793e+02 2.233280197747346918e+01 1.125540311791808108e+02
1.268748332510192540e+02 2.162434489891916201e+01 1.149199574596333377e+02
1.253586763726096365e+02 2.089329396397990379e+01 1.171789986797846979e+02
1.240013406881608802e+02 2.014211797664130899e+01 1.193040289774399980e+02
1.227651942114290335e+02 1.938850019702617544e+01 1.213124015728124334e+02
1.216016816622756096e+02 1.865212123405802913e+01 1.232295494564469323e+02
1.204780516878425658e+02 1.794664805302466704e+01 1.250721968552415007e+02
1.193922156011840201e+02 1.727116066449664444e+01 1.268434422289714547e+02
1.183425714847104473e+02 1.662457857691507357e+01 1.285460868749334225e+02
1.173278019873578302e+02 1.600577740676727245e+01 1.301826468498317695e+02
1.163468292547003529e+02 1.541343260378959457e+01 1.317560345725222817e+02
1.153988774720080244e+02 1.484603214250270042e+01 1.332693778239146241e+02
1.144828959144885090e+02 1.430242588201710063e+01 1.347252434207302940e+02
1.135975815978838170e+02 1.378179934962157738e+01 1.361256806205235250e+02
1.127417408591590799e+02 1.328355031059478186e+01 1.374727950661155944e+02
1.119130646976738888e+02 1.281292317512076551e+01 1.387708698139515207e+02
1.111095628423670121e+02 1.237050160059133219e+01 1.400228544548253353e+02
1.103300787818513271e+02 1.195505409503979699e+01 1.412306974362613516e+02
1.095735649205420117e+02 1.156548945296158770e+01 1.423962251246937001e+02
1.088394340077542921e+02 1.120058466545817666e+01 1.435219797072112158e+02
1.081281703704171946e+02 1.085873950992968595e+01 1.446123503346321968e+02
1.074396333744836340e+02 1.053868681100486526e+01 1.456703764340723524e+02
1.067728331557091792e+02 1.023958461496347994e+01 1.466973288306413394e+02
1.061267046793737165e+02 9.960674232045695575e+00 1.476942071447671765e+02
1.055004724976442958e+02 9.701173421683813913e+00 1.486623172788096667e+02
1.048934197796756109e+02 9.460422602542287507e+00 1.496027198979163018e+02
1.043037387219508503e+02 9.236773415647206775e+00 1.505178748110006666e+02
1.037298769734844512e+02 9.028809947858313478e+00 1.514099022956579574e+02
1.031708624538567989e+02 8.835643314191495179e+00 1.522801642541215585e+02
1.026261159669100493e+02 8.656741499092008851e+00 1.531295094259830591e+02
1.020950887939711720e+02 8.491600449791329552e+00 1.539587446083875761e+02
1.015772636911264044e+02 8.339745040146796740e+00 1.547686321039664961e+02
1.010721416470716321e+02 8.200717023193957900e+00 1.555599073568965593e+02
1.005792416548777055e+02 8.074074820008410924e+00 1.563332792891248175e+02
1.000981008819509412e+02 7.959393676951965979e+00 1.570894300499981853e+02
9.962827321562049576e+01 7.856264320162397397e+00 1.578290171588372459e+02
9.916932795865305650e+01 7.764291748750578037e+00 1.585526754266589933e+02
9.872084980846933888e+01 7.683095215573787939e+00 1.592610169867931518e+02
9.828243864549975228e+01 7.612308031459178004e+00 1.599546316066698921e+02
9.785370962524849858e+01 7.551577650376004591e+00 1.606340865521951855e+02
9.743429132083609545e+01 7.500563951078888181e+00 1.612999293240857241e+02
9.702382523680412874e+01 7.458938787327547892e+00 1.619526883741137908e+02
9.662196576221367650e+01 7.426385944500180081e+00 1.625928731742011450e+02
9.622838007208487454e+01 7.402601048438115505e+00 1.632209743616161859e+02
9.584274792606484539e+01 7.387291379187569618e+00 1.638374640355690417e+02
9.546476008501642241e+01 7.380174406190595171e+00 1.644427980898343549e+02
9.509411812536843911e+01 7.380977616543479947e+00 1.650374164862438704e+02
9.473053437109992103e+01 7.389438452080007380e+00 1.656217433548855240e+02
9.437373188014694847e+01 7.405304296822810883e+00 1.661961870141296345e+02
9.402344409552176785e+01 7.428332154226930051e+00 1.667611404845884806e+02
9.367941355395333858e+01 7.458287452570766973e+00 1.673169833915001732e+02
9.334139179440117573e+01 7.494943960325352705e+00 1.678640820995037188e+02
9.300913929493815147e+01 7.538083727771321740e+00 1.684027898056199604e+02
9.268242546729146625e+01 7.587497081976314561e+00 1.689334465473007754e+02
9.236102842583996164e+01 7.642982413090106064e+00 1.694563795427274613e+02
9.204473381606072735e+01 7.704345090587457534e+00 1.699719049167072740e+02
9.173333472712799619e+01 7.771397382418635758e+00 1.704803278294295978e+02
9.142663166407602660e+01 7.843958429260870169e+00 1.709819425174738967e+02
9.112443245103354172e+01 7.921854155037309830e+00 1.714770324363670682e+02
9.082655235818957351e+01 8.004917384356494026e+00 1.719658700735375305e+02
9.053281294888992647e+01 8.092986776030565821e+00 1.724487186467380297e+02
9.024304189038110735e+01 8.185906648010513820e+00 1.729258323828518371e+02
8.995707295381045299e+01 8.283526977386175716e+00 1.733974565178926355e+02
8.967474588718690143e+01 8.385703282892581711e+00 1.738638274841562747e+02
8.939590665601348007e+01 8.492296847520981018e+00 1.743251725557317684e+02
