2.540000000000000000e+02 7.000000000000000000e+00 0.000000000000000000e+00
2.527654484056937463e+02 7.542358747277313036e+00 7.441300631773352103e-01
2.515133980606685782e+02 8.088743766587906947e+00 1.501342022998416903e+00
2.502435604943861449e+02 8.639193376734557006e+00 2.271906144495109636e+00
2.489550940167266617e+02 9.193804407961025049e+00 3.056469116314462831e+00
2.476404138474191825e+02 9.753229428551737357e+00 3.860886459219081246e+00
2.462962434080222067e+02 1.031744492124753521e+01 4.688067261973652755e+00
2.449089259266731631e+02 1.088269349258641228e+01 5.554253475686033781e+00
2.434724732989027416e+02 1.144751724308603791e+01 6.466380053750588885e+00
2.419856535816688563e+02 1.201186463669418103e+01 7.425629857844893600e+00
2.404470390121192338e+02 1.257562037447497616e+01 8.433385606477603602e+00
2.388510766899780151e+02 1.313706987533401893e+01 9.495161324025664484e+00
2.371940840197425189e+02 1.369517581046537380e+01 1.061465426356281760e+01
2.354717085053958385e+02 1.425003194835456632e+01 1.179521407672563349e+01
2.336789895380538837e+02 1.480175615820161461e+01 1.304060048977297726e+01
2.318137610716233610e+02 1.535015695281375336e+01 1.435282506689355841e+01
2.298740114323565251e+02 1.589501636691698749e+01 1.573382325101063905e+01
2.278575162835891490e+02 1.643610777485339369e+01 1.718568947336229868e+01
2.257696509164902920e+02 1.697326604159840358e+01 1.870539390414219483e+01
2.236216141310730166e+02 1.750640182576055537e+01 2.028590733799026680e+01
2.214124370412367000e+02 1.803533357104614865e+01 2.192838905192990140e+01
2.191408155781371647e+02 1.855987296197744030e+01 2.363423460421352829e+01
2.168054203564007025e+02 1.907982731438569601e+01 2.540486718535679600e+01
2.144048963162360621e+02 1.959499950935886403e+01 2.724173801201174427e+01
2.119373487431666661e+02 2.010708453825513331e+01 2.914719546219563640e+01
2.093996861902098487e+02 2.062132803194347375e+01 3.112543634979879670e+01
2.067862029394249248e+02 2.113842147641803493e+01 3.318026913104581155e+01
2.040891627369831554e+02 2.165874557362089803e+01 3.531642147109867125e+01
2.013376482271460475e+02 2.217728729143390254e+01 3.751295353160328006e+01
1.985567173520234405e+02 2.268982127151489436e+01 3.975167198251430278e+01
1.957469986265518287e+02 2.319611351942363697e+01 4.203236001126767718e+01
1.929085231339646498e+02 2.369602699279161584e+01 4.435524162166830564e+01
1.900413256572858245e+02 2.418942385527621042e+01 4.672053843885471736e+01
1.871454447129174525e+02 2.467616548295772816e+01 4.912846966226127421e+01
1.842207737372952465e+02 2.515609472422103821e+01 5.157908930934903680e+01
1.812693195754168869e+02 2.562866101253068862e+01 5.407568143881363909e+01
1.782887105499274583e+02 2.608921340284432233e+01 5.662211225424378824e+01
1.752761002271728330e+02 2.653512473030979990e+01 5.921792687942847522e+01
1.722290549576102592e+02 2.696372388369111306e+01 6.186899705156837825e+01
1.691473934392008402e+02 2.736685642536970064e+01 6.458295656324547451e+01
1.660531224775441785e+02 2.772373937746732864e+01 6.735590066361045558e+01
1.630259160603661428e+02 2.799223079467406450e+01 7.014068282585576242e+01
1.600794658078235670e+02 2.816591372617844513e+01 7.292726154943619576e+01
1.572154312810955616e+02 2.824701745044011503e+01 7.571211999232453138e+01
1.544344308362080938e+02 2.823805872921339954e+01 7.849248956818469480e+01
1.517369447351551912e+02 2.814158226672694241e+01 8.126571223331760052e+01
1.491235466230939153e+02 2.796010091931193386e+01 8.402907293912151943e+01
1.465941614287599464e+02 2.769721252037536630e+01 8.678024254604378029e+01
1.441384251766275497e+02 2.737037411450486246e+01 8.952341310582779954e+01
1.417529164976451455e+02 2.698671564823008140e+01 9.225895919630968933e+01
1.394383169388430019e+02 2.654756700510505851e+01 9.498479165690642390e+01
1.371951669120291228e+02 2.605437298737939500e+01 9.769891333184011728e+01
1.350239376567019747e+02 2.550859398053900406e+01 1.003993762496231028e+02
1.329248025786755818e+02 2.491203820870717323e+01 1.030841361463091914e+02
1.308874997481101445e+02 2.428127003257733918e+01 1.057449514426302954e+02
1.289069571900484164e+02 2.362457402925064542e+01 1.083776735890919980e+02
1.269832001587833474e+02 2.294270489224456355e+01 1.109815281944367342e+02
1.251287480171113202e+02 2.223606995534206732e+01 1.135438556337451814e+02
1.234059138442304970e+02 2.150418969820311332e+01 1.160041157969336325e+02
1.218187437264557360e+02 2.074880230876982878e+01 1.183568538483979609e+02
1.204011756967780684e+02 1.997176483091634580e+01 1.205699500910865538e+02
1.191219414838687953e+02 1.918820268280267172e+01 1.226562672796789712e+02
1.179207151495897108e+02 1.842226448450533738e+01 1.246466924194531600e+02
1.167612945699797109e+02 1.768892979177474700e+01 1.265593350626519396e+02
1.156415155401519996e+02 1.698718797666523628e+01 1.283974415931315320e+02
1.145598402531301758e+02 1.631579091949518556e+01 1.301639624433769313e+02
1.135146424602603759e+02 1.567370272157799960e+01 1.318614791876738366e+02
1.125046507552532091e+02 1.505963426565097585e+01 1.334928731932159280e+02
1.115291491206698709e+02 1.447184505377795283e+01 1.350615944880716768e+02
1.105870045230023351e+02 1.390912811344330358e+01 1.365703167003638328e+02
1.096768958467765884e+02 1.337065018306936182e+01 1.380213900801722673e+02
1.087960961023977404e+02 1.286105905637160696e+01 1.394195911620189747e+02
1.079421189485856445e+02 1.238196965818145934e+01 1.407686514325142468e+02
1.071137443756141749e+02 1.193204913337299189e+01 1.420704459084182929e+02
1.063099948529033298e+02 1.151023954999099530e+01 1.433267414599861240e+02
1.055298910339308804e+02 1.111548263436349693e+01 1.445393109172684944e+02
1.047724253089238147e+02 1.074669210738258762e+01 1.457099797448634888e+02
1.040366173478860503e+02 1.040278873401456217e+01 1.468405811260627445e+02
1.033224422710031547e+02 1.008233622115107586e+01 1.479345971880676416e+02
1.026300300913668480e+02 9.783910140542774414e+00 1.489956144722092972e+02
1.019588711510870809e+02 9.506437251207600525e+00 1.500258466175292540e+02
1.013080816294866651e+02 9.249070394320902722e+00 1.510266538610441387e+02
1.006767061259405835e+02 9.011047472418159288e+00 1.519991307862351846e+02
1.000639379580912873e+02 8.791587507257322187e+00 1.529445381087100770e+02
9.946898002162535590e+01 8.589952486701490031e+00 1.538640397878087924e+02
9.889104941252129777e+01 8.405418200862904143e+00 1.547587759252298270e+02
9.832874221445790397e+01 8.236702145148719012e+00 1.556306824150850900e+02
9.778056380198840714e+01 8.082442021663130305e+00 1.564818005123916294e+02
9.724553917886754562e+01 7.941744863380038488e+00 1.573134928362862297e+02
9.672311926620321287e+01 7.814102421064395898e+00 1.581265657001615637e+02
9.621292908379670905e+01 7.699164021222681953e+00 1.589215964848879423e+02
9.571446433207086102e+01 7.596462989143217825e+00 1.596993273158417423e+02
9.522726952342169682e+01 7.505577283775175523e+00 1.604604336587007367e+02
9.475090541915382403e+01 7.426100087427038865e+00 1.612055668935810786e+02
9.428494881392627747e+01 7.357639604035612457e+00 1.619353546345650727e+02
9.382899270629030752e+01 7.299819218793640374e+00 1.626504004769034282e+02
9.338264492394094418e+01 7.252276211502241665e+00 1.633512860348772620e+02
9.294552701830382091e+01 7.214660722011023708e+00 1.640385725804063952e+02
9.251727424230881525e+01 7.186635729417294449e+00 1.647128010759965946e+02
9.209753537488099084e+01 7.167876887833992683e+00 1.653744924349092855e+02
9.168597274411200715e+01 7.158072548078194153e+00 1.660241474868111879e+02
9.128226053423382780e+01 7.156922173175295221e+00 1.666622494874357301e+02
9.088608442184744263e+01 7.164135997913218645e+00 1.672892646578204108e+02
9.049714152062941253e+01 7.179434977098859250e+00 1.679056422662702630e+02
9.011514032704587862e+01 7.202550734785586606e+00 1.685118147088332137e+02
8.973980043914231430e+01 7.233225301085409953e+00 1.691081979261500123e+02
8.937085116472196944e+01 7.271209809603738528e+00 1.696951934666262503e+02
8.900803139386333385e+01 7.316264378134778923e+00 1.702731886754067716e+02
8.865108952521337926e+01 7.368158039689915562e+00 1.708425568036345510e+02
8.829978348408619127e+01 7.426668759472130787e+00 1.714036569816273072e+02
8.795388035985457975e+01 7.491583095510941703e+00 1.719568347563868542e+02
8.761315524574789038e+01 7.562695112896109073e+00 1.725024238114330615e+02
8.727739117072249542e+01 7.639806320020992914e+00 1.730407460677950837e+02
8.694637904473263745e+01 7.722725617371706264e+00 1.735721117651393968e+02
8.661991764280374184e+01 7.811269282665149305e+00 1.740968194853841169e+02
8.629781348286388720e+01 7.905260856502027700e+00 1.746151563337914752e+02
8.597987969781779327e+01 8.004530086839643843e+00 1.751273996109590598e+02
8.566593593721306377e+01 8.108912836973125593e+00 1.756338169585852427e+02
8.535580835806170796e+01 8.218251076946918587e+00 1.761346663730757314e+02
8.504932948260032788e+01 8.332392750493623268e+00 1.766301964163935736e+02
8.474633848096702593e+01 8.451192039554944913e+00 1.771206457970347401e+02
8.444668012548274305e+01 8.574508385711460789e+00 1.776062449201558024e+02
8.415020448650537332e+01 8.702206205579923193e+00 1.780872163384280498e+02
8.385676693242989188e+01 8.834154890813220362e+00 1.785637747520378866e+02
