2.540000000000000000e+02 7.000000000000000000e+00 0.000000000000000000e+00
2.528410092771675863e+02 7.499702039828060052e+00 7.050233190691386209e-01
2.516649284394973165e+02 8.003354315677865927e+00 1.422752259486482762e+00
2.504715601171492665e+02 8.511002394949501948e+00 2.153333717118548929e+00
2.492600899429337176e+02 9.022745879080570575e+00 2.897389013390754720e+00
2.480233547926253550e+02 9.539240514966961015e+00 3.660421319802903195e+00
2.467563602183433886e+02 1.006001421799425799e+01 4.447341649238996553e+00
2.454451109574808072e+02 1.058120123334877860e+01 5.274740728982602711e+00
2.440865279361891567e+02 1.110220957756510884e+01 6.146017303087213612e+00
2.426793574537518623e+02 1.162299617634139892e+01 7.062362938538981005e+00
2.412224565250282637e+02 1.214357318591904189e+01 8.024856537203437057e+00
2.397109873787552203e+02 1.266250197423729240e+01 9.038279748762585442e+00
2.381407454808053501e+02 1.317861559696264351e+01 1.010678021376784308e+01
2.365097794761348382e+02 1.369165744147696095e+01 1.123224640704530408e+01
2.348164993363354256e+02 1.420143317576466835e+01 1.241621753428757380e+01
2.330600631655423172e+02 1.470750389124418334e+01 1.365919739613164197e+01
2.312342434460373681e+02 1.521018199576713670e+01 1.496606899880286612e+01
2.293353304312118439e+02 1.570948993467842669e+01 1.634004037173005841e+01
2.273612513167029192e+02 1.620521933914398716e+01 1.778307961815748683e+01
2.253203154751723503e+02 1.669706927890913306e+01 1.929011601911477314e+01
2.232206614454917144e+02 1.718476801767081241e+01 2.085612785539159475e+01
2.210614859563200412e+02 1.766813540247662573e+01 2.248213400498551806e+01
2.188415180783990763e+02 1.814699160610971163e+01 2.416947950665256784e+01
2.165592581102496581e+02 1.862186106294167587e+01 2.591985343063320002e+01
2.142116954897230414e+02 1.909798138907606813e+01 2.773720284745501985e+01
2.117966528200694540e+02 1.957662474111972628e+01 2.962398890911807570e+01
2.093122140241953559e+02 2.005780123902430745e+01 3.158219218607178291e+01
2.067564348086047232e+02 2.054156239529828909e+01 3.361385067722758890e+01
2.041212415659667840e+02 2.102834143865252514e+01 3.572375283115574263e+01
2.014305049838087314e+02 2.151368164823653117e+01 3.789395309799308365e+01
1.987118308479656150e+02 2.199294074705672486e+01 4.010438017969493529e+01
1.959654552128084219e+02 2.246595549291601301e+01 4.235508710447714975e+01
1.931914156749717222e+02 2.293259480187082744e+01 4.464627338198371120e+01
1.903897534927399136e+02 2.339272688871179184e+01 4.697813599848535659e+01
1.875605179882927871e+02 2.384622210398637776e+01 4.935087046230552943e+01
1.847034689179862994e+02 2.429277298873790869e+01 5.176456490515907660e+01
1.818151815376044738e+02 2.472797881340596504e+01 5.422111537713502116e+01
1.788961697882238866e+02 2.514881082339731577e+01 5.672486729009362705e+01
1.759467972403916463e+02 2.555508860556636463e+01 5.927559698462216176e+01
1.729655132381631972e+02 2.594477977963973103e+01 6.187742315253254333e+01
1.699511020268487016e+02 2.631438187123844585e+01 6.453531902744464332e+01
1.669166300019415701e+02 2.664517194794101584e+01 6.725242146125140152e+01
1.639269740415966510e+02 2.689943299763099205e+01 6.999438916643809705e+01
1.610058839134468656e+02 2.706495251001014068e+01 7.274537230815984401e+01
1.581644924854178385e+02 2.713891299035635285e+01 7.549565821614382344e+01
1.554037565067182243e+02 2.712383279662392255e+01 7.824223958747491281e+01
1.527248428684968928e+02 2.702208194691510101e+01 8.098198652646833295e+01
1.501287395228697505e+02 2.683609778671693391e+01 8.371189328533365881e+01
1.476159467788786799e+02 2.656884619626568522e+01 8.642926755531317440e+01
1.451777442587510620e+02 2.623546919544002165e+01 8.913719682530356181e+01
1.428089769559937849e+02 2.584551324304652198e+01 9.183703149705344515e+01
1.405100081470991711e+02 2.540076252292563908e+01 9.452688729626460429e+01
1.382814617388505951e+02 2.490257138787071867e+01 9.720472483732866920e+01
1.361238678538215083e+02 2.435233549189140945e+01 9.986865748115100416e+01
1.340336983935575574e+02 2.375734645356413566e+01 1.025142797468051441e+02
1.320003365951526177e+02 2.313472908124813543e+01 1.051333019634550396e+02
1.300227979575140296e+02 2.248679610654019712e+01 1.077242455943189157e+02
1.281011109514446389e+02 2.181429500389009135e+01 1.102863570360448762e+02
1.262382646265160133e+02 2.111790131034048201e+01 1.128160652542983513e+02
1.244883441811869176e+02 2.039740148822853172e+01 1.152608323867925861e+02
1.228778753808101953e+02 1.965337785195246667e+01 1.175938907208563222e+02
1.214378501481729984e+02 1.888597285236918566e+01 1.197859539339496706e+02
1.201512884228193627e+02 1.810670664966586330e+01 1.218426152423674722e+02
1.189596555754056766e+02 1.733796443764403250e+01 1.237950892593184307e+02
1.178134005740280088e+02 1.660072146788447967e+01 1.256676055363515729e+02
1.167071763091658312e+02 1.589540851362175289e+01 1.274648581884230794e+02
1.156393969713168417e+02 1.522076184339784888e+01 1.291898197629891456e+02
1.146084635673636996e+02 1.457564591860636583e+01 1.308452433127041559e+02
1.136133447079744911e+02 1.395844201101696491e+01 1.324344649235707152e+02
1.126532037414713869e+02 1.336744905084455937e+01 1.339608746494572529e+02
1.117266544631335563e+02 1.280169868067018513e+01 1.354268830293373469e+02
1.108321174562436795e+02 1.226005783128191240e+01 1.368347724115783137e+02
1.099681504300621953e+02 1.174138410809765709e+01 1.381865252329867531e+02
1.091337908272113708e+02 1.124478013573850355e+01 1.394839677001925509e+02
1.083277662486440391e+02 1.076988591019411423e+01 1.407294088445512159e+02
1.075474184298181513e+02 1.032122939414441731e+01 1.419273247374953257e+02
1.067911087027188870e+02 9.899593447236018307e+00 1.430805743684776985e+02
1.060576982518447977e+02 9.503877879987184585e+00 1.441909277302130761e+02
1.053475846376566949e+02 9.132316395773408146e+00 1.452629302822991804e+02
1.046608597915163017e+02 8.783382172145806521e+00 1.463003318711255361e+02
1.039966126825582364e+02 8.456107473481017323e+00 1.473047721032851030e+02
1.033538912105615282e+02 8.149603758760985528e+00 1.482776683527008288e+02
1.027317760253061607e+02 7.863021877877591770e+00 1.492203682638721318e+02
1.021294045929822971e+02 7.595564956213687324e+00 1.501341397542626055e+02
1.015442495659284532e+02 7.344925373706648664e+00 1.510223834767264748e+02
1.009749929615053929e+02 7.109895044019165944e+00 1.518869255210791209e+02
1.004210528205563264e+02 6.889934825312965749e+00 1.527286380606784348e+02
9.988184125577797090e+01 6.684500669871714429e+00 1.535483964578054383e+02
9.935679601344696721e+01 6.493072286488597911e+00 1.543470385725551353e+02
9.884537590896003678e+01 6.315148972673648942e+00 1.551253708675886287e+02
9.834705899061280832e+01 6.150247908035509248e+00 1.558841711444833322e+02
9.786134245789297381e+01 5.997904078342124912e+00 1.566241886654923405e+02
9.738774250681646549e+01 5.857670131780801093e+00 1.573461443840305378e+02
9.692579387270623670e+01 5.729115954010013390e+00 1.580507316260238895e+02
9.647504780415779635e+01 5.611826785129820472e+00 1.587386191091274839e+02
9.603507180475385496e+01 5.505402979628385651e+00 1.594104513276237753e+02
9.560544946418572465e+01 5.409459849429327782e+00 1.600668488040869306e+02
9.518578048621904486e+01 5.323627689888075665e+00 1.607084080477083319e+02
9.477567911480390705e+01 5.247550316998088604e+00 1.613357038997209258e+02
9.437477335348094698e+01 5.180884341899340662e+00 1.619492906966474379e+02
9.398270490251907461e+01 5.123299112455826254e+00 1.625497023639759107e+02
9.359912910621896742e+01 5.074476664286248884e+00 1.631374524946957081e+02
9.322371435480066282e+01 5.034111164874133237e+00 1.637130352406008456e+02
9.285614075000218293e+01 5.001907673366694063e+00 1.642769273008317725e+02
9.249610001647418756e+01 4.977582058225586081e+00 1.648295880539152449e+02
9.214329534826229917e+01 4.960860854553339472e+00 1.653714597865369456e+02
9.179744148041072549e+01 4.951481330646719137e+00 1.659029675868375477e+02
9.145826340842833702e+01 4.949190297865365906e+00 1.664245212526755893e+02
9.112549591715801967e+01 4.953743672765314798e+00 1.669365159937104011e+02
9.079888353714743232e+01 4.964906436551278723e+00 1.674393324964194107e+02
9.047818049745113456e+01 4.982452591222259919e+00 1.679333369944311301e+02
9.016315042619754649e+01 5.006164881276929712e+00 1.684188817147447708e+02
8.985356525391352989e+01 5.035833774473930546e+00 1.688963065120046281e+02
8.954920511938594530e+01 5.071257374341023194e+00 1.693659390087860288e+02
8.924985828074552785e+01 5.112241337542370090e+00 1.698280947280984776e+02
8.895532119237648772e+01 5.158598945365521438e+00 1.702830769787761653e+02
8.866539787596474298e+01 5.210150519180388962e+00 1.707311777927448873e+02
8.837989920399733990e+01 5.266722754538569085e+00 1.711726789927585344e+02
8.809864288815980160e+01 5.328148710390123277e+00 1.716078522096898098e+02
8.782145337446814892e+01 5.394267711628590867e+00 1.720369590388054917e+02
8.754816198403648286e+01 5.464925479926161067e+00 1.724602508299911108e+02
8.727860622800409374e+01 5.539973497038922723e+00 1.728779697086557405e+02
8.701262927195992347e+01 5.619268507063604368e+00 1.732903493738491818e+02
8.675007993420045693e+01 5.702672514818303284e+00 1.736976151008586555e+02
