2.540000000000000000e+02 7.000000000000000000e+00 0.000000000000000000e+00
2.529146513681087356e+02 7.478114957558462450e+00 6.451274830144634320e-01
2.518150966515155176e+02 7.959906377411987144e+00 1.299353887097549176e+00
2.507011971593340149e+02 8.445408921933378110e+00 1.962768494885466009e+00
2.495723322616593123e+02 8.934621161272485068e+00 2.636067274567472918e+00
2.484265986270794144e+02 9.427448642262753253e+00 3.321555487878848911e+00
2.472622973599312104e+02 9.924027676569076917e+00 4.020607216998718592e+00
2.460721011048430569e+02 1.042498843826043675e+01 4.738796108045328026e+00
2.448527531311783889e+02 1.092989706751634316e+01 5.479423009197781802e+00
2.435908084077137516e+02 1.143494454939244598e+01 6.258301030796423525e+00
2.422827481577689070e+02 1.193937274059706510e+01 7.079329313301117033e+00
2.409273475744393238e+02 1.244312723470749837e+01 7.943655232710181480e+00
2.395233495306205498e+02 1.294615208462951728e+01 8.852456519028589099e+00
2.380695064319467065e+02 1.344840672631782574e+01 9.806899722505653116e+00
2.365621177344951889e+02 1.394887417014702358e+01 1.081058360306911581e+01
2.349958029810880760e+02 1.444587134941900786e+01 1.186878300781114426e+01
2.333683666391317502e+02 1.493925738594895769e+01 1.298341347751213348e+01
2.316746328324427964e+02 1.542918832955863451e+01 1.415819800415340524e+01
2.299117128376659309e+02 1.591557458387962676e+01 1.539561528627984544e+01
2.280776324696497852e+02 1.639820982183125864e+01 1.669751682972923845e+01
2.261704301450386083e+02 1.687687974702885541e+01 1.806576100338597612e+01
2.241891805838771745e+02 1.735135157245379034e+01 1.950152761630691955e+01
2.221479523244146890e+02 1.782124038604820981e+01 2.099592896825457444e+01
2.200491815296731204e+02 1.828632016613132905e+01 2.254779439807313324e+01
2.178916528589010682e+02 1.874640381514417697e+01 2.415839995272337859e+01
2.156738890378203450e+02 1.920207550309264377e+01 2.582938376044510065e+01
2.133927752440637278e+02 1.965868779768409880e+01 2.756461762518816627e+01
2.110463408705645918e+02 2.011695673613565205e+01 2.936622170692688982e+01
2.086327736987288404e+02 2.057691040528590420e+01 3.123607165116996853e+01
2.061497451336788345e+02 2.103860452311693408e+01 3.317629446171950747e+01
2.035889447670006689e+02 2.150249214349368998e+01 3.519170884236594077e+01
2.009667531800446056e+02 2.196550966001749572e+01 3.727034064027603932e+01
1.983169038968185305e+02 2.242218094920177052e+01 3.938796776943006250e+01
1.956405187564836581e+02 2.287220665790270857e+01 4.154398760192250961e+01
1.929376567580928281e+02 2.331545485139163176e+01 4.373856963426126754e+01
1.902083807198641239e+02 2.375179299371377795e+01 4.597188056145802193e+01
1.874527572951077161e+02 2.418108795235445996e+01 4.824408425290297942e+01
1.846707630805182987e+02 2.460314383660043447e+01 5.055531700307738419e+01
1.818584988991130444e+02 2.501515505296622166e+01 5.290463186475479773e+01
1.790129187055432567e+02 2.541459142099188639e+01 5.529129401274437328e+01
1.761374291520089059e+02 2.579956732012056619e+01 5.772123835149599103e+01
1.732331746786275630e+02 2.616935473358378772e+01 6.019607056090602981e+01
1.703001643027852197e+02 2.652342274910581921e+01 6.271631107713830744e+01
1.673382972364707371e+02 2.685279257907124162e+01 6.529066909279320896e+01
1.644061383419029312e+02 2.711691906346040781e+01 6.789591988224324837e+01
1.615505316626515082e+02 2.728898123959692157e+01 7.050465127415249356e+01
1.587745508033780766e+02 2.737005797673621998e+01 7.311266160783165446e+01
1.560786039093156319e+02 2.736281290355966078e+01 7.571737377773925459e+01
1.534633026942685774e+02 2.726984431582573265e+01 7.831607515673343300e+01
1.509294290217779064e+02 2.709369726163606984e+01 8.090593895551214132e+01
1.484761505623807807e+02 2.683901386098650121e+01 8.348510011835904265e+01
1.460928863854329620e+02 2.652296989742000122e+01 8.605770075986090717e+01
1.437770083521828894e+02 2.615145943513182658e+01 8.862359027798618172e+01
1.415288682338403135e+02 2.572622580727529495e+01 9.118093354011675444e+01
1.393490889461109248e+02 2.524856822793902822e+01 9.372774650705903809e+01
1.372380692844367900e+02 2.472001657502006466e+01 9.626218033214757952e+01
1.351962530306060728e+02 2.414194230422589627e+01 9.878248172810141625e+01
1.332158896240529202e+02 2.352824009634345970e+01 1.012813071364221145e+02
1.312902001973343715e+02 2.289042636892234128e+01 1.037528967338226096e+02
1.294192322916797764e+02 2.222913142967604827e+01 1.061966166334211579e+02
1.276029303019641645e+02 2.154510390197331304e+01 1.086118036109222089e+02
1.258429753567900491e+02 2.083905364023356910e+01 1.109961855131105466e+02
1.241944713121546613e+02 2.011118561525269399e+01 1.132973427547102006e+02
1.226751487801443545e+02 1.936285279898661571e+01 1.154971371780036549e+02
1.212963432913366972e+02 1.859456276694218957e+01 1.175832099847362855e+02
1.200438015498201167e+02 1.782306932766489638e+01 1.195525467635839760e+02
1.188663051049388599e+02 1.707118849396455218e+01 1.214290350629114670e+02
1.177350970707355202e+02 1.634989128951822934e+01 1.232276446698885621e+02
1.166434029450672796e+02 1.566036257154070377e+01 1.249534587322513630e+02
1.155895952849285209e+02 1.500133680402291780e+01 1.266094190655655325e+02
1.145723600732112146e+02 1.437132516226230905e+01 1.281986185167270662e+02
1.135908523337244134e+02 1.376858566919031723e+01 1.297243998958775251e+02
1.126438119032952301e+02 1.319197280574461928e+01 1.311893524318164168e+02
1.117297065570211316e+02 1.264035001743424225e+01 1.325959615856765481e+02
1.108467999727107127e+02 1.211258180933708140e+01 1.339466247329560247e+02
1.099937265039871903e+02 1.160759097451463440e+01 1.352435303288890509e+02
1.091684553376111637e+02 1.112737580880323485e+01 1.364900170489374602e+02
1.083683309696104686e+02 1.067586046763056018e+01 1.376903017286527131e+02
1.075924332482804573e+02 1.025218149041524818e+01 1.388461517900831268e+02
1.068415316377022890e+02 9.854401190980370373e+00 1.399625809209217948e+02
1.061154009567813148e+02 9.480984526405215718e+00 1.410429520743342664e+02
1.054129907537305826e+02 9.130926962644108968e+00 1.420888305115759351e+02
1.047332831259448795e+02 8.803271571291247710e+00 1.431016954805159003e+02
1.040753041120647708e+02 8.497102869866791863e+00 1.440829623692584676e+02
1.034381201509979888e+02 8.211543482686391116e+00 1.450339878522288473e+02
1.028208357109428732e+02 7.945751905035288942e+00 1.459560733358984237e+02
1.022224852451813604e+02 7.698823584140588316e+00 1.468506021057156090e+02
1.016403743910337596e+02 7.468273274383256499e+00 1.477211354800110144e+02
1.010735909571203024e+02 7.253249137458386286e+00 1.485689591642801020e+02
1.005215509707926032e+02 7.053200505486659999e+00 1.493949380762820169e+02
9.998368699038962859e+01 6.867592565259319493e+00 1.501999114910334470e+02
9.945945350022181231e+01 6.695911293428705058e+00 1.509846862494430866e+02
9.894832444526528548e+01 6.537661120023695815e+00 1.517500404050892371e+02
9.844979284345239989e+01 6.392364560999013179e+00 1.524967237977353136e+02
9.796337059696828931e+01 6.259562039400314859e+00 1.532254583324664168e+02
9.748858852031189315e+01 6.138811911968207191e+00 1.539369379381814724e+02
9.702499452677726310e+01 6.029688750385586715e+00 1.546318312502200740e+02
9.657215266590274894e+01 5.931782429032192994e+00 1.553107830342059401e+02
9.612964305609243354e+01 5.844698061129595779e+00 1.559744142857150564e+02
9.569706181361969755e+01 5.768055931469130648e+00 1.566233223352984680e+02
9.527402037845817517e+01 5.701490857474923679e+00 1.572580818457363421e+02
9.486014394048974907e+01 5.644650697668993189e+00 1.578792471400542468e+02
9.445507132571756870e+01 5.597196243832524232e+00 1.584873523698408064e+02
9.405845482110736100e+01 5.558801055013049996e+00 1.590829117743490713e+02
9.366996023595284271e+01 5.529151515688399243e+00 1.596664195897221816e+02
9.328926540674589774e+01 5.507945418789493175e+00 1.602383522606472468e+02
9.291605966869143174e+01 5.494891464844350537e+00 1.607991692221110895e+02
9.255004379795664704e+01 5.489709207248944622e+00 1.613493129848272076e+02
9.219092997496734654e+01 5.492129017499177479e+00 1.618892091895287990e+02
9.183844132900073021e+01 5.501891653587622777e+00 1.624192672806245810e+02
9.149231073097136857e+01 5.518747115911209811e+00 1.629398822919562804e+02
9.115228071030932711e+01 5.542454568496241407e+00 1.634514349697555531e+02
9.081810333557456261e+01 5.572782225863837979e+00 1.639542919492437250e+02
9.048954032189509178e+01 5.609507454863107867e+00 1.644488055957031634e+02
9.016636211582479632e+01 5.652415907378390614e+00 1.649353153581928382e+02
8.984834723643123766e+01 5.701300895882101649e+00 1.654141487442348364e+02
8.953528226954887259e+01 5.755963387988384028e+00 1.658856213283160344e+02
8.922696172757160582e+01 5.816211873594808068e+00 1.663500369592853758e+02
8.892318821614973956e+01 5.881862522863730902e+00 1.668076875137722936e+02
8.862377139219333344e+01 5.952738198730485486e+00 1.672588544375456934e+02
8.832852760686843396e+01 6.028668118579702195e+00 1.677038092736071633e+02
8.803727990211689303e+01 6.109487850947385112e+00 1.681428136673401070e+02
8.774985787831269590e+01 6.195039190119763006e+00 1.685761195622740445e+02
8.746609789981457084e+01 6.285170350933826811e+00 1.690039688960265778e+02
