2.540000000000000000e+02 7.000000000000000000e+00 0.000000000000000000e+00
2.529696964231403058e+02 7.449632332037692706e+00 6.213092670411631824e-01
2.519254789383548712e+02 7.903154736268913183e+00 1.251732993001589245e+00
2.508671961315563408e+02 8.360608674349180092e+00 1.891371368116754992e+00
2.497946922820852933e+02 8.822035851774581161e+00 2.540329015075760033e+00
2.487074779604440664e+02 9.287452794740612916e+00 3.199128557158784858e+00
2.476016250913109218e+02 9.756976058046888056e+00 3.871663417951930253e+00
2.464700527086102966e+02 1.023134658119133533e+01 4.563545284344098008e+00
2.453073557128839184e+02 1.070942295288963919e+01 5.280934224584578729e+00
2.441014770069187136e+02 1.118798221252152736e+01 6.038298739772936408e+00
2.428506345629253644e+02 1.166685052358457320e+01 6.837475380937230618e+00
2.415535413872911761e+02 1.214600917175342687e+01 7.679683920815815412e+00
2.402088738032328479e+02 1.262543885520082299e+01 8.566178944361817926e+00
2.388152712250405045e+02 1.310511968095803148e+01 9.498250063004814336e+00
2.373708111342557174e+02 1.358482340301629954e+01 1.047775524653607704e+01
2.358692234546214479e+02 1.406262001991690269e+01 1.151096743599964611e+01
2.343079234593656679e+02 1.453807032648648701e+01 1.260041318487139073e+01
2.326850470898706078e+02 1.501103691855294819e+01 1.374788553652254564e+01
2.309989357260541283e+02 1.548133030609854544e+01 1.495493448009091786e+01
2.292448578526779386e+02 1.594903898678447796e+01 1.622503354901796513e+01
2.274189857746437156e+02 1.641421177433783285e+01 1.756144264556926871e+01
2.255204831037271447e+02 1.687662981787768146e+01 1.896531778226742659e+01
2.235632922789883139e+02 1.733542014264366316e+01 2.042753067023453539e+01
2.215494026475355724e+02 1.779038188136132348e+01 2.194717937082846149e+01
2.194760721028534078e+02 1.824548623668450276e+01 2.352738227685068040e+01
2.173408346421421129e+02 1.870304334415200032e+01 2.517083940366054406e+01
2.151418787727409949e+02 1.916316328305255823e+01 2.687943531926941176e+01
2.128773590501409103e+02 1.962590252112446620e+01 2.865508654190715632e+01
2.105453767022758882e+02 2.009131913324849350e+01 3.049976501315410360e+01
2.081439778381231633e+02 2.055947285539641456e+01 3.241549995980411580e+01
2.056711520832269002e+02 2.103042512572334033e+01 3.440437931202237110e+01
2.031257230989333777e+02 2.150392180494937833e+01 3.646737389297663157e+01
2.005391871094610678e+02 2.197379905168788738e+01 3.857973416209561890e+01
1.979249569225545713e+02 2.243759677669759256e+01 4.073158624914390202e+01
1.952830645195102193e+02 2.289518154630287583e+01 4.292312571197518878e+01
1.926135368265373131e+02 2.334642133877296288e+01 4.515455381472114027e+01
1.899152949331271714e+02 2.379043764988913878e+01 4.742578368522161014e+01
1.871830967431385488e+02 2.422340408257791466e+01 4.973547017646697554e+01
1.844162948363683370e+02 2.464451353282997914e+01 5.208331864440135917e+01
1.816147257467581255e+02 2.505367631251912286e+01 5.446913010798941457e+01
1.787800319627081080e+02 2.544976849335144209e+01 5.689622197551969407e+01
1.759150386698131854e+02 2.583110230706592958e+01 5.936950927256507526e+01
1.730187546914795291e+02 2.619642668899804860e+01 6.189113515107231933e+01
1.700894592583361202e+02 2.654240919193778936e+01 6.446654666144240764e+01
1.671469158589854089e+02 2.684485039676533447e+01 6.709602453657740284e+01
1.642532426857549694e+02 2.706555894428279174e+01 6.974776453362837003e+01
1.614253950251570870e+02 2.719753424295795341e+01 7.240926612985965960e+01
1.586759227200584519e+02 2.723730259497205708e+01 7.506984675491675318e+01
1.560060105576140472e+02 2.718740606695316586e+01 7.772631247405010413e+01
1.534166821360649635e+02 2.705043975869151396e+01 8.037558551644029592e+01
1.509088364297189457e+02 2.682902772609183728e+01 8.301468286571356714e+01
1.484819534733611874e+02 2.652757299137943292e+01 8.564149868903028562e+01
1.461253263154511330e+02 2.616374602556387075e+01 8.826033852134193580e+01
1.438362287905553387e+02 2.574371814573603956e+01 9.087110824606607196e+01
1.416152374077563536e+02 2.526903684167572095e+01 9.347178032600091058e+01
1.394628630761527575e+02 2.474125573177565940e+01 9.606037644280286258e+01
1.373795322218869615e+02 2.416196800908089415e+01 9.863495674258946622e+01
1.353577500233464548e+02 2.354540724822109965e+01 1.011879849782520751e+02
1.333909009089348672e+02 2.290347276278547284e+01 1.037134879194279904e+02
1.314788711436479787e+02 2.223714548691881632e+01 1.062106365355084137e+02
1.296216394914041530e+02 2.154720609341781667e+01 1.086787209761528175e+02
1.278185158337137892e+02 2.083444038922032249e+01 1.111176695386469220e+02
1.261078980690661240e+02 2.009906009864611676e+01 1.134903382985642253e+02
1.245336758369690529e+02 1.934123293695655121e+01 1.157539280110388518e+02
1.231153958072127921e+02 1.855989406716623691e+01 1.178888664784494438e+02
1.218377532657905533e+02 1.776755630026103105e+01 1.198987532870811776e+02
1.206492537055307395e+02 1.698917467311632024e+01 1.218072110874365990e+02
1.195050389954187864e+02 1.624363117581060223e+01 1.236363734338505935e+02
1.184011649476711625e+02 1.553065259291554234e+01 1.253901976702401981e+02
1.173364420135880124e+02 1.484864406849753493e+01 1.270720442934825627e+02
1.163097232992781045e+02 1.419589826390538967e+01 1.286853248505163378e+02
1.153193921519630010e+02 1.357086322168449222e+01 1.302331732440486576e+02
1.143636131033564993e+02 1.297219222136868133e+01 1.317183369579188081e+02
1.134409072097155189e+02 1.239884012633344312e+01 1.331434239481052941e+02
1.125499091649716092e+02 1.184982108691496805e+01 1.345109104919854985e+02
1.116895866255123480e+02 1.132416990300810689e+01 1.358226820966748960e+02
1.108591315801284765e+02 1.082094729929469068e+01 1.370802284976915075e+02
1.100573730020613397e+02 1.033926518731450095e+01 1.382856746391332479e+02
1.092831638952796425e+02 9.878259909312632203e+00 1.394410892442590182e+02
1.085353841796701744e+02 9.440357095644053231e+00 1.405528656785935198e+02
1.078130434807355442e+02 9.027148269056944230e+00 1.416266342736531101e+02
1.071150703775222723e+02 8.637668359788914785e+00 1.426641126476368129e+02
1.064404267361952492e+02 8.270937856209400252e+00 1.436668423724814261e+02
1.057881194447692792e+02 7.926019801640591389e+00 1.446362981540511612e+02
1.051571958555338853e+02 7.602015486920390863e+00 1.455738946009493873e+02
1.045467782789341129e+02 7.298096599062796841e+00 1.464809425907257605e+02
1.039556520250049658e+02 7.013121077392295177e+00 1.473591739426309744e+02
1.033813036377056278e+02 6.744736471544367618e+00 1.482119580216591714e+02
1.028227353651040374e+02 6.492004380496109839e+00 1.490407161754295942e+02
1.022793406006733079e+02 6.254351517298545993e+00 1.498463653321885545e+02
1.017505438410076124e+02 6.031233942730979791e+00 1.506297774075437417e+02
1.012357913139608030e+02 5.822128322580216064e+00 1.513917913824164145e+02
1.007345499091477024e+02 5.626530913772171516e+00 1.521332149238822069e+02
1.002463054756610745e+02 5.443955950631005791e+00 1.528548269650033546e+02
9.977056273231359285e+01 5.273935559789666883e+00 1.535573778408593739e+02
9.930684514529832541e+01 5.116019644219916174e+00 1.542415894739495172e+02
9.885469426822440653e+01 4.969775257593473050e+00 1.549081563743826280e+02
9.841366790674476306e+01 4.834784864379199298e+00 1.555577484214052220e+02
9.798333994211843390e+01 4.710646172583538238e+00 1.561910111307947489e+02
9.756330015410152612e+01 4.596971965856515574e+00 1.568085659232723970e+02
9.715315413964960101e+01 4.493390026425702288e+00 1.574110102477076794e+02
9.675252162325980976e+01 4.399541533329181853e+00 1.579989201418183882e+02
9.636103599390342822e+01 4.315080623436996277e+00 1.585728509339546122e+02
9.597834420200088346e+01 4.239674293786573678e+00 1.591333373992336817e+02
9.560410675047768336e+01 4.173002393109346286e+00 1.596808937730960452e+02
9.523799663308926711e+01 4.114756615380864346e+00 1.602160153602852404e+02
9.487969845845319128e+01 4.064639669423585566e+00 1.607391798623889656e+02
9.452890840046829624e+01 4.022365231905836502e+00 1.612508474529801674e+02
9.418533412576559272e+01 3.987657878571162051e+00 1.617514608875620468e+02
9.384869440098461268e+01 3.960252711945099868e+00 1.622414460987495204e+02
9.351871793289315349e+01 3.939894261796670349e+00 1.627212139540792180e+02
9.319514326267453441e+01 3.926336384925621648e+00 1.631911604162184517e+02
9.287771864149024736e+01 3.919342147202894200e+00 1.636516667315518418e+02
9.256620206946882945e+01 3.918683860532456986e+00 1.641030993710917301e+02
9.226036024374060673e+01 3.924142085616618481e+00 1.645458116247443741e+02
9.195996817227886311e+01 3.935505265889327031e+00 1.649801441865371032e+02
9.166480912911285373e+01 3.952569685060965288e+00 1.654064252224919471e+02
9.137467463240206200e+01 3.975139446336290128e+00 1.658249704038596519e+02
9.108936408973876553e+01 4.003026136174050009e+00 1.662360834446594140e+02
9.080868395274578120e+01 4.036048022872347651e+00 1.666400573828995277e+02
9.053244766470051275e+01 4.074030006918745173e+00 1.670371746599523135e+02
9.026047556484979850e+01 4.116803530286994750e+00 1.674277072655663403e+02
8.999259498083671360e+01 4.164206664058570873e+00 1.678119165977898035e+02
8.972863952601790061e+01 4.216083442303244944e+00 1.681900545278959385e+02
