2.540000000000000000e+02 7.000000000000000000e+00 0.000000000000000000e+00
2.528917560712963848e+02 7.492045233200024690e+00 6.721083971026804438e-01
2.517684895481833394e+02 7.987871512355740222e+00 1.353866974361831232e+00
2.506300511220156864e+02 8.487514202525751728e+00 2.045372792776938731e+00
2.494762900326123543e+02 8.991009010848868499e+00 2.746723857952197978e+00
2.483058169597411791e+02 9.498443764554933111e+00 3.459154367284240195e+00
2.471082990546522637e+02 1.001016858476459959e+01 4.191907010802997213e+00
2.458687941040327303e+02 1.052280033645127411e+01 4.962103658660639738e+00
2.445821077215863397e+02 1.103513908683312827e+01 5.775717338917083055e+00
2.432469349567159327e+02 1.154713946931614821e+01 6.633976363326959280e+00
2.418619350133477326e+02 1.205875477474103441e+01 7.538142854917942337e+00
2.404257310586521328e+02 1.256993694417015561e+01 8.489512928448666784e+00
2.389365932679797879e+02 1.308051217900339935e+01 9.489736322532895230e+00
2.373886173568775462e+02 1.358868290671849621e+01 1.054467109411937109e+01
2.357786932185811395e+02 1.409363037465347546e+01 1.165737978507726424e+01
2.341025127652081892e+02 1.459564618878605913e+01 1.283106835683226166e+01
2.323553743114666759e+02 1.509491372659951836e+01 1.406959581365590140e+01
2.305351871068758385e+02 1.559124525310126153e+01 1.537494393105936652e+01
2.286397814105844475e+02 1.608444965834499030e+01 1.674916594974970963e+01
2.266708740114071645e+02 1.657420745320128930e+01 1.819166582704952262e+01
2.246418717262642417e+02 1.705985490202952093e+01 1.969378933285880251e+01
2.225542700436031964e+02 1.754112869488155368e+01 2.125498280618900537e+01
2.204060183148200736e+02 1.801941991486888384e+01 2.287737688891937538e+01
2.181938251568520002e+02 1.849945738627562619e+01 2.456454402987586860e+01
2.159157215435212152e+02 1.898171222757072485e+01 2.631853072481796474e+01
2.135698216719001721e+02 1.946626276011005885e+01 2.814128410017210769e+01
2.111542104479585475e+02 1.995313046938396084e+01 3.003478241780472402e+01
2.086668799286744047e+02 2.044236374275395463e+01 3.200108160440962024e+01
2.061034552008607648e+02 2.093416147684597561e+01 3.404325781970595699e+01
2.034844382916855352e+02 2.142422757959035806e+01 3.614501378137691745e+01
2.008372086219629296e+02 2.190777765227593932e+01 3.828644931766950776e+01
1.981618988471602449e+02 2.238465841670583956e+01 4.046768185544155472e+01
1.954586235990057617e+02 2.285471869820413815e+01 4.268884352756094813e+01
1.927276281433182135e+02 2.331794118381004211e+01 4.495015250164906462e+01
1.899654981305561137e+02 2.377184856828504778e+01 4.725091308080374120e+01
1.871683115324930213e+02 2.421347052669899824e+01 4.959008552931309310e+01
1.843364126822725950e+02 2.464261784993881932e+01 5.196757018472044365e+01
1.814700670924032977e+02 2.505904447553212933e+01 5.438323790442824901e+01
1.785697950982875852e+02 2.546236975910493427e+01 5.683741024580941570e+01
1.756387460886228666e+02 2.585052018953029318e+01 5.933568552831873433e+01
1.726781350963238992e+02 2.622266194682559259e+01 6.187974062866607738e+01
1.696878911411050979e+02 2.657556702953647232e+01 6.447260757089296135e+01
1.666968642818463309e+02 2.687712297639525616e+01 6.711379552158552997e+01
1.637718644314754499e+02 2.708772754044967002e+01 6.976736260310924820e+01
1.609269089343932535e+02 2.720159787731994427e+01 7.242256682142024715e+01
1.581631577600880973e+02 2.722146401002561689e+01 7.507613039443982927e+01
1.554817031003831858e+02 2.715005914692789446e+01 7.772482853960194404e+01
1.528835041585184058e+02 2.699014619557709338e+01 8.036553871215787126e+01
1.503694209092679159e+02 2.674447543462931876e+01 8.299521910868917018e+01
1.479310943413570669e+02 2.642781132473679051e+01 8.561641301984644770e+01
1.455614365600691542e+02 2.605237819117551368e+01 8.823141375731066205e+01
1.432609401731983212e+02 2.561996131493822659e+01 9.083818769958205053e+01
1.410301653619959836e+02 2.513216952581108643e+01 9.343467176282382525e+01
1.388695989549741228e+02 2.459062507909080608e+01 9.601885693759871288e+01
1.367790685134726800e+02 2.399792301498689895e+01 9.858835218002933232e+01
1.347481792193033812e+02 2.337294752325176717e+01 1.011336097583722591e+02
1.327731061746969772e+02 2.272289077350480468e+01 1.036509072475715527e+02
1.308538476414186107e+02 2.204852533656946889e+01 1.061395276981289868e+02
1.289903541587302982e+02 2.135065228155333017e+01 1.085987688703897618e+02
1.271868604736950772e+02 2.062999860642450400e+01 1.110239411463820858e+02
1.254996166630748888e+02 1.988679197094124618e+01 1.133615665133591079e+02
1.239500151321332169e+02 1.912201822594499845e+01 1.155901721672893530e+02
1.225534550809562120e+02 1.833510746471140607e+01 1.176940005485782308e+02
1.212803079714081491e+02 1.754325914378619089e+01 1.196837880728264309e+02
1.200864962850517941e+02 1.677074599073416650e+01 1.215770550555959062e+02
1.189359723248516190e+02 1.603216460569858626e+01 1.233918468319448607e+02
1.178262633762409166e+02 1.532651467684645930e+01 1.251315582095992909e+02
1.167561146588342353e+02 1.465196137656294439e+01 1.267997555028641301e+02
1.157242854666620389e+02 1.400680561784562883e+01 1.283997908208730792e+02
1.147294037367465478e+02 1.338965141692843375e+01 1.299346242992621399e+02
1.137695502970363179e+02 1.279919012053446892e+01 1.314070348739329290e+02
1.128430690978620845e+02 1.223427239684311196e+01 1.328195739865310259e+02
1.119486337244101861e+02 1.169388474136011169e+01 1.341746072153235900e+02
1.110849743339099973e+02 1.117705461071550843e+01 1.354744070588445197e+02
1.102503046162725724e+02 1.068442691846393799e+01 1.367217967535211471e+02
1.094413714513805331e+02 1.022116677861888157e+01 1.379212485696624242e+02
1.086587153695971324e+02 9.785739088497027893e+00 1.390780020293215671e+02
1.079021791874999252e+02 9.376357517066457703e+00 1.401958651914037262e+02
1.071706353069974256e+02 8.991941769445315202e+00 1.412765100538184697e+02
1.064630040644731395e+02 8.631457594608189510e+00 1.423215375181726756e+02
1.057782500161488741e+02 8.293913217862847631e+00 1.433324828992148525e+02
1.051153815695047058e+02 7.978358986870301983e+00 1.443108164715021644e+02
1.044734506551226190e+02 7.683887056491759182e+00 1.452579439561117454e+02
1.038515487366235277e+02 7.409627556748914046e+00 1.461752124385884883e+02
1.032488044131712996e+02 7.154746296180381826e+00 1.470639138806285757e+02
1.026633353069673547e+02 6.917468668973513424e+00 1.479266100833779944e+02
1.020933168087894529e+02 6.696076151176749924e+00 1.487657693003386896e+02
1.015380176656901199e+02 6.489869935537982748e+00 1.495824647447039411e+02
1.009968530358425625e+02 6.298288427883278473e+00 1.503775779752247672e+02
1.004693026660943360e+02 6.120830947379787723e+00 1.511519033480031169e+02
9.995483218377974310e+01 5.956984365517764779e+00 1.519062481474385038e+02
9.945293353986259888e+01 5.806260744808903418e+00 1.526413814769138639e+02
9.896311712083655721e+01 5.668189959256748622e+00 1.533580445131778731e+02
9.848491159808564532e+01 5.542319548886158742e+00 1.540569507345242073e+02
9.801786391515891239e+01 5.428214707461167521e+00 1.547387859400687660e+02
9.756153774598415396e+01 5.325456793555422230e+00 1.554042105851704605e+02
9.711551242417144181e+01 5.233642296565467866e+00 1.560538614032723785e+02
9.667938286999448394e+01 5.152382766197233011e+00 1.566883515165074243e+02
9.625275952130176904e+01 5.081304745757999619e+00 1.573082705403437558e+02
9.583526761715839370e+01 5.020049080356818294e+00 1.579141856686963763e+02
9.542654575719399190e+01 4.968269525655229835e+00 1.585066438561515270e+02
9.502624579964590623e+01 4.925632649407492458e+00 1.590861719724057082e+02
9.463403270715403437e+01 4.891817682550846591e+00 1.596532770358503797e+02
9.424958447975043896e+01 4.866516454497724631e+00 1.602084463150702618e+02
9.387259067823723058e+01 4.849431967153805978e+00 1.607521495655598187e+02
9.350275208428195128e+01 4.840278066673001867e+00 1.612848395445922165e+02
9.313978060932177527e+01 4.838779355489622347e+00 1.618069521492060403e+02
9.278339931886426939e+01 4.844671215796841679e+00 1.623189063793950027e+02
9.243334160927676635e+01 4.857699014569412554e+00 1.628211055850642026e+02
9.208935034894027183e+01 4.877617274183235985e+00 1.633139387669662881e+02
9.175117784952431066e+01 4.904189644676332449e+00 1.637977806202117961e+02
9.141858574608774290e+01 4.937188787973365578e+00 1.642729917158865192e+02
9.109134499539243279e+01 4.976396376259446974e+00 1.647399185036028371e+02
9.076923472133597670e+01 5.021601977028515407e+00 1.651988950603786748e+02
9.045204197545903924e+01 5.072602821810899165e+00 1.656502434534071142e+02
9.013956168530313562e+01 5.129203756305866335e+00 1.660942738182807545e+02
8.983159664831106284e+01 5.191217234504766687e+00 1.665312843682300183e+02
8.952795723084736323e+01 5.258463028037719589e+00 1.669615618500292555e+02
8.922846045674980076e+01 5.330767346013417729e+00 1.673853829246093312e+02
8.893292994931445605e+01 5.407962778996608044e+00 1.678030142549347659e+02
8.864119586299800346e+01 5.489888233059585509e+00 1.682147126094579335e+02
8.835309494204543057e+01 5.576388986411937587e+00 1.686207247733066765e+02
8.806847014052951295e+01 5.667316322479075907e+00 1.690212881238326759e+02
8.778716988351341399e+01 5.762526816441178035e+00 1.694166317497563057e+02
