2.540000000000000000e+02 7.000000000000000000e+00 0.000000000000000000e+00
2.518279459791803845e+02 7.466156115801217297e+00 1.799658266479597479e+00
2.496587950672009981e+02 7.932437571025469758e+00 3.597311458979271404e+00
2.474918409127404004e+02 8.399002579526902323e+00 5.393296360799467948e+00
2.453270608052280295e+02 8.865854523273640098e+00 7.187628994338307820e+00
2.431644383393008866e+02 9.332995364023577878e+00 8.980322406181851846e+00
2.410039610082652075e+02 9.800426188273226202e+00 1.077138779834329441e+01
2.388456130696107778e+02 1.026814882288441488e+01 1.256083788039256355e+01
2.366894203009867113e+02 1.073615737998016151e+01 1.434865386153047240e+01
2.345319577178520376e+02 1.120484799675044307e+01 1.613751955272550020e+01
2.323646876302549344e+02 1.166929301326081436e+01 1.793589506113109877e+01
2.301860106015053020e+02 1.212629063503929494e+01 1.974604268343534130e+01
2.279960703162612106e+02 1.257580953690457548e+01 2.156784786506268503e+01
2.257950020457748508e+02 1.301780078313132449e+01 2.340120818863252694e+01
2.235829421139073645e+02 1.345221587307514177e+01 2.524602022019227832e+01
2.213600278924758982e+02 1.387900674371921284e+01 2.710217951250736945e+01
2.191263977953212532e+02 1.429812577286739383e+01 2.896958060927192946e+01
2.168821912641854226e+02 1.470952578721230708e+01 3.084811705500509049e+01
2.146275487660461749e+02 1.511316006367991704e+01 3.273768139696770163e+01
2.123625787721416600e+02 1.550895168428159288e+01 3.463819394412954011e+01
2.100860038479561354e+02 1.589600144120021241e+01 3.655112297069090488e+01
2.077983205210457527e+02 1.627818768642158176e+01 3.847876298075059509e+01
2.054976455856214841e+02 1.665103745295340687e+01 4.042213301188819941e+01
2.031863249832028373e+02 1.701213695683119198e+01 4.238580520210214786e+01
2.008663543591666212e+02 1.736197444468070117e+01 4.437204648634093473e+01
1.985378247644683540e+02 1.770046708765293531e+01 4.638083365356908416e+01
1.962008367898009169e+02 1.802753815631354328e+01 4.841214977334779235e+01
1.938554920863175823e+02 1.834311125712025969e+01 5.046597638621753390e+01
1.915018933645908135e+02 1.864711033866967682e+01 5.254229349743706479e+01
1.891401443934111626e+02 1.893945969921256989e+01 5.464107956940485877e+01
1.867702227919966447e+02 1.921934091519023369e+01 5.676213341616271890e+01
1.843908799809480286e+02 1.947816667061720608e+01 5.890327633336319479e+01
1.820022348639890311e+02 1.971441315195923494e+01 6.106384551075541367e+01
1.796046603486599622e+02 1.992799752912891975e+01 6.324351253351449742e+01
1.771985356057657555e+02 2.011886421817831661e+01 6.544195083040985139e+01
1.747840459350137507e+02 2.028702841009946312e+01 6.765896242135467276e+01
1.723684889568430378e+02 2.043003461445730551e+01 6.988956794490762547e+01
1.699566616869083475e+02 2.054639700234001154e+01 7.213041562978565935e+01
1.675490757976631926e+02 2.063615822392051413e+01 7.438101372196861405e+01
1.651462533612193226e+02 2.069936199709634295e+01 7.664086123997630295e+01
1.627487069176506509e+02 2.073606016336749036e+01 7.890946130913870604e+01
1.603569464560805216e+02 2.074631007741102451e+01 8.118631657449653005e+01
1.579714793411194194e+02 2.073017458585979256e+01 8.347092927917238114e+01
1.555916421231346192e+02 2.068815563822383297e+01 8.576348619010502716e+01
1.532393387613777236e+02 2.061228509583582991e+01 8.805099513838172243e+01
1.509334607710439968e+02 2.049623660736412134e+01 9.032214724911260362e+01
1.486844684580876219e+02 2.033828533295418239e+01 9.257085492374096702e+01
1.464969954928015738e+02 2.013755692781639439e+01 9.479325830450287071e+01
1.443829628443618844e+02 1.988967441920963708e+01 9.697875299305056274e+01
1.423482334763686197e+02 1.959459584464033810e+01 9.911994803306561153e+01
1.403940052794392273e+02 1.925352216572946418e+01 1.012142257046781850e+02
1.385187920647326507e+02 1.886820669384073312e+01 1.032621380752506468e+02
1.367228806275774673e+02 1.844071444743605781e+01 1.052629372860389765e+02
1.350051342092843072e+02 1.797283865088054355e+01 1.072169254122571687e+02
1.333637589271632180e+02 1.746620882921709850e+01 1.091248989941369985e+02
1.317967317217257630e+02 1.692293723181210652e+01 1.109880082293990853e+02
1.302993768584988743e+02 1.635056195218189501e+01 1.128111991617488599e+02
1.288689553592286643e+02 1.575260445792268982e+01 1.145967943325205596e+02
1.275040274509444060e+02 1.512993785102239919e+01 1.163453249726282621e+02
1.262031333505528039e+02 1.448350188056195087e+01 1.180573770037709238e+02
1.249648356733032131e+02 1.381421569927771031e+01 1.197335312752991285e+02
1.237878000350598739e+02 1.312292134112023234e+01 1.213743750219295237e+02
1.226696158295483770e+02 1.241121504634808481e+01 1.229803337137804533e+02
1.216056647901740462e+02 1.168223675916811288e+01 1.245515066070932448e+02
1.205943391009636656e+02 1.093699154784772531e+01 1.260884104530437781e+02
1.196346132315213993e+02 1.017608287024320468e+01 1.275915766186246856e+02
1.187194722172252455e+02 9.403568200035282487e+00 1.290644751867069147e+02
1.178364397843213851e+02 8.626627486836989434e+00 1.305132525896671325e+02
1.169784494467072449e+02 7.848760937828376250e+00 1.319419091343538071e+02
1.161341524613504390e+02 7.075491988656361642e+00 1.333569437117668883e+02
1.153026605689527457e+02 6.307160071155266223e+00 1.347589174764498807e+02
1.144838543997719569e+02 5.543725362728853412e+00 1.361479542730631636e+02
1.136776691919606606e+02 4.785116630879955757e+00 1.375241132865683937e+02
1.128836433901095404e+02 4.031499041495775870e+00 1.388879248049854880e+02
1.121005447127336367e+02 3.283490849587212601e+00 1.402408358595025106e+02
1.113281677622403407e+02 2.541095912194543338e+00 1.415830770156851770e+02
1.105664066643236794e+02 1.804260565299293573e+00 1.429147607242834965e+02
1.098151581095709162e+02 1.072930587257344026e+00 1.442359965870203951e+02
1.090743201280017018e+02 3.470520663514085613e-01 1.455468927589522536e+02
1.083439061617542762e+02 -3.733387552804176002e-01 1.468476027165070548e+02
1.076224700463094734e+02 -1.089349408689916254e+00 1.481376935611339150e+02
1.069080490674858765e+02 -1.802492278752111821e+00 1.494164812059868552e+02
1.062002757455231290e+02 -2.513030088390923122e+00 1.506838805436290443e+02
1.054991241410493501e+02 -3.220958090246040406e+00 1.519399404362218604e+02
1.048045684329282921e+02 -3.926271556392523898e+00 1.531847094893195447e+02
1.041165827535639323e+02 -4.628965906555255749e+00 1.544182363535323645e+02
1.034351411919854939e+02 -5.329036705821889264e+00 1.556405697194960283e+02
1.027602177956380842e+02 -6.026479663325597258e+00 1.568517583149502741e+02
1.020916404030089240e+02 -6.721232044769483771e+00 1.580520409592234330e+02
1.014290577604269998e+02 -7.413161554542365472e+00 1.592418892176971781e+02
1.007723875439931476e+02 -8.102245580912200040e+00 1.604214248610481377e+02
1.001215609280409495e+02 -8.788467128586042065e+00 1.615907520658658143e+02
9.947651424231185047e+01 -9.471811450418311296e+00 1.627499682635557861e+02
9.883718897195510067e+01 -1.015226604741081751e+01 1.638991641403396784e+02
9.820353175752794073e+01 -1.082982066871273652e+01 1.650384236372552493e+02
9.757549439499538835e+01 -1.150446731162061731e+01 1.661678239501562473e+02
9.695303383573032363e+01 -1.217620022157839088e+01 1.672874355297125817e+02
9.633611218651361696e+01 -1.284501589217736139e+01 1.683973220814101808e+02
9.572469670953387322e+01 -1.351091306515620438e+01 1.694975405655511054e+02
9.511875982238763072e+01 -1.417389273040097741e+01 1.705881411972534067e+02
9.451827909807929018e+01 -1.483395812594511121e+01 1.716691674464512971e+02
9.392323726502114312e+01 -1.549111473796940786e+01 1.727406560378949223e+02
9.333362220703334344e+01 -1.614537030080204261e+01 1.738026369511507028e+02
9.274942696334387904e+01 -1.679673479691858162e+01 1.748551334206009358e+02
9.217063863171964044e+01 -1.744521566085677478e+01 1.758981764013278450e+02
9.159721392946049434e+01 -1.809080731105335005e+01 1.769318364120699414e+02
9.102912716562573792e+01 -1.873351191912833258e+01 1.779561609920094156e+02
9.046639781104921951e+01 -1.937329232498168707e+01 1.789712179320921734e+02
8.990927101161486235e+01 -2.000986554188763478e+01 1.799771777128055987e+02
8.935797636864749904e+01 -2.064293697303782338e+01 1.809741969952875422e+02
8.881266462092902714e+01 -2.127230552656303431e+01 1.819624060569515223e+02
8.827341073138289573e+01 -2.189786212165889978e+01 1.829419109546863353e+02
8.774021388707414815e+01 -2.251958968858589571e+01 1.839127935248556867e+02
8.721299749920949296e+01 -2.313756316866934171e+01 1.848751113832984743e+02
8.669160920313716190e+01 -2.375194951429942947e+01 1.858288979253287323e+02
8.617582085834702355e+01 -2.436300768893116597e+01 1.867741623257354888e+02
8.566533385592795469e+01 -2.497108404452965402e+01 1.877108827731527754e+02
8.515981978677486097e+01 -2.557650034570491471e+01 1.886392915814811317e+02
8.465535589383858905e+01 -2.618252837119969456e+01 1.895650003679227495e+02
8.415066061442537659e+01 -2.679024290886245652e+01 1.904898116548503708e+02
8.364571970259079592e+01 -2.739965352774859042e+01 1.914137422443148182e+02
8.314062124905015594e+01 -2.801065389027021979e+01 1.923369129212103985e+02
8.263555944412728138e+01 -2.862300957184004702e+01 1.932596216333849384e+02
8.213058362090588105e+01 -2.923666079495168546e+01 1.941819353218880622e+02
