2.540000000000000000e+02 7.000000000000000000e+00 0.000000000000000000e+00
2.529006140006981127e+02 7.492703674500801547e+00 6.680144811079835598e-01
2.517859958925652393e+02 7.989087100588193380e+00 1.345765756953690495e+00
2.506559951306983294e+02 8.489183928677979551e+00 2.033351199669824805e+00
2.495104597253367729e+02 8.993028129472106613e+00 2.730869117104174126e+00
2.483488081894125514e+02 9.500708828857426624e+00 3.438715427986677842e+00
2.471618791956256018e+02 1.001233445591719651e+01 4.164742274736366490e+00
2.459313176687201974e+02 1.052420595009934878e+01 4.930176148881933784e+00
2.446533227009699942e+02 1.103564492007048159e+01 5.739315031015538970e+00
2.433265701482615384e+02 1.154660200705380291e+01 6.593405954492062016e+00
2.419496992209626569e+02 1.205702639089778394e+01 7.493730533054191234e+00
2.405213123218826183e+02 1.256686578357391326e+01 8.441605113771043278e+00
2.390398579670504660e+02 1.307602046272630858e+01 9.438499421791920696e+00
2.374992771859701008e+02 1.358262871956974216e+01 1.049045113343281699e+01
2.358967428517083249e+02 1.408588286633906783e+01 1.160026201584966010e+01
2.342283796545420103e+02 1.458608431559500751e+01 1.277084565454798160e+01
2.324888319204612799e+02 1.508346929832373817e+01 1.400662560185344852e+01
2.306759163027782904e+02 1.557785647655737904e+01 1.530966287096120304e+01
2.287874329055617295e+02 1.606905334495118609e+01 1.668204281608814910e+01
2.268245482857396098e+02 1.655674803998565636e+01 1.812354924976742510e+01
2.248023466438206697e+02 1.704019072618767083e+01 1.962433429134673446e+01
2.227211785598809684e+02 1.751994661579555768e+01 2.118472537868732530e+01
2.205774012461669429e+02 1.800138752667453446e+01 2.280843011697993461e+01
2.183690488605413975e+02 1.848500204622143173e+01 2.449746757500033212e+01
2.160942727792919129e+02 1.897085223912726804e+01 2.625374128849842492e+01
2.137511795168144886e+02 1.945897997614985897e+01 2.807920121608809794e+01
2.113378092660447578e+02 1.994942717319277037e+01 2.997585914709980770e+01
2.088506347262392353e+02 2.044210093062071820e+01 3.194653189367025803e+01
2.062849297937679296e+02 2.093667307632246732e+01 3.399409168152835292e+01
2.036791401078601780e+02 2.142746608970871947e+01 3.609051141597377210e+01
2.010478828879782327e+02 2.191181061603055014e+01 3.822519803329618782e+01
1.983886868921801749e+02 2.238932735465208523e+01 4.039956274045896123e+01
1.957016348127584138e+02 2.285990437663671671e+01 4.261380078004240346e+01
1.929856189263938973e+02 2.332260882501066845e+01 4.486779726461501383e+01
1.902351751521403003e+02 2.377350122799975907e+01 4.716028187762492507e+01
1.874500741102332313e+02 2.421201511392139238e+01 4.949103018010080746e+01
1.846305703036072430e+02 2.463789940723228611e+01 5.185991693965711846e+01
1.817769544182191339e+02 2.505091922053420816e+01 5.426681125148027007e+01
1.788896153857953095e+02 2.545078062115305428e+01 5.671174763634478211e+01
1.759711688162837220e+02 2.583566514481177023e+01 5.919927989583023020e+01
1.730232256705793645e+02 2.620432112873832509e+01 6.173263781654083004e+01
1.700455514243426194e+02 2.655200337555564971e+01 6.431617374062859938e+01
1.670635968259536810e+02 2.684819840426695592e+01 6.695163317739759634e+01
1.641435457064130787e+02 2.705534381402651789e+01 6.960304829167496621e+01
1.613045347850332689e+02 2.716414062204572133e+01 7.225685889742138102e+01
1.585483125223980494e+02 2.717712477505462232e+01 7.490930105159010566e+01
1.558759110072771534e+02 2.709717667392274620e+01 7.755708396659855453e+01
1.532882261886798290e+02 2.692720459543659928e+01 8.019702329571680366e+01
1.507858493689784609e+02 2.667036754738125737e+01 8.282614135198166139e+01
1.483596206962490669e+02 2.634240129531843166e+01 8.544732200222608753e+01
1.460032285657357249e+02 2.595443933817267634e+01 8.806229149547768031e+01
1.437167123441679450e+02 2.550890838724263077e+01 9.066921486102211247e+01
1.415007807568330804e+02 2.500723944212908734e+01 9.326589211173097738e+01
1.393558589572069764e+02 2.445116676593819705e+01 9.585029125174220610e+01
1.372816668411359444e+02 2.384349332115155207e+01 9.841991547547269192e+01
1.352680676462621534e+02 2.320285101881488998e+01 1.009652867534411342e+02
1.333108971515194412e+02 2.253707278614780307e+01 1.034823637399194354e+02
1.314100714091849795e+02 2.184704391136719792e+01 1.059703903332299433e+02
1.295655091397527769e+02 2.113359279887457376e+01 1.084286652939614726e+02
1.277817691974590559e+02 2.039747191350632249e+01 1.108521805142387251e+02
1.261208723353928747e+02 1.963887772213023197e+01 1.131822306695383702e+02
1.246004020899145388e+02 1.885866264469967390e+01 1.154009737776536895e+02
1.232341543371606178e+02 1.805703401353746074e+01 1.174933029011089332e+02
1.219799752787420317e+02 1.725439572053580761e+01 1.194779525528190760e+02
1.207932007836010939e+02 1.647670698597303485e+01 1.213711977277807819e+02
1.196489755697880923e+02 1.573341853623418096e+01 1.231861544075000126e+02
1.185457681981331746e+02 1.502303349136126265e+01 1.249259484421535120e+02
1.174825028042189814e+02 1.434355799695429035e+01 1.265943264606802927e+02
1.164573787266566711e+02 1.369320570319290553e+01 1.281946973577695985e+02
1.154685322929116751e+02 1.307062238197097415e+01 1.297299586627948429e+02
1.145144700145183236e+02 1.247468267177297818e+01 1.312027099409180835e+02
1.135938756926847617e+02 1.190437067004034333e+01 1.326153801788107671e+02
1.127054053065313042e+02 1.135865829734656707e+01 1.339703578393904593e+02
1.118477864487840918e+02 1.083656978427082329e+01 1.352699245609838101e+02
1.110198850099438488e+02 1.033706791960345761e+01 1.365161518445357842e+02
1.102194418905006188e+02 9.862837350025746019e+00 1.377120202813579510e+02
1.094437282892633192e+02 9.417278538452375614e+00 1.388615790606546341e+02
1.086935423516097785e+02 8.998122200198654497e+00 1.399710745640809932e+02
1.079681729474799425e+02 8.604003929293943642e+00 1.410430150773906064e+02
1.072665512795265954e+02 8.233882938552257613e+00 1.420790149295069398e+02
1.065876522836626208e+02 7.886764225836336628e+00 1.430806157924084800e+02
1.059304949536305713e+02 7.561695658198040348e+00 1.440492930509548728e+02
1.052941383397690061e+02 7.257764079144724434e+00 1.449864618228009192e+02
1.046776813483269848e+02 6.974095113396888479e+00 1.458934772603299166e+02
1.040802617857574859e+02 6.709852237104009021e+00 1.467716359885285442e+02
1.035011306157563951e+02 6.464307303006968652e+00 1.476220825538494239e+02
1.029390140529413173e+02 6.236234049642348509e+00 1.484466202800150256e+02
1.023917806006424911e+02 6.023591989038227901e+00 1.492481262853953581e+02
1.018585126825283282e+02 5.825496033188794165e+00 1.500279170044784109e+02
1.013386603857374269e+02 5.641411263719386504e+00 1.507868350298938935e+02
1.008317055698410343e+02 5.470833513877758847e+00 1.515256770989295774e+02
1.003371498525447407e+02 5.313277915050252709e+00 1.522452097411261889e+02
9.985451398297284697e+01 5.168278305266134964e+00 1.529461700375947260e+02
9.938333639191174029e+01 5.035385812100733993e+00 1.536292678524682742e+02
9.892317207571883841e+01 4.914167761728245765e+00 1.542951875507752391e+02
9.847359251089118004e+01 4.804207595416372101e+00 1.549445881299332370e+02
9.803418559733610493e+01 4.705104814081931153e+00 1.555781033070678347e+02
9.760455469010547347e+01 4.616474031838992964e+00 1.561963430093519776e+02
9.718431728352443599e+01 4.537943689776958500e+00 1.567998953993813132e+02
9.677310492795668040e+01 4.469155974601981995e+00 1.573893270032874625e+02
9.637056311371880213e+01 4.409766705174212653e+00 1.579651828894132848e+02
9.597635092024358983e+01 4.359444989576643614e+00 1.585279872083170858e+02
9.559013957422713759e+01 4.317871815755530918e+00 1.590782454120529508e+02
9.521161226773818953e+01 4.284739873729944470e+00 1.596164445341343026e+02
9.484046401735844256e+01 4.259753417910126849e+00 1.601430534063427729e+02
9.447640167511515585e+01 4.242628277789260771e+00 1.606585226418988270e+02
9.411914268603675282e+01 4.233090643501514094e+00 1.611632865478154315e+02
9.376841463684942823e+01 4.230876624693061139e+00 1.616577638195373652e+02
9.342395519074516130e+01 4.235732186762727558e+00 1.621423576413439207e+02
9.308551208038973357e+01 4.247413144035166788e+00 1.626174556971107279e+02
9.275284250359879934e+01 4.265684569059432718e+00 1.630834311004745985e+02
9.242571225434367932e+01 4.290319943209606635e+00 1.635406437323757416e+02
9.210389568459940790e+01 4.321101119393865098e+00 1.639894402997795737e+02
9.178717558735954185e+01 4.357818207713359371e+00 1.644301545157397015e+02
9.147534322866731316e+01 4.400269606774158682e+00 1.648631070500915143e+02
9.116819732498476014e+01 4.448261004119068218e+00 1.652886071034702411e+02
9.086554378725608672e+01 4.501605126065141071e+00 1.657069528012430055e+02
9.056719567805573945e+01 4.560121695820158472e+00 1.661184312594645291e+02
9.027297319503202289e+01 4.623637417309156561e+00 1.665233186103604623e+02
8.998270342809686895e+01 4.691985737839563519e+00 1.669218803760537924e+02
8.969621952600745374e+01 4.765006033489280313e+00 1.673143727513468946e+02
8.941336063695564462e+01 4.842543551037365113e+00 1.677010426951645456e+02
8.913397184704088261e+01 4.924449347828226742e+00 1.680821280252547467e+02
8.885790423069622079e+01 5.010580341071245059e+00 1.684578573405702571e+02
