2.540000000000000000e+02 7.000000000000000000e+00 0.000000000000000000e+00
2.529225667048808361e+02 7.490534446484213404e+00 6.558049901326340470e-01
2.518302058294370624e+02 7.985589477816210646e+00 1.320936640436387366e+00
2.507226842706389220e+02 8.485060084846383077e+00 1.995550721746535805e+00
2.495995213498645171e+02 8.988291059634651248e+00 2.679991960843861598e+00
2.484604405864536432e+02 9.495048584396512226e+00 3.374451278926609454e+00
2.473027549615562179e+02 1.000564002403842956e+01 4.080867320389900854e+00
2.461094004104454882e+02 1.051771080325431740e+01 4.816780336613531333e+00
2.448718559913989452e+02 1.102941511594038637e+01 5.592152093885378150e+00
2.435859287626814762e+02 1.154044010313313784e+01 6.411724789481713316e+00
2.422501380780582849e+02 1.205071731204513519e+01 7.276913791180540159e+00
2.408630783623638081e+02 1.256018650575259521e+01 8.189032587127451635e+00
2.394233115672266763e+02 1.306878623310376852e+01 9.149423347455217126e+00
2.379289444651782333e+02 1.357629102295480372e+01 1.015988590432993277e+01
2.363742040251018466e+02 1.408087978338587476e+01 1.122617170939082598e+01
2.347579110423633324e+02 1.458195497543732699e+01 1.234954369930951401e+01
2.330787107802275102e+02 1.507940186860728993e+01 1.353127572575313486e+01
2.313296657168440902e+02 1.557361730106924114e+01 1.477697721425360200e+01
2.295059788265206180e+02 1.606471183363307631e+01 1.609067770622607441e+01
2.276052680957299117e+02 1.655249246569837851e+01 1.747458748024377329e+01
2.256307752621487168e+02 1.703660293185461327e+01 1.892708941523944688e+01
2.235964696536603356e+02 1.751666525934158614e+01 2.043920218822525925e+01
2.215004974611640591e+02 1.799747312684188216e+01 2.201322652161408655e+01
2.193405316126919899e+02 1.848042495016363773e+01 2.365149326364095828e+01
2.171147343322062966e+02 1.896556781125643099e+01 2.535587928641385957e+01
2.148212169229394988e+02 1.945294271066530811e+01 2.712831365680369444e+01
2.124580365652869887e+02 1.994259178825972612e+01 2.897078077386774808e+01
2.100231948587956481e+02 2.043455835387110753e+01 3.088532185952451314e+01
2.075143973476095596e+02 2.092889688296448014e+01 3.287411777480428299e+01
2.049508179765958289e+02 2.142148040076489224e+01 3.492190341295052036e+01
2.023591427709551169e+02 2.190740661957332236e+01 3.700882278257843438e+01
1.997393415746814185e+02 2.238654681600079499e+01 3.913510830735449986e+01
1.970914744034358250e+02 2.285875685989135420e+01 4.130092677313960081e+01
1.944148617213255932e+02 2.332339237948407629e+01 4.350627552868395043e+01
1.917045358083595374e+02 2.377686127899259816e+01 4.575010067013749904e+01
1.889593849570445627e+02 2.421802094894148993e+01 4.803201196644308624e+01
1.861798415280124743e+02 2.464674676946952658e+01 5.035193495320513790e+01
1.833661671052753945e+02 2.506279486568867299e+01 5.270974795500341514e+01
1.805186511926661979e+02 2.546593283147771203e+01 5.510532257373328235e+01
1.776376393390455348e+02 2.585589564036540722e+01 5.753861453251813174e+01
1.747253148798067173e+02 2.623098644972347060e+01 6.001390910349896046e+01
1.717835350434766895e+02 2.658971716780819250e+01 6.253492899607673650e+01
1.688126447099452605e+02 2.692904319639839628e+01 6.510379669381258338e+01
1.658472004198011973e+02 2.721591634675742100e+01 6.771599953787404047e+01
1.629452528684544745e+02 2.741546811383752313e+01 7.034323334376570358e+01
1.601252927673563420e+02 2.751618238210592082e+01 7.297368775930981144e+01
1.573886544731686286e+02 2.752085015292384185e+01 7.560381704366942301e+01
1.547363162700734449e+02 2.743240426129756315e+01 7.823031989783771678e+01
1.521691200862650817e+02 2.725380335408856070e+01 8.085000224384245371e+01
1.496868205916885017e+02 2.698928136859119675e+01 8.346031781436819585e+01
1.472769760715636949e+02 2.665850918185331508e+01 8.606599392490471701e+01
1.449364863834724417e+02 2.626815360990419634e+01 8.866691001586529808e+01
1.426659155876213845e+02 2.581993266069056148e+01 9.126090872318097524e+01
1.404657806075787221e+02 2.531553776819590951e+01 9.384587326610811431e+01
1.383365236275724612e+02 2.475667244143431134e+01 9.641974279997359076e+01
1.362755389157469494e+02 2.415002716766241520e+01 9.897817084728620785e+01
1.342718290884587304e+02 2.351565749810032102e+01 1.015108814220380111e+02
1.323241960808739464e+02 2.285637350478082652e+01 1.040161673062308125e+02
1.304325637629385142e+02 2.217302489233479790e+01 1.064932885850389681e+02
1.285968391201022882e+02 2.146643725303535177e+01 1.089415449533960327e+02
1.268313273294427290e+02 2.073727831334099747e+01 1.113469536131164972e+02
1.251954063538002799e+02 1.998617863874516942e+01 1.136535064984037291e+02
1.236961908543211166e+02 1.921459681576989453e+01 1.158529755817965565e+02
1.223455852756216444e+02 1.842369819072843740e+01 1.179309950336480171e+02
1.211014791485431346e+02 1.763319855850836504e+01 1.199059479469978839e+02
1.199235374945670998e+02 1.686777728538125132e+01 1.217912079164521657e+02
1.187878187325390655e+02 1.613684799013726945e+01 1.235989350313116262e+02
1.176928061936857119e+02 1.543837160338252801e+01 1.253328858134130854e+02
1.166369830314677500e+02 1.477038087525299659e+01 1.269966643594588334e+02
1.156186881627111660e+02 1.413135592408798225e+01 1.285933636714542558e+02
1.146362922598348462e+02 1.352011862349407778e+01 1.301256717661306936e+02
1.136883965553033704e+02 1.293555676821800127e+01 1.315961474331595014e+02
1.127736304138189922e+02 1.237660966683437813e+01 1.330072417697828655e+02
1.118906759627080447e+02 1.184225745631570526e+01 1.343613115279861745e+02
1.110382682639392726e+02 1.133152123514286025e+01 1.356606188069113159e+02
1.102140239624780804e+02 1.084673584344668029e+01 1.369083109797410316e+02
1.094147919136011637e+02 1.039224142902940784e+01 1.381082001816668594e+02
1.086394455243013653e+02 9.966974783854551490e+00 1.392627551114239566e+02
1.078889762326102328e+02 9.568189247005726372e+00 1.403781393259526169e+02
1.071626375710834225e+02 9.194545810930739194e+00 1.414567235169364778e+02
1.064593566477709317e+02 8.845020751458720909e+00 1.425000475377928808e+02
1.057781291017291494e+02 8.518616448598026025e+00 1.435096346481302021e+02
1.051179944852871984e+02 8.214379054603236696e+00 1.444869414691540612e+02
1.044780321963930731e+02 7.931394440321151151e+00 1.454333641561042896e+02
1.038573597664813803e+02 7.668786488949800528e+00 1.463502409963201103e+02
1.032551328578649787e+02 7.425717093448169770e+00 1.472388524131961276e+02
1.026703226736353400e+02 7.201169779042139396e+00 1.481007060732743810e+02
1.021010104305781994e+02 6.993264450527405529e+00 1.489384322710005222e+02
1.015458878299762944e+02 6.800715669568944577e+00 1.497538637728353024e+02
1.010041712956114708e+02 6.622748791593253692e+00 1.505481529586692488e+02
1.004754544648818069e+02 6.458956527072905018e+00 1.513219618161886615e+02
9.995922583410536788e+01 6.308829911950160074e+00 1.520760831496220078e+02
9.945499151576159136e+01 6.171877688623466085e+00 1.528112818077994461e+02
9.896228124457543629e+01 6.047632097590531330e+00 1.535282875238604277e+02
9.848064213456973448e+01 5.935642800106101014e+00 1.542278030289112394e+02
9.800963871973553410e+01 5.835476918934963564e+00 1.549105039888376609e+02
9.754885170462898714e+01 5.746717786717391974e+00 1.555770409453039065e+02
9.709787675050003486e+01 5.668963729935418527e+00 1.562280412015451816e+02
9.665632441372542871e+01 5.601828007236872686e+00 1.568641089180156314e+02
9.622382004581024262e+01 5.544938709275500699e+00 1.574858252677326789e+02
9.580000333260015566e+01 5.497938297099553395e+00 1.580937491521320055e+02
9.538452675318372087e+01 5.460482058319825249e+00 1.586884195952162031e+02
9.497705542593912753e+01 5.432237952883875565e+00 1.592703559827265849e+02
9.457726695332301858e+01 5.412886457599872969e+00 1.598400583032665452e+02
9.418485148481690317e+01 5.402120629202067370e+00 1.603980070505105857e+02
9.379951039694253723e+01 5.399644782029670687e+00 1.609446652738459704e+02
9.342095572811271609e+01 5.405173921882736821e+00 1.614804794563501389e+02
9.304891012990461263e+01 5.418433697211791689e+00 1.620058795904896556e+02
9.268310682106459808e+01 5.439160353059267372e+00 1.625212792495673000e+02
9.232328921310835312e+01 5.467100355995982319e+00 1.630270761693700194e+02
9.196920976327541553e+01 5.502009245065771381e+00 1.635236540301360151e+02
9.162062988468011326e+01 5.543651541779883729e+00 1.640113825961381906e+02
9.127731983628616774e+01 5.591800639908148796e+00 1.644906178866096411e+02
9.093905882398738072e+01 5.646238906747513830e+00 1.649617020187090191e+02
9.060563417859381730e+01 5.706756859671069826e+00 1.654249644845428691e+02
9.027684071055682580e+01 5.773152519733296018e+00 1.658807231536172253e+02
8.995248070499047799e+01 5.845231406683242703e+00 1.663292842805727219e+02
8.963236378787539138e+01 5.922806404952415171e+00 1.667709427130329516e+02
8.931630709936969481e+01 6.005697937270804587e+00 1.672059816223645896e+02
8.900413434537294677e+01 6.093733014590554831e+00 1.676346739770934562e+02
8.869567542311791897e+01 6.186744861037233534e+00 1.680572831245558234e+02
8.839076642110835280e+01 6.284572913847953579e+00 1.684740627909942816e+02
8.808924963188253798e+01 6.387062836172651359e+00 1.688852570617266338e+02
8.779097334823187282e+01 6.494066312953737707e+00 1.692911006977204238e+02
