2.540000000000000000e+02 7.000000000000000000e+00 0.000000000000000000e+00
2.529259800882917375e+02 7.495405400345049429e+00 6.613095644699683584e-01
2.518365611810114615e+02 7.995508632153119244e+00 1.332284257730620203e+00
2.507315699007361047e+02 8.500360475633254254e+00 2.013033503687787551e+00
2.496108309538187768e+02 9.010012270067800699e+00 2.703667936225243373e+00
2.484737718649527380e+02 9.524616626127631491e+00 3.404566304694036205e+00
2.473075014353307211e+02 1.004451053883331113e+01 4.128443248118855102e+00
2.460982242323442790e+02 1.056484982077722279e+01 4.890428107338214758e+00
2.448433269800350445e+02 1.108503995420691446e+01 5.693251493749103886e+00
2.435382991467011493e+02 1.160473761260963776e+01 6.541969562708644936e+00
2.421815825120932857e+02 1.212387824680762805e+01 7.438068422102488420e+00
2.407717652957405505e+02 1.264243338911682635e+01 8.382859854130073174e+00
2.393041251178855759e+02 1.315909229805926728e+01 9.381027483042336357e+00
2.377738664988980588e+02 1.367254450678987610e+01 1.043732478123032159e+01
2.361789942410120204e+02 1.418262019618167180e+01 1.155363978126571567e+01
2.345186891725980445e+02 1.468924383465512307e+01 1.273075574883308647e+01
2.327871756853650140e+02 1.519298307929298630e+01 1.397315937540628106e+01
2.309799674181989531e+02 1.569391817215374019e+01 1.528466517949478209e+01
2.290947297799760918e+02 1.619186100854016175e+01 1.666747067618926437e+01
2.271308063429194704e+02 1.668645687382735332e+01 1.812262757473811803e+01
2.251021075972026324e+02 1.717943037110351412e+01 1.964127463065922896e+01
2.230099261551288521e+02 1.767474599444062022e+01 2.122333532893603447e+01
2.208522858335457784e+02 1.817267057888389559e+01 2.287078702432151189e+01
2.186272827514372921e+02 1.867326295287300297e+01 2.458556291427046503e+01
2.163329590525237904e+02 1.917657864176005234e+01 2.636965051687363371e+01
2.139672988733559578e+02 1.968267477936366205e+01 2.822509628755764410e+01
2.115282267541540193e+02 2.019161015197977704e+01 3.015400723380467696e+01
2.090133751244018754e+02 2.070349009932828110e+01 3.215873365308811316e+01
2.064438041777670776e+02 2.121389999006022720e+01 3.422320767441129163e+01
2.038447974269081442e+02 2.171775120384137736e+01 3.632784532712832259e+01
2.012165958649304685e+02 2.221485379109704894e+01 3.847265687826116221e+01
1.985587110553012735e+02 2.270472368751178394e+01 4.065772950091669458e+01
1.958664615248984830e+02 2.318398177004782568e+01 4.288221043470741733e+01
1.931381675110878859e+02 2.365114540628356465e+01 4.514567700477649481e+01
1.903742685486444088e+02 2.410613831472555901e+01 4.744810172608346477e+01
1.875749567490238405e+02 2.454871473040300955e+01 4.978940123241392968e+01
1.847404636619345411e+02 2.497864831881247483e+01 5.216948796163654123e+01
1.818710307632524064e+02 2.539571307101792641e+01 5.458826516459836853e+01
1.789668827570328347e+02 2.579970396610289995e+01 5.704557175681566861e+01
1.760298109469031260e+02 2.618922275447604875e+01 5.954444548285223959e+01
1.730621818089322232e+02 2.656243177375361952e+01 6.208907447501064070e+01
1.700650532347821695e+02 2.691319246218851546e+01 6.468436753203803846e+01
1.670638667944250244e+02 2.721117448087632340e+01 6.733212322196162347e+01
1.641198711985375382e+02 2.742108071448946305e+01 7.000106641226061299e+01
1.612546203960376374e+02 2.753102421151684709e+01 7.267694936788173266e+01
1.584739230615542454e+02 2.754165071897051575e+01 7.535323517530392223e+01
1.557788411884384061e+02 2.745602290151037650e+01 7.802644855293253556e+01
1.531702647391122980e+02 2.727724771823388750e+01 8.069324400108531847e+01
1.506486095080772429e+02 2.700889338507924720e+01 8.335058027707817985e+01
1.482034882254799300e+02 2.666826130424825436e+01 8.600183203991259973e+01
1.458291430265645658e+02 2.626574142522953537e+01 8.864825410548560569e+01
1.435257156698488927e+02 2.580374026709349522e+01 9.128784622387783543e+01
1.412939185377385911e+02 2.528380746962250569e+01 9.391830728139755990e+01
1.391341929287835626e+02 2.470777134258525720e+01 9.653749578897127037e+01
1.370443181465825546e+02 2.408188457855670705e+01 9.914122539141943946e+01
1.350134461836940716e+02 2.342642027408456329e+01 1.017190839401303037e+02
1.330395328728076265e+02 2.274574885278578407e+01 1.042685993528216102e+02
1.311226222569476931e+02 2.204054352025162800e+01 1.067891088897881531e+02
1.292626050934973136e+02 2.131169284665895702e+01 1.092798731168084316e+02
1.274749741525447320e+02 2.055982218884976120e+01 1.117258050247880163e+02
1.258235795102566783e+02 1.978535149089351108e+01 1.140667552287808775e+02
1.243082907557176213e+02 1.899023106194904642e+01 1.163009749179328054e+02
1.229402874955141698e+02 1.817634925581077709e+01 1.184167385957760388e+02
1.217003835903510804e+02 1.736293457924799455e+01 1.204114095605900303e+02
1.205172165315588160e+02 1.657964736779886294e+01 1.223190272736269861e+02
1.193759100771537476e+02 1.583068706014140581e+01 1.241483834281708170e+02
1.182753243547454645e+02 1.511427413216277138e+01 1.259026105020695212e+02
1.172148656261460644e+02 1.442836010194683816e+01 1.275847041902532908e+02
1.161929645339294126e+02 1.377168993776069783e+01 1.291975603646252182e+02
1.152080795375885174e+02 1.314308392876450959e+01 1.307439572013631732e+02
1.142587224862291606e+02 1.254141824161523289e+01 1.322265566473793683e+02
1.133434702058490728e+02 1.196561238834321550e+01 1.336479120470404212e+02
1.124609571765175815e+02 1.141462940756353284e+01 1.350104736403313552e+02
1.116098702798136486e+02 1.088747248082630392e+01 1.363165971790751883e+02
1.107889489221671369e+02 1.038318466129915052e+01 1.375685441916091634e+02
1.099969053773263710e+02 9.901023325225088101e+00 1.387685481491974429e+02
1.092302116989807246e+02 9.445280969751449263e+00 1.399206831618333240e+02
1.084864551295874548e+02 9.017806882896472587e+00 1.410283194315902335e+02
1.077664395493830227e+02 8.615974076214619970e+00 1.420970705945293844e+02
1.070696314569285619e+02 8.238342211015780236e+00 1.431296089859692700e+02
1.063950316628287140e+02 7.883909855991446669e+00 1.441274789223994333e+02
1.057416829719721392e+02 7.551717761449875610e+00 1.450921597801299185e+02
1.051086673763941235e+02 7.240846039998633188e+00 1.460250703361324440e+02
1.044951057229600622e+02 6.950413832787997848e+00 1.469275692819214214e+02
1.039001573098344551e+02 6.679578904234792169e+00 1.478009558475533538e+02
1.033230160626820293e+02 6.427533801632035804e+00 1.486464757145960505e+02
1.027629202754419993e+02 6.193515654508248147e+00 1.494653088825948828e+02
1.022193035315527538e+02 5.976958018601451705e+00 1.502583767273667092e+02
1.016904623101574998e+02 5.776150647004836713e+00 1.510280518681946660e+02
1.011748673877266214e+02 5.589558087834323175e+00 1.517764666100058548e+02
1.006717365469242225e+02 5.416395672044457044e+00 1.525047766089744528e+02
1.001806153222592854e+02 5.256208267950919222e+00 1.532137084033858230e+02
9.970102489221267206e+01 5.108516329328149475e+00 1.539040158528403879e+02
9.923252109553695277e+01 4.972875150750940776e+00 1.545764027362016293e+02
9.877467593590459671e+01 4.848856294026931302e+00 1.552315471877531650e+02
9.832707743660971289e+01 4.736047442030238308e+00 1.558701019276849422e+02
9.788932927650206750e+01 4.634052032452459891e+00 1.564926948396153819e+02
9.746104917450432481e+01 4.542487632629635286e+00 1.570999315332456661e+02
9.704186870320884850e+01 4.460985752020998341e+00 1.576923956400535758e+02
9.663143313357198849e+01 4.389191685976836510e+00 1.582706490596546018e+02
9.622940137192762222e+01 4.326764452375718939e+00 1.588352320597167591e+02
9.583544451204930681e+01 4.273375335005384024e+00 1.593866655728370461e+02
9.544924543265682360e+01 4.228707478657237395e+00 1.599254518350195440e+02
9.507049870430046212e+01 4.192455795455313883e+00 1.604520745333830121e+02
9.469891058994070931e+01 4.164326965443001072e+00 1.609669988052449980e+02
9.433419813071255078e+01 4.144038516869606781e+00 1.614706726883738668e+02
9.397608837995447573e+01 4.131318055630762487e+00 1.619635283360574078e+02
9.362431836209051994e+01 4.125903223905198480e+00 1.624459820823261964e+02
9.327863500255088525e+01 4.127541629662285771e+00 1.629184345531209885e+02
9.293879484348337883e+01 4.135990560669789318e+00 1.633812711172589616e+02
9.260456299685874626e+01 4.151015931333674303e+00 1.638348635471285490e+02
9.227571303795713220e+01 4.172392175547290805e+00 1.642795701876523253e+02
9.195202690045108795e+01 4.199902141150635870e+00 1.647157361227150432e+02
9.163329494126533348e+01 4.233337155181853717e+00 1.651436930722761645e+02
9.131931509623633758e+01 4.272496174485505449e+00 1.655637607317487721e+02
9.100989242850957339e+01 4.317185331410873239e+00 1.659762474883780214e+02
9.070483910734250799e+01 4.367217912488753129e+00 1.663814504548660409e+02
9.040397433666181826e+01 4.422414286568931985e+00 1.667796555826980978e+02
9.010712429382471100e+01 4.482601843214693460e+00 1.671711377592870349e+02
8.981412124236777572e+01 4.547614100152879146e+00 1.675561622154187660e+02
8.952480340736069309e+01 4.617290577883775171e+00 1.679349847229784132e+02
8.923901493311464606e+01 4.691476757139263931e+00 1.683078516620359437e+02
8.895660588200260577e+01 4.770024077703169496e+00 1.686750000227168869e+02
8.867743203845404310e+01 4.852789741234923682e+00 1.690366577161233010e+02
