2.540000000000000000e+02 7.000000000000000000e+00 0.000000000000000000e+00
2.529159271938043219e+02 7.497082798851934626e+00 6.810713146765550174e-01
2.518161396630164006e+02 7.998847422561187415e+00 1.372004266426477326e+00
2.507004620147523326e+02 8.505343798901240149e+00 2.072909346267673314e+00
2.495687018670870998e+02 9.016625521561817180e+00 2.783918834420073374e+00
2.484139344848889550e+02 9.532919506872961080e+00 3.513293708774006596e+00
2.472175617524315498e+02 1.005012157226934910e+01 4.279610806292775571e+00
2.459728006048966051e+02 1.056706394424257134e+01 5.089924437293920079e+00
2.446767372853799714e+02 1.108357502226606073e+01 5.947324314070114859e+00
2.433278627877991767e+02 1.159960322585258297e+01 6.853218873028531277e+00
2.419246541668195221e+02 1.211510467517099343e+01 7.809026823488467883e+00
2.404644143526386131e+02 1.262958031477774412e+01 8.817378094886381135e+00
2.389427057074195488e+02 1.314154723330714170e+01 9.882825618923627431e+00
2.373575112947696653e+02 1.365069573378265133e+01 1.100733710933240594e+01
2.357068748360574659e+02 1.415687276611233081e+01 1.219276580147096922e+01
2.339887839919783517e+02 1.465992038534924546e+01 1.344101833464875462e+01
2.322011653871959993e+02 1.515967558451234076e+01 1.475405931752905531e+01
2.303418843409926922e+02 1.565597027208596081e+01 1.613391158402913206e+01
2.284087434161038175e+02 1.614863115075566569e+01 1.758265757203921353e+01
2.264060475670822257e+02 1.663982601663544614e+01 1.909806212280047433e+01
2.243386010809390712e+02 1.713379956125926640e+01 2.067788903086240282e+01
2.222037463247926325e+02 1.763094920195266013e+01 2.232468370125604551e+01
2.199995373850585452e+02 1.813131347664944215e+01 2.404042461962947641e+01
2.177238711572127841e+02 1.863497204409135222e+01 2.582722886910040216e+01
2.153745895589509303e+02 1.914200350775424653e+01 2.768727065199688298e+01
2.129494693462646637e+02 1.965248881190565200e+01 2.962278986277668835e+01
2.104462203711189545e+02 2.016651130414906135e+01 3.163609384460064788e+01
2.078760886047868439e+02 2.068150973486866917e+01 3.371880937999267047e+01
2.052729599062475359e+02 2.119062135668986713e+01 3.584453197320198115e+01
2.026389766448849628e+02 2.169343843736850275e+01 3.801195909051124744e+01
1.999713646920064036e+02 2.218785992278501951e+01 4.022072956615858175e+01
1.972662493629320863e+02 2.267094043530004654e+01 4.247014937799189482e+01
1.945236311048337825e+02 2.314233077395864768e+01 4.476015405703041949e+01
1.917436733307405348e+02 2.360178813110994867e+01 4.709070018237287059e+01
1.889265676371763050e+02 2.404908154043986102e+01 4.946173768763011935e+01
1.860725156689456981e+02 2.448398010957189186e+01 5.187320729265443475e+01
1.831817291785758357e+02 2.490625306481299717e+01 5.432504042508202247e+01
1.802542708911600187e+02 2.531579311942980581e+01 5.681682979239606368e+01
1.772923507758094388e+02 2.571083900344846285e+01 5.935258002001918243e+01
1.742984123771183533e+02 2.608944804660543682e+01 6.193674138199287427e+01
1.712727220136246729e+02 2.645132549180022608e+01 6.456924876273613734e+01
1.682174808800261872e+02 2.678478606926941197e+01 6.725795389454138729e+01
1.651846233819446184e+02 2.704955862568468916e+01 6.998763502769178046e+01
1.622116333085718907e+02 2.722182395064849203e+01 7.273939559119777698e+01
1.593057138749238959e+02 2.729868091969840194e+01 7.550731770884907235e+01
1.564842999941961921e+02 2.727457049043425030e+01 7.827741300666916402e+01
1.537500233452553857e+02 2.715186043190237442e+01 8.104506631294745489e+01
1.511038960959149904e+02 2.693372214112390495e+01 8.380672476113979030e+01
1.485435562504979146e+02 2.662753037878895057e+01 8.656083085889858353e+01
1.460565132815047775e+02 2.625311381133326449e+01 8.931210681402886564e+01
1.436411106955050627e+02 2.581551904335468706e+01 9.205944700110291024e+01
1.412980435521837705e+02 2.531656839732158204e+01 9.480045166724224259e+01
1.390278278471525368e+02 2.475832436148713356e+01 9.753255858868061523e+01
1.368207492514367232e+02 2.416021004820683871e+01 1.002450604023198224e+02
1.346710116235918235e+02 2.353365593226852681e+01 1.029317370073380857e+02
1.325785889601945087e+02 2.287971150750092875e+01 1.055916005895688699e+02
1.305435144662705511e+02 2.219926106983962200e+01 1.082237765854117129e+02
1.285657896996546583e+02 2.149318576396965241e+01 1.108274226889442247e+02
1.266454052695961821e+02 2.076236267530229540e+01 1.134017101839725683e+02
1.248176825069667188e+02 2.000711331814818550e+01 1.159129673758523609e+02
1.231352652327520758e+02 1.922820074481701624e+01 1.183107210303516723e+02
1.215994655500028756e+02 1.842668848078722021e+01 1.205922039757794266e+02
1.202269322765096433e+02 1.760420432684081860e+01 1.227388261543020320e+02
1.189728158009674814e+02 1.678568358006085148e+01 1.247673794327063348e+02
1.177731325292764524e+02 1.599841203879782903e+01 1.267083382237757547e+02
1.166161310329723477e+02 1.524534905935094464e+01 1.285697734658662625e+02
1.155007297904838595e+02 1.452420775432065803e+01 1.303557538703873888e+02
1.144253299913537774e+02 1.383364543411264513e+01 1.320693419385957839e+02
1.133885726911391600e+02 1.317249187692555346e+01 1.337130398356654268e+02
1.123891401339455740e+02 1.253961642675697519e+01 1.352892727589709523e+02
1.114257138211408034e+02 1.193391940414553254e+01 1.368004564963873406e+02
1.104969012356329046e+02 1.135431936733088243e+01 1.382491145707673468e+02
1.096013043627369967e+02 1.079976643275600345e+01 1.396377678769607087e+02
1.087375907997565321e+02 1.026925451244319021e+01 1.409688209300591097e+02
1.079039565075879921e+02 9.762897996013821356e+00 1.422449786330006987e+02
1.070958231681315596e+02 9.286537555085192963e+00 1.434710246473529196e+02
1.063113818374226014e+02 8.840173073535698478e+00 1.446495016968033269e+02
1.055500027594752339e+02 8.422169382013642291e+00 1.457834231832177920e+02
1.048123386533958410e+02 8.030028246128704694e+00 1.468782001050311692e+02
1.040977137296728188e+02 7.662398051989796954e+00 1.479362540092783718e+02
1.034051349456950675e+02 7.318254152709339877e+00 1.489591836512235545e+02
1.027336410703170060e+02 6.996622737332450548e+00 1.499485001012500618e+02
1.020823116192190270e+02 6.696571400735854773e+00 1.509056503226181007e+02
1.014502661478739753e+02 6.417208425294166574e+00 1.518320182837843220e+02
1.008366603081056354e+02 6.157678774388483767e+00 1.527289311623290757e+02
1.002404515286938249e+02 5.916933145742756750e+00 1.535979636047209169e+02
9.965958842172774723e+01 5.692929671111254031e+00 1.544419817006924518e+02
9.909282776461101605e+01 5.484424740256225839e+00 1.552627821367385366e+02
9.853944160715944633e+01 5.290683599987830554e+00 1.560614822198620857e+02
9.799900835620837825e+01 5.111274325237166849e+00 1.568387929897297397e+02
9.747101263751335409e+01 4.945673190005666520e+00 1.575955426830046520e+02
9.695496834304985612e+01 4.793386022736443763e+00 1.583325153157536249e+02
9.645040884420807004e+01 4.653938506403831887e+00 1.590504640122714761e+02
9.595688478987115388e+01 4.526873998129634202e+00 1.597501139641126144e+02
9.547396411561892648e+01 4.411753538598230939e+00 1.604321624152129857e+02
9.500123035581087549e+01 4.308154126145518958e+00 1.610972813904450334e+02
9.453828206151264624e+01 4.215668121584243977e+00 1.617461186365526942e+02
9.408473267823362107e+01 4.133903123193856999e+00 1.623792978197899970e+02
9.364021050005950997e+01 4.062481919827123811e+00 1.629974186000623888e+02
9.320435738486095545e+01 4.001041177202566246e+00 1.636010587078214655e+02
9.277682801130838186e+01 3.949230678200984723e+00 1.641907751451138040e+02
9.235728980113555053e+01 3.906713243381763512e+00 1.647671043112443385e+02
9.194542288125830964e+01 3.873164692258834751e+00 1.653305620640032600e+02
9.154091924307761019e+01 3.848272983684445148e+00 1.658816450786758026e+02
9.114348182902797646e+01 3.831737281849493915e+00 1.664208323246486998e+02
9.075282447197544400e+01 3.823267894319378968e+00 1.669485851633733944e+02
9.036867182613485738e+01 3.822586201405297590e+00 1.674653474600388279e+02
8.999075897166093796e+01 3.829424251861518247e+00 1.679715462227529201e+02
8.961883036792525559e+01 3.843523692620546051e+00 1.684675932945876298e+02
8.925263975856006482e+01 3.864635671701856179e+00 1.689538855070765919e+02
8.889195005585874299e+01 3.892520720021406255e+00 1.694308048670790470e+02
8.853653332749919969e+01 3.926948737818052315e+00 1.698987185782418692e+02
8.818616977199016560e+01 3.967697947064082076e+00 1.703579806972022936e+02
8.784064745260879192e+01 4.014554619422527892e+00 1.708089325636798890e+02
8.749976223302427059e+01 4.067313010426551578e+00 1.712519029045399463e+02
8.716331779695758541e+01 4.125775379591578584e+00 1.716872078020114429e+02
8.683112513702799617e+01 4.189751467769368354e+00 1.721151515199690323e+02
8.650300188042430705e+01 4.259057807668328977e+00 1.725360275939914345e+02
8.617877226882562525e+01 4.333517703323411574e+00 1.729501188638189717e+02
8.585826704947530175e+01 4.412961118732007471e+00 1.733576976494278199e+02
8.554132358181969664e+01 4.497224786891648840e+00 1.737590255786486750e+02
8.522778502902684750e+01 4.586151383157303307e+00 1.741543548940784660e+02
8.491750007588642291e+01 4.679589236808031849e+00 1.745439289090942054e+02
8.461032291787132920e+01 4.777392319863219328e+00 1.749279820255348739e+02
