2.540000000000000000e+02 7.000000000000000000e+00 0.000000000000000000e+00
2.529703021528601710e+02 7.461603262062659780e+00 6.318239169651498344e-01
2.519259622171866511e+02 7.927489265527206008e+00 1.272821111802928007e+00
2.508668162030043902e+02 8.397704063956243914e+00 1.923094819441252712e+00
2.497926983180237528e+02 8.872294215172930265e+00 2.582749409853164924e+00
2.487034409446077348e+02 9.351306787702666767e+00 3.251890402562167992e+00
2.475978705649356471e+02 9.835041558427750630e+00 3.931462147369771731e+00
2.464591035833739170e+02 1.032266790848722948e+01 4.639064431499055452e+00
2.452781874574148162e+02 1.081031362838013088e+01 5.384279281048576671e+00
2.440519811926653233e+02 1.129774719930630411e+01 6.170497544904941734e+00
2.427774026617048833e+02 1.178477533964712620e+01 7.001022650332096475e+00
2.414520547342089571e+02 1.227126968762179082e+01 7.878327098549174679e+00
2.400742161378337869e+02 1.275716737266883527e+01 8.804071069869056743e+00
2.386425421223745218e+02 1.324239256447387625e+01 9.779512838825519694e+00
2.371522818991032580e+02 1.372547063075537999e+01 1.080945254312336523e+01
2.356004584768373888e+02 1.420583463858212703e+01 1.189680802762845779e+01
2.339851195763693852e+02 1.468333650875065999e+01 1.304343225494505987e+01
2.323042636878421092e+02 1.515782792654508704e+01 1.425122404620939598e+01
2.305558282357746123e+02 1.562915584213553188e+01 1.552214027081861403e+01
2.287376840195713328e+02 1.609716869563690977e+01 1.685820015370633129e+01
2.268474805060999984e+02 1.656229052189555517e+01 1.826158222436546907e+01
2.248914661012395015e+02 1.702952099557497689e+01 1.972837636454649868e+01
2.228772185033270432e+02 1.749868102857457330e+01 2.125383253075191803e+01
2.207991290393166253e+02 1.797036683296315118e+01 2.284278389620305916e+01
2.186538005556624853e+02 1.844484216214690520e+01 2.449834257739982490e+01
2.164391967227476243e+02 1.892217242538317734e+01 2.622255147105759931e+01
2.141532187935239619e+02 1.940242500819062244e+01 2.801751613116699602e+01
2.117937032024701125e+02 1.988566934831794342e+01 2.988540717933318547e+01
2.093580347610596846e+02 2.037204967343198803e+01 3.182876345072186908e+01
2.068555268756589669e+02 2.085945858711286505e+01 3.384078704707820151e+01
2.043192642801301702e+02 2.134141782540238808e+01 3.589590996485987517e+01
2.017539764133020981e+02 2.181700020902151493e+01 3.799075656800858525e+01
1.991576002644065397e+02 2.228464516358999248e+01 4.012514361028943455e+01
1.965253817617789878e+02 2.274077380573698903e+01 4.229817739231267382e+01
1.938577054821502657e+02 2.318530290368555669e+01 4.450984674349601988e+01
1.911547190820288336e+02 2.361798489435826909e+01 4.676009366634283282e+01
1.884166224847677427e+02 2.403860094603170339e+01 4.904885812683649959e+01
1.856436251402065807e+02 2.444693244870586568e+01 5.137607133095367828e+01
1.828359460637256575e+02 2.484276104842825106e+01 5.374165567024396495e+01
1.799938139048714731e+02 2.522586870716888541e+01 5.614552462643982267e+01
1.771181816591572726e+02 2.559548633101216453e+01 5.858904135961973481e+01
1.742117786532915886e+02 2.594947779810030752e+01 6.107715923425323723e+01
1.712757865573635740e+02 2.628690373045006723e+01 6.361163289346424676e+01
1.683108642270951520e+02 2.660730098756519624e+01 6.619200485278419421e+01
1.653704631007628052e+02 2.687363594519482390e+01 6.879956493461800449e+01
1.624897272941590529e+02 2.705417225720320573e+01 7.142705747458026622e+01
1.596839181620086947e+02 2.713802152610885088e+01 7.406554442507324154e+01
1.569640145983802313e+02 2.712288574974296296e+01 7.670531681601657681e+01
1.543317168358008189e+02 2.701156212463389394e+01 7.934234332496561137e+01
1.517876795727089529e+02 2.680731111335701300e+01 8.197329470633256676e+01
1.493292557007633548e+02 2.651742003467137465e+01 8.459671872107213630e+01
1.469425216233176457e+02 2.616277239608209371e+01 8.721787468134365895e+01
1.446268016196655992e+02 2.574681061949066319e+01 8.983512139322948542e+01
1.423826190775938301e+02 2.527135517979418466e+01 9.244617895115550255e+01
1.402104695092365603e+02 2.473815164180377124e+01 9.504887020067350534e+01
1.381068336731249246e+02 2.415566154707835622e+01 9.763776094960962837e+01
1.360606288722901525e+02 2.354441687591911148e+01 1.002018721701137736e+02
1.340707481533066243e+02 2.290714436206129179e+01 1.027394614223814813e+02
1.321371122757096828e+02 2.224472749877455513e+01 1.052497473489158750e+02
1.302596133662547118e+02 2.155804468665973062e+01 1.077319797992928869e+02
1.284381154645543006e+02 2.084796893756368874e+01 1.101854396155181206e+02
1.266804952584381709e+02 2.011525055160902653e+01 1.126020025900464674e+02
1.250523076132691216e+02 1.936024085412326912e+01 1.149197638369349335e+02
1.235715852739436968e+02 1.858321668333062249e+01 1.171208136677770426e+02
1.222439927681966338e+02 1.778722953444518495e+01 1.191945301361808021e+02
1.210282981870589509e+02 1.699553108555212333e+01 1.211561700696431245e+02
1.198683563699664916e+02 1.623356952423509725e+01 1.230309282367631170e+02
1.187500485688340319e+02 1.550546192155426262e+01 1.248276418492028768e+02
1.176724100723654942e+02 1.480882443942468640e+01 1.265503950033795775e+02
1.166338783344154280e+02 1.414228515732865077e+01 1.282022553706612769e+02
1.156329921581223203e+02 1.350465296578217789e+01 1.297858910307206202e+02
1.146685470329458667e+02 1.289482240342428021e+01 1.313035441979670850e+02
1.137392664526622639e+02 1.231170415377353500e+01 1.327575631226159487e+02
1.128437555521112898e+02 1.175421526248531556e+01 1.341504770421316834e+02
1.119805826818193708e+02 1.122129741522835822e+01 1.354848636502590296e+02
1.111482500840659213e+02 1.071232278978471264e+01 1.367632101743573685e+02
1.103423241833709341e+02 1.023229063607981359e+01 1.379899247565201392e+02
1.095601084055923593e+02 9.782835483495553319e+00 1.391682715544714597e+02
1.088003846416125100e+02 9.362741781259657614e+00 1.403001531268670306e+02
1.080635156908946044e+02 8.969678518000884893e+00 1.413904481508826620e+02
1.073496116997208532e+02 8.601640716793996333e+00 1.424432586373708034e+02
1.066577231783855382e+02 8.257543703626859966e+00 1.434603159537599879e+02
1.059868972896933457e+02 7.936380290563763928e+00 1.444431932123239619e+02
1.053362076658884945e+02 7.637197049039329499e+00 1.453933680522424083e+02
1.047045903928284645e+02 7.358908988591603695e+00 1.463124854450536247e+02
1.040897421229795299e+02 7.099228104620007862e+00 1.472037838845568842e+02
1.034902532423919581e+02 6.856741111603717798e+00 1.480693128884810790e+02
1.029053018633330652e+02 6.630609224216520659e+00 1.489103448496554449e+02
1.023343929789606221e+02 6.420313886565602424e+00 1.497277164674805761e+02
1.017769899800361912e+02 6.225297333002074218e+00 1.505223126411215731e+02
1.012325579577323253e+02 6.045004902382170364e+00 1.512950090145561433e+02
1.007005886874476062e+02 5.878909273364378407e+00 1.520466398685794616e+02
1.001805927174278139e+02 5.726502729104828937e+00 1.527780086059985365e+02
9.967209931668280376e+01 5.587297102901720436e+00 1.534898878372838738e+02
9.917465542800964329e+01 5.460822685341237381e+00 1.541830211024137611e+02
9.868782417149952835e+01 5.346626662237376593e+00 1.548581253319856614e+02
9.821118475129037506e+01 5.244273017299608597e+00 1.555158910005701784e+02
9.774433233499152607e+01 5.153342406286387956e+00 1.561569823249985234e+02
9.728687757716819817e+01 5.073431659611101985e+00 1.567820380480372364e+02
9.683844501161084395e+01 5.004152104178182903e+00 1.573916740824328713e+02
9.639867286989695572e+01 4.945129373996875799e+00 1.579864838093017738e+02
9.596721292217839050e+01 4.896003244003175325e+00 1.585670383399654781e+02
9.554373044554621686e+01 4.856427597042034527e+00 1.591338865679738319e+02
9.512790277125746741e+01 4.826068907456599000e+00 1.596875575583090949e+02
9.471941885321083987e+01 4.804605790663737608e+00 1.602285612570612727e+02
9.431797918032988548e+01 4.791728911704197458e+00 1.607573886355177137e+02
9.392329578270732782e+01 4.787140991664861289e+00 1.612745116800561220e+02
9.353509139161914732e+01 4.790555930903189541e+00 1.617803847735642364e+02
9.315309858534143927e+01 4.801697917456808185e+00 1.622754461002098765e+02
9.277705975188629850e+01 4.820301388148969579e+00 1.627601177067222693e+02
9.240672699109401833e+01 4.846110926404735508e+00 1.632348056634071440e+02
9.204186198536589814e+01 4.878881127324163458e+00 1.636999002767307161e+02
9.168223486729796434e+01 4.918375415735066092e+00 1.641557779515798074e+02
9.132762404862614858e+01 4.964365867650191610e+00 1.646028014725726507e+02
9.097781613972314574e+01 5.016633126244189889e+00 1.650413201364496274e+02
9.063260600090163166e+01 5.074966455416427991e+00 1.654716696676941012e+02
9.029179613499385937e+01 5.139163105773642215e+00 1.658941732174805281e+02
8.995519598606219347e+01 5.209027582647970611e+00 1.663091425169880040e+02
8.962262192601588140e+01 5.284371632128030072e+00 1.667168778994103491e+02
8.929389713639572790e+01 5.365014117680753536e+00 1.671176684943610553e+02
8.896885175449415328e+01 5.450781172672422237e+00 1.675117919875699215e+02
8.864732204916607827e+01 5.541505340109611488e+00 1.678995159763108234e+02
8.832915003988424019e+01 5.637025175029287460e+00 1.682810985958859931e+02
8.801418349564170285e+01 5.737185243353349229e+00 1.686567885214300873e+02
