2.540000000000000000e+02 7.000000000000000000e+00 0.000000000000000000e+00
2.529274768435149667e+02 7.476973117639254873e+00 6.543501794661786830e-01
2.518400464958786813e+02 7.958076513261363338e+00 1.317976934414625489e+00
2.507375506193181138e+02 8.443351701139803822e+00 1.990979341052085072e+00
2.496198292353889201e+02 8.932840622998151403e+00 2.673457502778219474e+00
2.484867207080897060e+02 9.426585652408418170e+00 3.365512560764171823e+00
2.473376063457584451e+02 9.924719716649855528e+00 4.067679431281551850e+00
2.461550634034749407e+02 1.042540585763457095e+01 4.798229720886373784e+00
2.449287935882496470e+02 1.092557767141658331e+01 5.567965453227927242e+00
2.436576349196679132e+02 1.142519540195617900e+01 6.377956648206546397e+00
2.423399905159784282e+02 1.192417381430111334e+01 7.229772537474101313e+00
2.409709770344908577e+02 1.242216968980779868e+01 8.128807978475624196e+00
2.395496971276329816e+02 1.291957652130446199e+01 9.075947159487066429e+00
2.380721752488776417e+02 1.341539919006091530e+01 1.007513977743867351e+01
2.365334780400799275e+02 1.390831355753051390e+01 1.113132127932350812e+01
2.349315037365487342e+02 1.439809720630978873e+01 1.224650208941431906e+01
2.332642700105222104e+02 1.488459076067243991e+01 1.342256481696715831e+01
2.315297343772595298e+02 1.536762978216494169e+01 1.466144933144563289e+01
2.297257922748402450e+02 1.584704460725162178e+01 1.596515459072972654e+01
2.278502667201330496e+02 1.632266773844492036e+01 1.733574585964214521e+01
2.259029934123887244e+02 1.679882212147017384e+01 1.877366056857512433e+01
2.238962154414901988e+02 1.727705984032608910e+01 2.027080323045594668e+01
2.218296343643173998e+02 1.775716433654045900e+01 2.182791948522971381e+01
2.197016345106144968e+02 1.823916189269272436e+01 2.344666502843929479e+01
2.175087073830080158e+02 1.872333467013536890e+01 2.513020657636327115e+01
2.152446957008584150e+02 1.921031482561187076e+01 2.688384088254080240e+01
2.129076339897419530e+02 1.970014080975554194e+01 2.870957002085090082e+01
2.104952744084038443e+02 2.019288381365201346e+01 3.060963179706334714e+01
2.080104608741871459e+02 2.068765503832343455e+01 3.258231116318980725e+01
2.054873822063391913e+02 2.117777507723911867e+01 3.460137933758596773e+01
2.029353657102295188e+02 2.166134412108377916e+01 3.665978860297514075e+01
2.003542807535660586e+02 2.213831534150419600e+01 3.875791451082451999e+01
1.977418165997979713e+02 2.260692910889941132e+01 4.089551260062589932e+01
1.950936007423886451e+02 2.306388164961004605e+01 4.307180845041282424e+01
1.924100329213396208e+02 2.350908855265225839e+01 4.528678179845110918e+01
1.896912726481241975e+02 2.394230262538541609e+01 4.754037144950934390e+01
1.869375299854494585e+02 2.436330342364150070e+01 4.983251246906772280e+01
1.841490246260874528e+02 2.477187076020957690e+01 5.216313107067953325e+01
1.813259859476892188e+02 2.516778475330904286e+01 5.453214453893806279e+01
1.784684790914481880e+02 2.555096499017227885e+01 5.693910561371250623e+01
1.755777415467245532e+02 2.592040226422470894e+01 5.938593587558430187e+01
1.726567932835756096e+02 2.627366800304253402e+01 6.187815699011892434e+01
1.697063886590836717e+02 2.661014934183065250e+01 6.441660631270117676e+01
1.667313886406301151e+02 2.692651390456909155e+01 6.699960707187467790e+01
1.637963347809150036e+02 2.717545021591641685e+01 6.960759511125358756e+01
1.609232654278965526e+02 2.733767878599232759e+01 7.223523799834137549e+01
1.581237127423862319e+02 2.740364729789904885e+01 7.487641788073244697e+01
1.554128047462137943e+02 2.736929710447308750e+01 7.751868781154107069e+01
1.527917893463033465e+02 2.723771469787800115e+01 8.015821074045474859e+01
1.502613610643125526e+02 2.701213396407002776e+01 8.279153325824559317e+01
1.478148433676904006e+02 2.670473828684895068e+01 8.541928108266014874e+01
1.454405458559415081e+02 2.633312329845419342e+01 8.804538226418912927e+01
1.431386360182702333e+02 2.589964629565358933e+01 9.066767041537204364e+01
1.409095876203031139e+02 2.540618958778134129e+01 9.328383453354763333e+01
1.387536215266780459e+02 2.485494313818033163e+01 9.589147497113981444e+01
1.366611369378198333e+02 2.426450686286718650e+01 9.848011374218339142e+01
1.346254879716904043e+02 2.364730737398009808e+01 1.010429721228350104e+02
1.326466665000568241e+02 2.300412545654125296e+01 1.035793020110018716e+02
1.307245632551590404e+02 2.233586087367188355e+01 1.060883238097026151e+02
1.288590404198909596e+02 2.164340768680767013e+01 1.085692895921330745e+02
1.270529765451967563e+02 2.092760565787727600e+01 1.110186878235446528e+02
1.253713906377327447e+02 2.018869154544281130e+01 1.133755708599890824e+02
1.238333265406210870e+02 1.942794197455410554e+01 1.156207029380222622e+02
1.224566797532435629e+02 1.864407567888786588e+01 1.177367180704228247e+02
1.212069387206363018e+02 1.785408956752633003e+01 1.197371262542994117e+02
1.200314235135774368e+02 1.708510989064853547e+01 1.216427336382278810e+02
1.189029493380096199e+02 1.634861038209775685e+01 1.234668064051224832e+02
1.178155233916415909e+02 1.564399476343634987e+01 1.252158527164013719e+02
1.167677037769555568e+02 1.496980650086477205e+01 1.268930165482858854e+02
1.157579022008906122e+02 1.432481918075231242e+01 1.285011786495489332e+02
1.147846209519278489e+02 1.370786134112987575e+01 1.300430600045305596e+02
1.138462337863495293e+02 1.311776891013339608e+01 1.315215827029909974e+02
1.129413859686692376e+02 1.255346965638914902e+01 1.329392116926275946e+02
1.120690903619649106e+02 1.201400347111625422e+01 1.342977966810481689e+02
1.112283119181805233e+02 1.149842486282395981e+01 1.355992592670788213e+02
1.104170466167962843e+02 1.100695197103840428e+01 1.368464114353578509e+02
1.096300161112962428e+02 1.054582211895795929e+01 1.380439635119093111e+02
1.088656267794259946e+02 1.011460469133205109e+01 1.391944044965446494e+02
1.081230628962435247e+02 9.711831227961083002e+00 1.403002849690768699e+02
1.074026165863194677e+02 9.335266941218415937e+00 1.413661740667448043e+02
1.067041024114968337e+02 8.983181007480794733e+00 1.423954236672142599e+02
1.060267780541062308e+02 8.654378306441445901e+00 1.433900670681279621e+02
1.053695811978003718e+02 8.348002692708575978e+00 1.443513179673913669e+02
1.047316479035569472e+02 8.063106747678849828e+00 1.452806620937466278e+02
1.041115546917643826e+02 7.798226449926164427e+00 1.461802329546229373e+02
1.035070227909738492e+02 7.551048682744979423e+00 1.470532593370528502e+02
1.029170865352997168e+02 7.320575247217937509e+00 1.479012227469048923e+02
1.023410913800690594e+02 7.106120413213995235e+00 1.487251854729989304e+02
1.017785601637376374e+02 6.907177125712103738e+00 1.495259678347452450e+02
1.012289562913979069e+02 6.723180101464836689e+00 1.503044620477421347e+02
1.006917743469122399e+02 6.553596452315200160e+00 1.510615120623268410e+02
1.001665274021157757e+02 6.397912878733622577e+00 1.517979310817411545e+02
9.965274639297270198e+01 6.255635043100213899e+00 1.525145024050265761e+02
9.914997994449232976e+01 6.126287383967196298e+00 1.532119797200537334e+02
9.865779416169193894e+01 6.009412894284668738e+00 1.538910874533889057e+02
9.817577053852456004e+01 5.904570902930768028e+00 1.545525242701161233e+02
9.770350561040059745e+01 5.811336706065439728e+00 1.551969636554094905e+02
9.724061084999743798e+01 5.729301456596889608e+00 1.558250540889134186e+02
9.678671268840574271e+01 5.658072186627991051e+00 1.564374190093456036e+02
9.634145151294733012e+01 5.597270744218136862e+00 1.570346584918436577e+02
9.590448039169410777e+01 5.546532440205701242e+00 1.576173513827293675e+02
9.547546503233321857e+01 5.505506004567806144e+00 1.581860553683562784e+02
9.505408362446802073e+01 5.473853419126658792e+00 1.587413072390404807e+02
9.464002687804875791e+01 5.451249958324618561e+00 1.592836228247408599e+02
9.423299657145028618e+01 5.437382648862921108e+00 1.598134994251257694e+02
9.383270511065832409e+01 5.431949802041122766e+00 1.603314165473572075e+02
9.343887548295018064e+01 5.434660964618959866e+00 1.608378359836134166e+02
9.305124121997528164e+01 5.445236879662748386e+00 1.613332018728729622e+02
9.266954596529876653e+01 5.463409027747098357e+00 1.618179414247130410e+02
9.229354237516034232e+01 5.488918460772823416e+00 1.622924667590903312e+02
9.192299203883237624e+01 5.521515717475847573e+00 1.627571750396360244e+02
9.155766536372743758e+01 5.560960701546433071e+00 1.632124486659452600e+02
9.119734167558242177e+01 5.607022787922494089e+00 1.636586551058947236e+02
9.084180833969963942e+01 5.659479890519452994e+00 1.640961483664068794e+02
9.049086019736765252e+01 5.718117864339391510e+00 1.645252699366967875e+02
9.014429955802542338e+01 5.782730497158478755e+00 1.649463488013873302e+02
8.980193607691001034e+01 5.853119379740301831e+00 1.653597016452776245e+02
8.946358687652360686e+01 5.929094034698530358e+00 1.657656326500486159e+02
8.912907555719895925e+01 6.010470866829897396e+00 1.661644351502498864e+02
8.879823192753553940e+01 6.097072877143866698e+00 1.665563920844594179e+02
8.847089199517955649e+01 6.188729653082108761e+00 1.669417760107144488e+02
8.814689785745073891e+01 6.285277252505302670e+00 1.673208492895563779e+02
8.782609785021168136e+01 6.386558361622580726e+00 1.676938638348738380e+02
8.750834564502180513e+01 6.492421337199736797e+00 1.680610626249616359e+02
