2.540000000000000000e+02 7.000000000000000000e+00 0.000000000000000000e+00
2.528929565744393244e+02 7.484314524498707932e+00 6.638336631715746616e-01
2.517709681134409152e+02 7.972561550471150227e+00 1.336939451432010983e+00
2.506338823409289205e+02 8.464778524584261277e+00 2.019412532352781842e+00
2.494815454766601590e+02 8.961003260128858727e+00 2.711349014376970068e+00
2.483138022177976438e+02 9.461273941505492502e+00 3.412845958346374609e+00
2.471303749818140716e+02 9.965622292464885845e+00 4.124085555444592543e+00
2.459156119376345941e+02 1.047144165881300459e+01 4.861266401647534430e+00
2.446566366440160323e+02 1.097637711833129259e+01 5.638360173982399637e+00
2.433522725306208088e+02 1.148036597569752182e+01 6.456463623718094347e+00
2.420013205199083757e+02 1.198334700680512199e+01 7.316690481768654664e+00
2.406018970859672663e+02 1.248527722110001115e+01 8.220950551255944205e+00
2.391501496261254829e+02 1.298638792204135761e+01 9.173462482514084471e+00
2.376410483628011434e+02 1.348548164843042407e+01 1.017933438324270057e+01
2.360697591341624104e+02 1.398127079335409206e+01 1.124341251046443624e+01
2.344343626977477300e+02 1.447360433722613315e+01 1.236752672638961137e+01
2.327328372516658987e+02 1.496230958631582553e+01 1.355360834509451706e+01
2.309631041217776044e+02 1.544721024187291825e+01 1.480364275638950566e+01
2.291230211847697547e+02 1.592812439718264805e+01 1.611967609118968525e+01
2.272099896397704697e+02 1.640670984646027719e+01 1.750391230643911911e+01
2.252334211873075844e+02 1.688746978486534545e+01 1.894985685768232742e+01
2.231978703937174373e+02 1.736995234679516287e+01 2.045487902440861916e+01
2.211015939481167720e+02 1.785420037867424981e+01 2.202072880087111173e+01
2.189428166925526398e+02 1.834025424074019739e+01 2.364919426664809521e+01
2.167197118247717071e+02 1.882815545140394420e+01 2.534211553885193524e+01
2.144299326618121313e+02 1.931800985066326604e+01 2.710175400772732957e+01
2.120672144937386463e+02 1.981044185584336148e+01 2.893348016178869742e+01
2.096278887982489607e+02 2.030572118380711899e+01 3.084065090489838568e+01
2.071287454348521067e+02 2.080040544579095751e+01 3.281077060137511836e+01
2.045996714767885862e+02 2.128876524763844813e+01 3.482101760969580084e+01
2.020418075492509900e+02 2.177044770029642251e+01 3.687071179222040485e+01
1.994551647438164821e+02 2.224530942678901368e+01 3.896004549295415842e+01
1.968371620322972149e+02 2.271141728859115361e+01 4.108872538086333748e+01
1.941842247037196216e+02 2.316603649685912814e+01 4.325611824934901506e+01
1.914962234141528086e+02 2.360872606997295264e+01 4.546212283439358970e+01
1.887733188237299089e+02 2.403923014099076383e+01 4.770667006139569821e+01
1.860157956664497192e+02 2.445736980033010610e+01 4.998970043802883367e+01
1.832238676750171464e+02 2.486291425443774727e+01 5.231113523434233059e+01
1.803977740721503267e+02 2.525564295337687426e+01 5.467088829203592582e+01
1.775377638964404525e+02 2.563533578430770987e+01 5.706886434883520565e+01
1.746449911144166265e+02 2.600103802641966411e+01 5.950678299552021855e+01
1.717225428265968503e+02 2.635021493298971862e+01 6.199025162854008641e+01
1.687711413032005225e+02 2.668228150451655267e+01 6.452000098638590941e+01
1.658017616971309280e+02 2.698945061751122410e+01 6.709253624014226602e+01
1.628826821601172128e+02 2.722123101040769555e+01 6.968856067408523813e+01
1.600281348299283479e+02 2.736561712122457024e+01 7.230408175530250503e+01
1.572464316913886364e+02 2.741495556174499981e+01 7.493504898939623615e+01
1.545554184001258022e+02 2.736325742897256674e+01 7.756778004974265173e+01
1.519567630971865242e+02 2.721347905232266839e+01 8.019805371405863070e+01
1.494508004780906560e+02 2.696926529972100539e+01 8.282249554866558583e+01
1.470263335722206648e+02 2.664794238895786904e+01 8.544392589315773989e+01
1.446755327400431668e+02 2.626186934802327499e+01 8.806407097747656110e+01
1.423984645731379146e+02 2.581350555120651435e+01 9.068073631483547103e+01
1.401954922769112102e+02 2.530484197339447761e+01 9.329160980628424227e+01
1.380657136363587369e+02 2.473994186860790379e+01 9.589324338858781971e+01
1.359966379402960115e+02 2.414181831443140780e+01 9.847294218701861723e+01
1.339850072962131833e+02 2.351685398451232345e+01 1.010270271752927300e+02
1.320306843104397387e+02 2.286600136975740227e+01 1.035546762609601501e+02
1.301335145197164422e+02 2.219018600889729598e+01 1.060551107943214930e+02
1.282933236125608403e+02 2.149031169519106044e+01 1.085275926405287663e+02
1.265145229793197075e+02 2.076721479860626829e+01 1.109671931767745292e+02
1.248609641968405271e+02 2.002120973357898492e+01 1.133143233755437791e+02
1.233534432769205864e+02 1.925337034417343673e+01 1.155478303773875410e+02
1.220055977323456915e+02 1.846353178747663648e+01 1.176527664848905630e+02
1.207722592880595300e+02 1.767095740200896259e+01 1.196497598317061488e+02
1.196099807572711029e+02 1.690093652603571783e+01 1.215532043707740968e+02
1.184895886951999984e+02 1.616473566703579579e+01 1.233780643929592458e+02
1.174101485576794488e+02 1.546004838180165741e+01 1.251281689774637584e+02
1.163700316351559536e+02 1.478558396297112765e+01 1.268065364889984750e+02
1.153676617479187740e+02 1.414012851005632321e+01 1.284160398086550288e+02
1.144015239710736864e+02 1.352251529774984462e+01 1.299594401788230300e+02
1.134701629662549180e+02 1.293162349110031606e+01 1.314393902436857218e+02
1.125721831759777842e+02 1.236637829519203002e+01 1.328584336950090687e+02
1.117062406099368701e+02 1.182574723190022148e+01 1.342190199110944775e+02
1.108712838490325083e+02 1.130879711779203589e+01 1.355230809531699379e+02
1.100660075352895717e+02 1.081519420938649212e+01 1.367725890607465260e+02
1.092851330879135077e+02 1.035073203114583507e+01 1.379720077719410938e+02
1.085263500624856761e+02 9.916211685798899111e+00 1.391241757402557084e+02
1.077886298505555658e+02 9.510373842853375947e+00 1.402311896309827830e+02
1.070712115863860703e+02 9.131809282489159685e+00 1.412954380537784118e+02
1.063749589706027479e+02 8.777906577641054753e+00 1.423224097011635934e+02
1.056993731722123755e+02 8.447296084149577666e+00 1.433145700520234129e+02
1.050434868176701571e+02 8.139069029872000982e+00 1.442732795211405232e+02
1.044064052065666743e+02 7.852257720156441856e+00 1.452000354638939541e+02
1.037875239189505407e+02 7.586210396641135389e+00 1.460959115162462467e+02
1.031847695723954956e+02 7.338754211913675718e+00 1.469639287358333206e+02
1.025961997773136147e+02 7.107854424882271260e+00 1.478069023250671705e+02
1.020212586988079551e+02 6.892914785066342809e+00 1.486257793554892999e+02
1.014594185720942079e+02 6.693368986296873047e+00 1.494214620645502123e+02
1.009101718225782491e+02 6.508672522096783375e+00 1.501948180920017251e+02
1.003730288601571914e+02 6.338300305157654080e+00 1.509466842589496594e+02
9.984751768911753800e+01 6.181746246318073901e+00 1.516778672362206350e+02
9.933318373445570160e+01 6.038523067124632604e+00 1.523891438419262840e+02
9.882958984453755136e+01 5.908162302710481484e+00 1.530812610369001447e+02
9.833631462814828694e+01 5.790212507041677448e+00 1.537549387738519897e+02
9.785295163089081427e+01 5.684238364043774361e+00 1.544108714084508449e+02
9.737910926303470660e+01 5.589820609735680179e+00 1.550497278229377685e+02
9.691441074940445333e+01 5.506555978155462050e+00 1.556721515119832873e+02
9.645849336258105211e+01 5.434056373792505390e+00 1.562787618964419210e+02
9.601100711466169457e+01 5.371947459670547431e+00 1.568701565647725147e+02
9.557161467897181240e+01 5.319868572856881528e+00 1.574469114071672493e+02
9.513999124308043065e+01 5.277472565839484098e+00 1.580095808673765987e+02
9.471582443941235852e+01 5.244425731643283406e+00 1.585586980615886148e+02
9.429881293979158841e+01 5.220406287001218892e+00 1.590947771864020410e+02
9.388866614532555843e+01 5.205104037666212768e+00 1.596183140501472622e+02
9.348510410113236446e+01 5.198220286386527889e+00 1.601297862189801151e+02
9.308785751672544961e+01 5.199467854914376908e+00 1.606296529819541661e+02
9.269666701034532252e+01 5.208570268461786057e+00 1.611183566457025904e+02
9.231128227244802531e+01 5.225260852911261189e+00 1.615963239676318040e+02
9.193146203920439063e+01 5.249282706216477301e+00 1.620639662013230407e+02
9.155697397033644336e+01 5.280388566571444287e+00 1.625216793058297355e+02
9.118759467856980905e+01 5.318340844198490736e+00 1.629698438952127901e+02
9.082310863901366815e+01 5.362910444325446946e+00 1.634088271070920655e+02
9.046330793161787653e+01 5.413876489242523959e+00 1.638389830438893284e+02
9.010799219892389544e+01 5.471026272708630067e+00 1.642606528452112116e+02
8.975696861935830384e+01 5.534155231143950360e+00 1.646741647335989853e+02
8.941005169059108937e+01 5.603066709823783853e+00 1.650798343856961026e+02
8.906706232655204758e+01 5.677570988373535243e+00 1.654779664793139204e+02
8.872782778510234891e+01 5.757485202712331329e+00 1.658688548173498702e+02
8.839218161170650490e+01 5.842633284267829907e+00 1.662527824242896486e+02
8.805996366828591704e+01 5.932845991132026597e+00 1.666300214967651243e+02
8.773101985489191179e+01 6.027960607683802152e+00 1.670008338804067876e+02
8.740520135555401282e+01 6.127820130719684677e+00 1.673654723619093261e+02
8.708236460166094162e+01 6.232273229935797687e+00 1.677241807317685414e+02
