2.540000000000000000e+02 7.000000000000000000e+00 0.000000000000000000e+00
2.528175708836963622e+02 7.499188829457105854e+00 7.137662111395229880e-01
2.516196658398490058e+02 8.002544849349941813e+00 1.437414427671640738e+00
2.504057851199179652e+02 8.509347122581170098e+00 2.171338488937190281e+00
2.491746926045053954e+02 9.018964063374314222e+00 2.916971798812870720e+00
2.479112616303542609e+02 9.529190234506064172e+00 3.691383479058846007e+00
2.466023867320221541e+02 1.003938551897860876e+01 4.507703450322292582e+00
2.452476400196146358e+02 1.055013913413521820e+01 5.365964597643127831e+00
2.438434199624462622e+02 1.106129885740166685e+01 6.270049873686197373e+00
2.423853732346864263e+02 1.157263051528502729e+01 7.224691147111084177e+00
2.408682058021587693e+02 1.208279066820638370e+01 8.235311651103172537e+00
2.392872867002240866e+02 1.259071043554478209e+01 9.306625401661049679e+00
2.376404429458002596e+02 1.309623862621204538e+01 1.044074482637459589e+01
2.359254830826795057e+02 1.359923795144063696e+01 1.163979606586242355e+01
2.341401444099648756e+02 1.409956646759162524e+01 1.290597451186296318e+01
2.322820907132096124e+02 1.459707742255934093e+01 1.424154701448150107e+01
2.303475924322662536e+02 1.509356094562786765e+01 1.564949923865352943e+01
2.283403247389533703e+02 1.559454968273201736e+01 1.712686213859632289e+01
2.262708790103320666e+02 1.609839211326350750e+01 1.866675682598378927e+01
2.241375318653016961e+02 1.660512869745834408e+01 2.027098191195043597e+01
2.219383276768576252e+02 1.711483821085174739e+01 2.194151515004951136e+01
2.196712495061862569e+02 1.762760188558502961e+01 2.368039631446400506e+01
2.173342181837726343e+02 1.814350344721698249e+01 2.548972812952847633e+01
2.149250919766120944e+02 1.866262912805546748e+01 2.737167660636665190e+01
2.124416638612589736e+02 1.918506777640067540e+01 2.932847380139094540e+01
2.098839702518168622e+02 1.971044792060701667e+01 3.136061844742134141e+01
2.072839034183260196e+02 2.023211311711643390e+01 3.344367792922936644e+01
2.046531066574976307e+02 2.074784441447938477e+01 3.556907559733084412e+01
2.019910004830975936e+02 2.125711616878783161e+01 3.773696493494671955e+01
1.992941508494695029e+02 2.175736081428981095e+01 3.994691383043295474e+01
1.965603150537184263e+02 2.224674519723269128e+01 4.219858020492593909e+01
1.937887699823289438e+02 2.272441180461890298e+01 4.449178718003845034e+01
1.909796918048631937e+02 2.319011649579266177e+01 4.682650087786355186e+01
1.881332834118617825e+02 2.364362574752653501e+01 4.920268001148344439e+01
1.852497553972290234e+02 2.408470384276752085e+01 5.162027278941978636e+01
1.823293287275733690e+02 2.451311513298928801e+01 5.407921788435766075e+01
1.793723411996496395e+02 2.492853763007590118e+01 5.657966038675255049e+01
1.763811751180440694e+02 2.532899510239717245e+01 5.912585728325120016e+01
1.733580902340462728e+02 2.571261752050866889e+01 6.172175782793558341e+01
1.703035408802046788e+02 2.607901970061223196e+01 6.436758224235781256e+01
1.672205142726814984e+02 2.642520085069484281e+01 6.706337683443152287e+01
1.641753745482383238e+02 2.670244040315316880e+01 6.979010141287810143e+01
1.611969359309642300e+02 2.688911565787108060e+01 7.253874277440880292e+01
1.582907900205634917e+02 2.697728640972254155e+01 7.530793917328190901e+01
1.554670337477157886e+02 2.696434613440346340e+01 7.808901682647471887e+01
1.527399536655110239e+02 2.684684697257034003e+01 8.086977571644641216e+01
1.501110138148112867e+02 2.662802903970509760e+01 8.364584855511850492e+01
1.475755238750080593e+02 2.631760703149454272e+01 8.641626709372089010e+01
1.451192691592125925e+02 2.593609047579842297e+01 8.918557906524162604e+01
1.427409255363408818e+02 2.548783257250148537e+01 9.195208363743473967e+01
1.404409757150740177e+02 2.497480534749591996e+01 9.471338759830355514e+01
1.382130323680028710e+02 2.441011785289454750e+01 9.746131991262429040e+01
1.360455448956511191e+02 2.381423070667576880e+01 1.001847365880679774e+02
1.339377820189731381e+02 2.318925521133023793e+01 1.028821076456891177e+02
1.318896585515017534e+02 2.253617072950928346e+01 1.055525176238528360e+02
1.299010576004083077e+02 2.185595096584242114e+01 1.081950863313205105e+02
1.279718312371579856e+02 2.114956360040503114e+01 1.108089685950754557e+02
1.261045978248569810e+02 2.041790869416051279e+01 1.133907613958394194e+02
1.243646979550321987e+02 1.966102040759370695e+01 1.158774168593866420e+02
1.228034717171256034e+02 1.887604061746595363e+01 1.182209051212422253e+02
1.214153464310261228e+02 1.806562722522100728e+01 1.204235654628832179e+02
1.201596362520437253e+02 1.725142117640888983e+01 1.225015368276582706e+02
1.189743772244008255e+02 1.646217386476578071e+01 1.244819160833959018e+02
1.178323168098792166e+02 1.570760628408624449e+01 1.263798378277256376e+02
1.167324970763821455e+02 1.498537486313762912e+01 1.281993018815272194e+02
1.156731967651720936e+02 1.429416882525112342e+01 1.299434967711136437e+02
1.146527807162212014e+02 1.363273348252061545e+01 1.316154582929017920e+02
1.136696775381565914e+02 1.299986307799207985e+01 1.332181038608263748e+02
1.127223741157441168e+02 1.239439882932250292e+01 1.347542428438413538e+02
1.118095130279387774e+02 1.181525285353821531e+01 1.362263925376711597e+02
1.109300760553402938e+02 1.126144759357587688e+01 1.376364314759046295e+02
1.100828322562345676e+02 1.073187063278727926e+01 1.389867260636102628e+02
1.092648368992302039e+02 1.022807952381562124e+01 1.402804890805963396e+02
1.084705145336512686e+02 9.755742088061959194e+00 1.415221698403401831e+02
1.076983797014668482e+02 9.314122135521799350e+00 1.427142667368602247e+02
1.069474074335388849e+02 8.901891632995370784e+00 1.438589836623011990e+02
1.062165910323437004e+02 8.517800558476640305e+00 1.449583644434492555e+02
1.055052827704150786e+02 8.160398961539227614e+00 1.460150008190230153e+02
1.048142966069922153e+02 7.827170259349382597e+00 1.470342166703820510e+02
1.041431422798886928e+02 7.516775925989240825e+00 1.480184558288042922e+02
1.034909520716003186e+02 7.228261202886064218e+00 1.489692432523235368e+02
1.028565938064227794e+02 6.960416675411878806e+00 1.498884181848677031e+02
1.022377023482641079e+02 6.710753675366720294e+00 1.507794807019855341e+02
1.016331386470103411e+02 6.478060803782875965e+00 1.516442262458866708e+02
1.010422161478902154e+02 6.261598442770804240e+00 1.524838193138065492e+02
1.004644625995064899e+02 6.060850988873940359e+00 1.532991210657303895e+02
9.989935875585221936e+01 5.875254966655136357e+00 1.540910500117445565e+02
9.934640668706889244e+01 5.704270088535206007e+00 1.548604874966740113e+02
9.880512837452188535e+01 5.547377709959756764e+00 1.556082803689387504e+02
9.827506334757063655e+01 5.404078364363438247e+00 1.563352442945457597e+02
9.775576860156569126e+01 5.273891673607803199e+00 1.570421639027615299e+02
9.724681771506205052e+01 5.156355383684390503e+00 1.577297943544769225e+02
9.674779937467772584e+01 5.051023753379686454e+00 1.583988639629318413e+02
9.625831726835001234e+01 4.957467437676963407e+00 1.590500743833557920e+02
9.577798995520278424e+01 4.875273345619801191e+00 1.596841008441530221e+02
9.530645051897111841e+01 4.804044261740272326e+00 1.603015927626261714e+02
9.484334504752358441e+01 4.743397185209054179e+00 1.609031764462435206e+02
9.438833242373722499e+01 4.692963101404782122e+00 1.614894554641687421e+02
9.394108417929537325e+01 4.652386822223551377e+00 1.620610109069936584e+02
9.350128447797345643e+01 4.621326967826205667e+00 1.626184014164324196e+02
9.306862880348342060e+01 4.599454533350765040e+00 1.631621655164790070e+02
9.264282351588306597e+01 4.586452404374577796e+00 1.636928224014828572e+02
9.222358577344718356e+01 4.582015271577189353e+00 1.642108720749495490e+02
9.181064353064816430e+01 4.585849628546110779e+00 1.647167953531181865e+02
9.140373478442060673e+01 4.597672948462936837e+00 1.652110552040391269e+02
9.100260676646890090e+01 4.617212801860715032e+00 1.656940981825003689e+02
9.060701590582711162e+01 4.644206815729429394e+00 1.661663544965412598e+02
9.021672773638115927e+01 4.678402572513630453e+00 1.666282381717410317e+02
8.983151677465765772e+01 4.719557476623175596e+00 1.670801472683326097e+02
8.945116546981805072e+01 4.767437607518274945e+00 1.675224657466155236e+02
8.907546404610432944e+01 4.821817547615677491e+00 1.679555637468612304e+02
8.870421042552268887e+01 4.882480297842894501e+00 1.683797977266667090e+02
8.833721027745473009e+01 4.949217331838465128e+00 1.687955103728097299e+02
8.797427644017749060e+01 5.021827964085672669e+00 1.692030316289577456e+02
8.761522827821460169e+01 5.100118647962903040e+00 1.696026798373724205e+02
8.725989167089372245e+01 5.183902963246052487e+00 1.699947617592364963e+02
8.690809889932234000e+01 5.273001492666256951e+00 1.703795727754432221e+02
8.655968878505123598e+01 5.367241973374871300e+00 1.707573966402445649e+02
8.621450590802218983e+01 5.466458442731080503e+00 1.711285068706132222e+02
8.587240026242272961e+01 5.570490862409062771e+00 1.714931673576312221e+02
8.553322725539035787e+01 5.679185116982795378e+00 1.718516323687913996e+02
8.519684759662740703e+01 5.792392893372311669e+00 1.722041467440923554e+02
8.486312747277408164e+01 5.909971871307480029e+00 1.725509455862530217e+02
8.453193782443565851e+01 6.031784933660957471e+00 1.728922555451052574e+02
