2.540000000000000000e+02 7.000000000000000000e+00 0.000000000000000000e+00
2.528335106014534972e+02 7.481944682551371351e+00 6.955703653576809087e-01
2.516522290760873091e+02 7.967799432092999012e+00 1.400718708855322792e+00
2.504556356283466982e+02 8.456774693906135454e+00 2.115862888201121894e+00
2.492434616945106143e+02 8.948592957527390368e+00 2.841198787310671214e+00
2.480163052359702078e+02 9.443951174138913274e+00 3.575666536228836012e+00
2.467608708938990958e+02 9.941401351220109817e+00 4.334083713051982478e+00
2.454617934415827278e+02 1.043951585699511497e+01 5.132882697095390689e+00
2.441176646241490573e+02 1.093828472717894407e+01 5.973400346799572880e+00
2.427271725925066050e+02 1.143769909761636505e+01 6.856887763578997763e+00
2.412858184912692536e+02 1.193753269871937661e+01 7.788269902233320607e+00
2.397890177148171631e+02 1.243733974511969009e+01 8.772469274681380824e+00
2.382306047310791826e+02 1.293550387975749238e+01 9.815890275643855745e+00
2.366073227595319111e+02 1.343149996629072263e+01 1.092182464449708768e+01
2.349167096240911121e+02 1.392511320201315606e+01 1.209270863048099542e+01
2.331565269862161074e+02 1.441623292049414218e+01 1.333073280112346737e+01
2.313244195988373519e+02 1.490472867207868468e+01 1.463820616215779324e+01
2.294167994007189009e+02 1.539210253603264000e+01 1.601802824114802704e+01
2.274361082439690165e+02 1.588420514985456578e+01 1.746768605733638680e+01
2.253934321915825478e+02 1.637914558096891682e+01 1.897986264601254192e+01
2.232869055119372490e+02 1.687698810043615438e+01 2.055647095655259804e+01
2.211145302962026165e+02 1.737781437874343737e+01 2.219953525780749715e+01
2.188742444658942929e+02 1.788170869710944189e+01 2.391114484959710396e+01
2.165639213456927905e+02 1.838875796486163239e+01 2.569345449562782591e+01
2.141813688668142390e+02 1.889905175184248520e+01 2.754868523081973208e+01
2.117243262650121949e+02 1.941268242273130795e+01 2.947912770764491341e+01
2.091921776905347485e+02 1.992942154684793010e+01 3.148579692497121130e+01
2.066217684918749171e+02 2.044203408622447071e+01 3.354019599878634494e+01
2.040254897347436724e+02 2.094800501976909146e+01 3.563282142633527627e+01
2.013989366310545677e+02 2.144796428085248863e+01 3.776755506343006630e+01
1.987388387249207824e+02 2.193997576594491505e+01 3.994459614985577645e+01
1.960405765333842396e+02 2.242053256229403146e+01 4.216313782092476714e+01
1.933045663499160582e+02 2.288957571197700602e+01 4.442321539529704921e+01
1.905309338245200763e+02 2.334684216541888802e+01 4.672480739762553270e+01
1.877198585496492740e+02 2.379209838321627757e+01 4.906788998156672221e+01
1.848715302407165666e+02 2.422511078888357261e+01 5.145243005936865899e+01
1.819861487968269671e+02 2.464564580985883069e+01 5.387838522162616783e+01
1.790639243580512812e+02 2.505346992058751709e+01 5.634570365894894906e+01
1.761056507654499512e+02 2.544787449278936009e+01 5.885549307789609941e+01
1.731143209758536727e+02 2.582633622820628716e+01 6.141329549877523419e+01
1.700912362853014770e+02 2.618774220724815294e+01 6.402114190565561103e+01
1.670364217560782834e+02 2.653058897145115935e+01 6.668071004172564642e+01
1.639904436088267232e+02 2.682588539355016621e+01 6.938034632699469739e+01
1.610101016341647266e+02 2.703193087620783785e+01 7.210254955201635596e+01
1.581014292173912281e+02 2.714005905345485559e+01 7.484653471492639198e+01
1.552670423636925250e+02 2.714985586183828659e+01 7.760928895936524441e+01
1.525230363947202648e+02 2.705674149879400403e+01 8.037774055047275112e+01
1.498774478349953370e+02 2.686061568509239095e+01 8.314342286646035518e+01
1.473287421272968061e+02 2.656748981866244463e+01 8.590359616296933609e+01
1.448620456498879321e+02 2.619871723008168019e+01 8.866272369676813980e+01
1.424731505264870179e+02 2.576215271937503104e+01 9.142046064614891066e+01
1.401624566093061617e+02 2.525995498205350032e+01 9.417423677263198556e+01
1.379271400634335691e+02 2.469953614996508762e+01 9.691872229669694150e+01
1.357533005368128727e+02 2.410583470759104685e+01 9.964001786819946460e+01
1.336391756775469162e+02 2.348271193832328052e+01 1.023356577942371075e+02
1.315846540213774176e+02 2.283119321331815854e+01 1.050047002893088717e+02
1.295896083734384945e+02 2.215226984741251570e+01 1.076462546004286764e+02
1.276538806056196478e+02 2.144692666127718184e+01 1.102594654023770602e+02
1.257766581015949043e+02 2.071630065373909702e+01 1.128437687140272914e+02
1.239857476813273536e+02 1.996109124131463730e+01 1.153706592231586114e+02
1.223762229459427857e+02 1.917650465466501686e+01 1.177530548818278788e+02
1.209461697122206658e+02 1.836456901042382128e+01 1.199905384031668518e+02
1.196645533249766800e+02 1.754137815932347522e+01 1.220962021555878323e+02
1.184698661327211937e+02 1.673679601089668978e+01 1.240960235331379380e+02
1.173195878991016343e+02 1.596754914138527148e+01 1.260115325894829681e+02
1.162122827639767308e+02 1.523133543688429192e+01 1.278472128594921315e+02
1.151461909938125387e+02 1.452679483445027486e+01 1.296063494181551050e+02
1.141196387860017580e+02 1.385263824949303846e+01 1.312920498903650923e+02
1.131310177475720735e+02 1.320762697629447402e+01 1.329073004634712447e+02
1.121787700884348169e+02 1.259056847451820182e+01 1.344549945207730843e+02
1.112616393074256251e+02 1.200038395952104153e+01 1.359374473369183249e+02
1.103785602853055963e+02 1.143607086864535916e+01 1.373566080668799430e+02
1.095268758085075120e+02 1.089838812092751930e+01 1.387156456399868887e+02
1.087000594670148956e+02 1.039391241301142443e+01 1.400192955672231960e+02
1.078962652212078837e+02 9.922239802651988683e+00 1.412703190494530645e+02
1.071143941294358228e+02 9.481980638334928102e+00 1.424710822484918822e+02
1.063534446323515823e+02 9.071735381254692143e+00 1.436238251907818153e+02
1.056124366991186037e+02 8.690205105376193728e+00 1.447306953973697432e+02
1.048904367628418157e+02 8.336140909844433011e+00 1.457937457286378731e+02
1.041873029381294913e+02 8.007734105351374865e+00 1.468164573960120265e+02
1.035035956082668775e+02 7.702727448588726489e+00 1.478034874509005476e+02
1.028385958814606056e+02 7.420021216775348094e+00 1.487566924281794343e+02
1.021914373687672395e+02 7.158634030854784669e+00 1.496776257308423510e+02
1.015601856389395294e+02 6.916542848576404445e+00 1.505691722296055843e+02
1.009432461625064406e+02 6.692035656438818592e+00 1.514338032889892247e+02
1.003396834380089615e+02 6.484097952065024373e+00 1.522730490809377102e+02
9.974890411225626963e+01 6.292073364580225814e+00 1.530879555431664585e+02
9.917051179671608452e+01 6.115512272039554276e+00 1.538792870177327927e+02
9.860398593968609759e+01 5.953837157069935770e+00 1.546479730403753194e+02
9.804885212303925357e+01 5.806520088792463063e+00 1.553948709090444709e+02
9.750465333150275171e+01 5.673052639217215365e+00 1.561208065555943563e+02
9.697094937410429338e+01 5.552945275274077552e+00 1.568265753785000811e+02
9.644731678658733642e+01 5.445727249317484642e+00 1.575129424198851780e+02
9.593334825467883320e+01 5.350945951873881334e+00 1.581806434118679761e+02
9.542865087816208813e+01 5.268164963477341978e+00 1.588303879259735538e+02
9.493284601169686709e+01 5.196963876029091267e+00 1.594628596619255916e+02
9.444556910727796151e+01 5.136938116007795152e+00 1.600787167334574690e+02
9.396646974893840820e+01 5.087698983425855026e+00 1.606785916053441952e+02
9.349521019567990265e+01 5.048872016622080849e+00 1.612630937368928130e+02
9.303146474479805761e+01 5.020096277756763037e+00 1.618328107370238058e+02
9.257491968012165273e+01 5.001024294726892805e+00 1.623883084581769367e+02
9.212527322723900625e+01 4.991322010937675024e+00 1.629301310775236971e+02
9.168223500775683021e+01 4.990668172845005301e+00 1.634588020870808407e+02
9.124552488460423660e+01 4.998753034111824256e+00 1.639748263885991832e+02
9.081487288503180366e+01 5.015278269196096872e+00 1.644786904332617894e+02
9.039001907506150246e+01 5.039956832469475678e+00 1.649708624494494700e+02
8.997071358344526004e+01 5.072512985111425898e+00 1.654517923992698911e+02
8.955671548287938322e+01 5.112681039575780240e+00 1.659219140082921911e+02
8.914779242175816876e+01 5.160204946339853826e+00 1.663816454336264599e+02
8.874372057128620384e+01 5.214838234557740648e+00 1.668313893598705988e+02
8.834428461351895123e+01 5.276343998657912593e+00 1.672715330207933278e+02
8.794927735977125849e+01 5.344494470114020679e+00 1.677024488916270286e+02
8.755849886555081696e+01 5.419070024220283166e+00 1.681244962947656632e+02
8.717175638085915068e+01 5.499859124320273018e+00 1.685380214899286386e+02
8.678886425098143320e+01 5.586658210485508036e+00 1.689433578541421639e+02
8.640964402390072507e+01 5.679271820072981036e+00 1.693408256868477224e+02
8.603392375380168744e+01 5.777511806114785209e+00 1.697307334735032214e+02
8.566153748414680535e+01 5.881196757243273510e+00 1.701133788233732389e+02
8.529232524592983111e+01 5.990151995730876422e+00 1.704890484726982152e+02
8.492613294565599347e+01 6.104209451803273012e+00 1.708580184879092769e+02
8.456281253255791341e+01 6.223207851295246229e+00 1.712205539622550248e+02
8.420222127722011862e+01 6.346991906144426210e+00 1.715769103245149267e+02
8.384422138614449693e+01 6.475411881881576015e+00 1.719273340382398771e+02
8.348868000175021109e+01 6.608323597630579194e+00 1.722720626017523387e+02
