2.540000000000000000e+02 7.000000000000000000e+00 0.000000000000000000e+00
2.528581934059404830e+02 7.463969221086227179e+00 6.652320184826784333e-01
2.517024454771247974e+02 7.931546958713896700e+00 1.339506305639847072e+00
2.505326106295662214e+02 8.402762956483387669e+00 2.022924528331583538e+00
2.493486846384757314e+02 8.877780882704966459e+00 2.715322854921959905e+00
2.481511760996907014e+02 9.357245021822633291e+00 3.415578838076753776e+00
2.469400731309726211e+02 9.841266371799124002e+00 4.123503128869753454e+00
2.457079932266319702e+02 1.032853309365833283e+01 4.846708263913301451e+00
2.444351365318572107e+02 1.081620809176414433e+01 5.607447911878394642e+00
2.431189811182219671e+02 1.130397175159238721e+01 6.408534551028023607e+00
2.417583251361166958e+02 1.179180239233286542e+01 7.251114894476340389e+00
2.403519814575459748e+02 1.227968167377766839e+01 8.136312538380582993e+00
2.388965278330389310e+02 1.276741520772796257e+01 9.067803581161465232e+00
2.373861081776037167e+02 1.325426896362854201e+01 1.005193003510110117e+01
2.358143133623673577e+02 1.373849405132825474e+01 1.109537982888024743e+01
2.341783908380103583e+02 1.421969606693879129e+01 1.220092204006970782e+01
2.324761773847806410e+02 1.469771996341820852e+01 1.337069103059389619e+01
2.307054362019370615e+02 1.517240470454417967e+01 1.460689403851373491e+01
2.288630439844436921e+02 1.564470343857298928e+01 1.591210491879512112e+01
2.269446020074759929e+02 1.612150853366926739e+01 1.728822652190778086e+01
2.249651890442887634e+02 1.660076855497610993e+01 1.872505223600804314e+01
2.229248746112918695e+02 1.708218242025133549e+01 2.022310227595574972e+01
2.208217859443660132e+02 1.756580655202479946e+01 2.178426799744674369e+01
2.186539914399614872e+02 1.805169913155818406e+01 2.341050019597935616e+01
2.164194994239132370e+02 1.853992013563604146e+01 2.510381035061168120e+01
2.141162579395055445e+02 1.903053134289891446e+01 2.686627083806053662e+01
2.117421523786925945e+02 1.952359640462850265e+01 2.870001732567179076e+01
2.092950071006370081e+02 2.001918014421152492e+01 3.060724813503293618e+01
2.067948076519358835e+02 2.051330559902973860e+01 3.257291632282380789e+01
2.042662843366697700e+02 2.100111143408446068e+01 3.457812825638190191e+01
2.017088525558508820e+02 2.148253119810002687e+01 3.662356219889451125e+01
1.991223312600491226e+02 2.195730259308245635e+01 3.870940457027544568e+01
1.965026587898285584e+02 2.242242092831374123e+01 4.083502308180732143e+01
1.938476802264655419e+02 2.287607334675508497e+01 4.299997987032752178e+01
1.911572222059824071e+02 2.331778536095615451e+01 4.520417089780422515e+01
1.884315716787422446e+02 2.374738520417298560e+01 4.744755712391695823e+01
1.856709610640097878e+02 2.416466157453870167e+01 4.973008476271247957e+01
1.828756052862723038e+02 2.456938444953216916e+01 5.205168565880367026e+01
1.800457386294102378e+02 2.496133028320945613e+01 5.441228377569672858e+01
1.771816053007476341e+02 2.534027586496387840e+01 5.681179389394056045e+01
1.742836407204615057e+02 2.570583983961554608e+01 5.925049225571370926e+01
1.713545525381163657e+02 2.605566394845843092e+01 6.173325447611466643e+01
1.683962656921126211e+02 2.638808870805365459e+01 6.426327337266450002e+01
1.654241598839314520e+02 2.669607291214809308e+01 6.683208811928012949e+01
1.625060428718633432e+02 2.693733235396798520e+01 6.941419684323754780e+01
1.596569362487336718e+02 2.708714586068542474e+01 7.201648498935288956e+01
1.568830834913719343e+02 2.713860176324394047e+01 7.463668298435995041e+01
1.542019995742222420e+02 2.708642219521508210e+01 7.726101497697140985e+01
1.516176205782484203e+02 2.693261444043207220e+01 7.988360106045630005e+01
1.491297394019522642e+02 2.668145607174727019e+01 8.250107125157279597e+01
1.467248442851871744e+02 2.635233645684204262e+01 8.511687459587921012e+01
1.443958644538786587e+02 2.595631943117626506e+01 8.773196410848547089e+01
1.421427903415927858e+02 2.549593770084612387e+01 9.034403105219594465e+01
1.399663644278962238e+02 2.497251747800205735e+01 9.295107042567111932e+01
1.378575342175353740e+02 2.440367902198657291e+01 9.554271665947703696e+01
1.358075751338186308e+02 2.380544343781815186e+01 9.810998953048203930e+01
1.338155888739602801e+02 2.318003939995731955e+01 1.006514012111228595e+02
1.318813590733076069e+02 2.252848174734317510e+01 1.031661297012468879e+02
1.300046566486624329e+02 2.185174557512184279e+01 1.056534063640128380e+02
1.281851747789580429e+02 2.115081024092616602e+01 1.081125165921055498e+02
1.264222628557968449e+02 2.042672841234966086e+01 1.105429061715807535e+02
1.247443030332131997e+02 1.968057287825285684e+01 1.129156550617481827e+02
1.232372946848043682e+02 1.890827034855879418e+01 1.151529552717299225e+02
1.218971222852773906e+02 1.811287354057148846e+01 1.172550649953854105e+02
1.206720059532347875e+02 1.731456961820825668e+01 1.192479673882376972e+02
1.195190277829224641e+02 1.653863740323522791e+01 1.211455952915674743e+02
1.184089516122561605e+02 1.579667052835371521e+01 1.229629472801740775e+02
1.173404048981709593e+02 1.508672559472302588e+01 1.247037595274553894e+02
1.163116862487513572e+02 1.440749333895459650e+01 1.263711594036351613e+02
1.153211663357130590e+02 1.375771424877116900e+01 1.279681496321319258e+02
1.143672847811200626e+02 1.313618211341012909e+01 1.294976058753397581e+02
1.134485427045650283e+02 1.254173826228290878e+01 1.309622904685736273e+02
1.125635014483422367e+02 1.197327076677721358e+01 1.323648548418946689e+02
1.117107800377274600e+02 1.142971371441990414e+01 1.337078446570819210e+02
1.108891870075793662e+02 1.091002941118995473e+01 1.349934871391539559e+02
1.100938117038566304e+02 1.041879969372000048e+01 1.362249228301034805e+02
1.093202796478938694e+02 9.959371381210271323e+00 1.374055427374356668e+02
1.085675862546137864e+02 9.530343216576440568e+00 1.385376086327055134e+02
1.078346724932114142e+02 9.130465812289909167e+00 1.396231026492110914e+02
1.071216265069673170e+02 8.757594233843665421e+00 1.406661504872533897e+02
1.064289017153719357e+02 8.409404594597836180e+00 1.416713603788086289e+02
1.057557428605543208e+02 8.084741149926131243e+00 1.426406559240895433e+02
1.051012862096520450e+02 7.782619667527915119e+00 1.435755923798197671e+02
1.044639965761681992e+02 7.501336421949204691e+00 1.444786227039864457e+02
1.038414123125696733e+02 7.238178217040188045e+00 1.453534548440711376e+02
1.032328631412512436e+02 6.992389736496503083e+00 1.462012767735631087e+02
1.026377967525951789e+02 6.763345473678024078e+00 1.470231025734389050e+02
1.020556885542947327e+02 6.550451152695939250e+00 1.478198985418373468e+02
1.014860302924225550e+02 6.353131301856079105e+00 1.485925991415193437e+02
1.009283328699102782e+02 6.170832255207891137e+00 1.493421037420355333e+02
1.003821245935339164e+02 6.003020182626584322e+00 1.500692796061662762e+02
9.984695108265877650e+01 5.849180986658232939e+00 1.507749620507806583e+02
9.932237519250388402e+01 5.708820215107749618e+00 1.514599545883917244e+02
9.880797621959946753e+01 5.581462155867027874e+00 1.521250303929180916e+02
9.830334830880048003e+01 5.466648022125125905e+00 1.527709352384083275e+02
9.780810034144728604e+01 5.363935824957966503e+00 1.533983877053606477e+02
9.732185577368939278e+01 5.272900189151287442e+00 1.540080794789695915e+02
9.684425253495018637e+01 5.193132237530200257e+00 1.546006755364394962e+02
9.637494143851276363e+01 5.124237780248485308e+00 1.551768170791075647e+02
9.591358580523720434e+01 5.065836886117534021e+00 1.557371222266036455e+02
9.545986136861806415e+01 5.017563774448650094e+00 1.562821861919954074e+02
9.501345627117896697e+01 4.979066810958880929e+00 1.568125812884274808e+02
9.457407008285085226e+01 4.950007389475430841e+00 1.573288587400045060e+02
9.414141299161222776e+01 4.930059009899561140e+00 1.578315501748738257e+02
9.371520575976374801e+01 4.918907228395235975e+00 1.583211677058873761e+02
9.329517965012090031e+01 4.916249573316091137e+00 1.587982040667542378e+02
9.288107612099543076e+01 4.921795197724203597e+00 1.592631331747256809e+02
9.247264571716154080e+01 4.935263615962586670e+00 1.597164121765101470e+02
9.206964795761280129e+01 4.956384575787638802e+00 1.601584816553340147e+02
9.167183266239075579e+01 4.984856033187871738e+00 1.605897278608576642e+02
9.127902648201651914e+01 5.020537963549359439e+00 1.610106560709228631e+02
9.089109627289671778e+01 5.063374927712334994e+00 1.614218292560462373e+02
9.050788313855046852e+01 5.113249718881827555e+00 1.618237397450342314e+02
9.012920227878450419e+01 5.169982879048733437e+00 1.622168085923216836e+02
8.975484907948771252e+01 5.233342803205309757e+00 1.626013891427997748e+02
8.938462348308850380e+01 5.303098823598382694e+00 1.629778123157457514e+02
8.901833319751729334e+01 5.379030111229669231e+00 1.633463984350339047e+02
8.865579299035867678e+01 5.460924087826025008e+00 1.637074559476529316e+02
8.829682465129253899e+01 5.548576381991694007e+00 1.640612814868535168e+02
8.794125699134214358e+01 5.641790828342807096e+00 1.644081598734039460e+02
8.758892554785370521e+01 5.740379123066262856e+00 1.647483646116278635e+02
8.723967175630676252e+01 5.844159857013314863e+00 1.650821592818869306e+02
8.689334289333912409e+01 5.952958449182077061e+00 1.654097976363755151e+02
8.654979201449694415e+01 6.066607074044859438e+00 1.657315237037830968e+02
