2.540000000000000000e+02 7.000000000000000000e+00 0.000000000000000000e+00
2.521282411409462156e+02 7.405201455819004686e+00 1.498204795197896511e+00
2.502542071907871559e+02 7.811753607195584870e+00 3.000406542496270035e+00
2.483778693778112654e+02 8.219664991404979304e+00 4.506634199944484998e+00
2.464991988249649637e+02 8.628944185197632066e+00 6.016916852266591675e+00
2.446181665492649699e+02 9.039599804993750709e+00 7.531283711503708567e+00
2.427343596541835495e+02 9.451740953672848278e+00 9.049946512505558260e+00
2.408382114760484569e+02 9.867560256551712428e+00 1.057901376559067863e+01
2.389237051931192468e+02 1.028837127082033120e+01 1.212268754255205394e+01
2.369905657466447053e+02 1.071423980118913022e+01 1.368119252862097923e+01
2.350385873697283046e+02 1.114521933630456907e+01 1.525469257980770976e+01
2.330675620820074698e+02 1.158136394512118272e+01 1.684335331458932927e+01
2.310772681330730904e+02 1.202271477207098194e+01 1.844735653720250923e+01
2.290636435659645826e+02 1.246458275503618829e+01 2.007176050675123591e+01
2.270236836940490832e+02 1.290342368017391728e+01 2.172033544142527717e+01
2.249572285317853186e+02 1.333913141066606123e+01 2.339326212886583178e+01
2.228641533304645179e+02 1.377164154186393574e+01 2.509067722188339999e+01
2.207443339052647673e+02 1.420088923082762378e+01 2.681271708032155487e+01
2.185978131725474327e+02 1.462714798095911917e+01 2.855957952165883640e+01
2.164262140583128371e+02 1.505402102182138790e+01 3.033211379229877025e+01
2.142297738363641884e+02 1.548254657270989476e+01 3.213080491025186802e+01
2.120068807490101790e+02 1.591190540654674557e+01 3.395724001101778100e+01
2.097539826647311543e+02 1.633506243309316375e+01 3.581717180644849918e+01
2.074734452957889630e+02 1.675044971653125003e+01 3.771618100935776141e+01
2.051651695360899339e+02 1.715795653967832024e+01 3.965478105917868845e+01
2.028289528577968213e+02 1.755744604721057556e+01 4.163335650453361581e+01
2.004645921667003563e+02 1.794878014241876585e+01 4.365229400447672248e+01
1.980718838093548015e+02 1.833181948222462054e+01 4.571198232676007223e+01
1.956506235828310309e+02 1.870642346991736815e+01 4.781281234601920005e+01
1.932006892303752750e+02 1.907294050348234649e+01 4.995528647440522718e+01
1.907210175026144725e+02 1.942634447686655008e+01 5.213874713054305943e+01
1.882104738789603005e+02 1.976003565306367094e+01 5.436198914660887027e+01
1.856690336836519180e+02 2.007264227285670088e+01 5.662473919568586211e+01
1.830968823791904754e+02 2.036389443699116697e+01 5.892694374811309643e+01
1.804942192005403854e+02 2.063354418650467537e+01 6.126854306270341510e+01
1.778612507011603725e+02 2.088134526560154214e+01 6.364946971701566980e+01
1.751981670934938791e+02 2.110705744539621520e+01 6.606966684866799255e+01
1.725211467201339417e+02 2.130616509748104193e+01 6.851756069481926659e+01
1.698385193970713942e+02 2.147647533918059182e+01 7.098709735746395211e+01
1.671510035497046545e+02 2.161789835031395413e+01 7.347766533989356219e+01
1.644593479907502740e+02 2.173034500777992051e+01 7.598862609271159840e+01
1.617643037244832840e+02 2.181373403111145493e+01 7.851933456848982473e+01
1.590666172732063899e+02 2.186799430750589224e+01 8.106914331225121373e+01
1.563750746296970249e+02 2.189005416281094440e+01 8.363262949218540143e+01
1.537268592396997633e+02 2.186647287721832811e+01 8.618735453170558003e+01
1.511337862304631585e+02 2.179459151804636718e+01 8.872588891821679624e+01
1.486053496085931442e+02 2.167308743171896523e+01 9.124217676388859388e+01
1.461447662893212112e+02 2.150183925089165626e+01 9.373280632978305960e+01
1.437790987905796385e+02 2.127327386342986770e+01 9.617260016598774541e+01
1.415186789459957311e+02 2.098608248977433988e+01 9.855042724294834500e+01
1.393640720223278890e+02 2.064284713272607164e+01 1.008650607572191973e+02
1.373153011899027263e+02 2.024596911240153929e+01 1.031155547757872455e+02
1.353689507120121505e+02 1.979916910445018274e+01 1.053040509280500601e+02
1.335177948683448221e+02 1.931399772982065954e+01 1.074379813830806114e+02
1.317585871073739270e+02 1.879394237362771136e+01 1.095197034941082990e+02
1.300857185943470711e+02 1.824307220620017489e+01 1.115488061611575858e+02
1.284946393958572060e+02 1.766459081312785884e+01 1.135253160687514082e+02
1.269833434027837882e+02 1.705963607537740145e+01 1.154502143748019165e+02
1.255499208558482422e+02 1.642926884957761402e+01 1.173244948706895485e+02
1.241924960706964214e+02 1.577452302613824031e+01 1.191491399039716867e+02
1.229092248259421467e+02 1.509640790013977885e+01 1.209251195833793275e+02
1.216982933357463281e+02 1.439590971149946519e+01 1.226533917485394056e+02
1.205579182441594384e+02 1.367399165356879642e+01 1.243349019697401019e+02
1.194863466251216124e+02 1.293159387313355957e+01 1.259705835479307439e+02
1.184818558974217382e+02 1.216963347871263679e+01 1.275613575817434366e+02
1.175427176850741091e+02 1.138902529442139944e+01 1.291081505334666133e+02
1.166541724776732565e+02 1.059803621035888810e+01 1.306182901370853529e+02
1.158039720191810744e+02 9.803397732412918231e+00 1.320979509983488356e+02
1.149764420038369366e+02 9.012572687981501574e+00 1.335561217457394605e+02
1.141651162474404231e+02 8.228528549452526875e+00 1.349965760656643283e+02
1.133697861568960974e+02 7.451197751242649936e+00 1.364195354790040824e+02
1.125902579267486772e+02 6.680507430443315187e+00 1.378252119672492029e+02
1.118258276490533518e+02 5.915789354151293367e+00 1.392133793507088626e+02
1.110733179396996633e+02 5.155037730064678136e+00 1.405835212460621904e+02
1.103305260763856097e+02 4.398231459778967789e+00 1.419369220681603849e+02
1.095966342671409990e+02 3.645436312939360768e+00 1.432741970716456876e+02
1.088719197444682720e+02 2.896635932812626102e+00 1.445952520011068998e+02
1.081563479130018237e+02 2.151824902902404801e+00 1.459001810248509798e+02
1.074498323346644213e+02 1.411000413609170723e+00 1.471891101237635269e+02
1.067523151281305900e+02 6.741577490914626436e-01 1.484621469635230824e+02
1.060637385560365402e+02 -5.870797307638012108e-02 1.497193988989985485e+02
1.053840450249655731e+02 -7.876018017571458918e-01 1.509609729743113462e+02
1.047131770839387741e+02 -1.512528954078842025e+00 1.521869759252310246e+02
1.040510774327636199e+02 -2.233494804621864560e+00 1.533975141660977783e+02
1.033976889225598086e+02 -2.950504884737297218e+00 1.545926937889987869e+02
1.027529545557593451e+02 -3.663564882546915147e+00 1.557726205637681289e+02
1.021168520279929908e+02 -4.372694714830715590e+00 1.569373555091792980e+02
1.014894106536664538e+02 -5.077935036679160241e+00 1.580868931532717170e+02
1.008703469974164335e+02 -5.779199143371598346e+00 1.592216301660069746e+02
1.002593808866088949e+02 -6.476402725613216838e+00 1.603419588122667392e+02
9.965627973445542409e+01 -7.169481987092617636e+00 1.614482099372308994e+02
9.906085854001337054e+01 -7.858393644481823870e+00 1.625406529663775359e+02
9.847297988818573344e+01 -8.543114927436279871e+00 1.636194959054828075e+02
9.789255394507716801e+01 -9.223643575457245447e+00 1.646848853466577225e+02
9.731952804676365076e+01 -9.899992524929942306e+00 1.657369199158012520e+02
9.675385209007357901e+01 -1.057217513443889345e+01 1.667756948300680904e+02
9.619547528934893421e+01 -1.124020478502163023e+01 1.678013060222352806e+02
9.564434705506984358e+01 -1.190409491391218566e+01 1.688138490261339086e+02
9.510041699385449476e+01 -1.256385901454109444e+01 1.698134189766493023e+02
9.456363490845930642e+01 -1.321951063653540537e+01 1.708001106097209174e+02
9.403395079777864396e+01 -1.387106338571866715e+01 1.717740182623424232e+02
9.351131485684513223e+01 -1.451853092411092838e+01 1.727352358725617876e+02
9.299567747677657792e+01 -1.516192696868883338e+01 1.736838569799105869e+02
9.248698924407669608e+01 -1.580126529101414512e+01 1.746199747268773592e+02
9.198520094218534382e+01 -1.643655971656162151e+01 1.755436818560414451e+02
9.149026355279752920e+01 -1.706782411785049192e+01 1.764550707093085009e+02
9.100212825588580756e+01 -1.769507241419881893e+01 1.773542332279308198e+02
9.052074642970023888e+01 -1.831831857172343092e+01 1.782412609525069911e+02
9.004606965076852987e+01 -1.893757660333999482e+01 1.791162450229819285e+02
8.957804969366935666e+01 -1.955286056882172474e+01 1.799792761790756401e+02
8.911663853103087263e+01 -2.016418457268137843e+01 1.808304447608432497e+02
8.866163042780492276e+01 -2.077168798255221915e+01 1.816701167324095820e+02
8.820913113376585102e+01 -2.137858208420761486e+01 1.825041489061978552e+02
8.775722269814265530e+01 -2.198642318073146740e+01 1.833362387559947422e+02
8.730608938714510714e+01 -2.259503772958582246e+01 1.841663832909270297e+02
8.685566242225661426e+01 -2.320448446152181177e+01 1.849945667943816829e+02
8.640595927713016522e+01 -2.381474243655632606e+01 1.858207843222053270e+02
8.595705278136851746e+01 -2.442573910943523430e+01 1.866450453757998105e+02
8.550900748534705542e+01 -2.503740963763804572e+01 1.874673577712082988e+02
8.506187966021389002e+01 -2.564969688137794179e+01 1.882877276391157011e+02
8.461571729788984442e+01 -2.626255140360175844e+01 1.891061594248481299e+02
8.417056011106845403e+01 -2.687593146998997895e+01 1.899226558883733844e+02
8.372643953321590971e+01 -2.748980304895675175e+01 1.907372181043006378e+02
8.328337871857117136e+01 -2.810413981164989039e+01 1.915498454618807500e+02
