2.540000000000000000e+02 7.000000000000000000e+00 0.000000000000000000e+00
2.529027356279433718e+02 7.442787196821293527e+00 6.397459656934040284e-01
2.517917953828749376e+02 7.889107018136233052e+00 1.288431151902339700e+00
2.506670716018448388e+02 8.339033807465689563e+00 1.946075372335634546e+00
2.495289875220433657e+02 8.793224383860620108e+00 2.611581923297609631e+00
2.483776032480003835e+02 9.251939056509707271e+00 3.284616166926537684e+00
2.472127823073757327e+02 9.715224860351531433e+00 3.965254402435361314e+00
2.460336002856774087e+02 1.018332292921910565e+01 4.654643535855244707e+00
2.448224305904511198e+02 1.065552319451474084e+01 5.372949737391152780e+00
2.435691749171167260e+02 1.112807397706490065e+01 6.130696881932998110e+00
2.422726039298075591e+02 1.160093532210638934e+01 6.929059658977803515e+00
2.409315022988785699e+02 1.207409854350294154e+01 7.769193793918908852e+00
2.395427964360199837e+02 1.254740575500680322e+01 8.654363115927774075e+00
2.381015604626224444e+02 1.302055753368037472e+01 9.589915118564015017e+00
2.366032315565931867e+02 1.349251236087404138e+01 1.058058516360021528e+01
2.350424657981657219e+02 1.396196162301513510e+01 1.163193300191156432e+01
2.334170096146380615e+02 1.442874575877740284e+01 1.274619064903584942e+01
2.317245825908198924e+02 1.489271856117132664e+01 1.392561240358948638e+01
2.299626053991904939e+02 1.535407235899461575e+01 1.517257323657075396e+01
2.281236092753006801e+02 1.581907119859676492e+01 1.649112237905239198e+01
2.262052213866728607e+02 1.629043759723807838e+01 1.788273498291559349e+01
2.242237593135023133e+02 1.676473622560148513e+01 1.933672241509799861e+01
2.221801019113832751e+02 1.724150225201833919e+01 2.085306494281992684e+01
2.200722947871128952e+02 1.772080498831956774e+01 2.243372827190937713e+01
2.178983209520262108e+02 1.820271595459915304e+01 2.408074107957272147e+01
2.156560992117028945e+02 1.868730893601427212e+01 2.579619663436674770e+01
2.133434839831687668e+02 1.917465998923313109e+01 2.758225298009528359e+01
2.109582627105595520e+02 1.966484753359269178e+01 2.944113553568037034e+01
2.085032979515095803e+02 2.015701007550174140e+01 3.137113646616934304e+01
2.060167424435750547e+02 2.064388909947665596e+01 3.334298267933935023e+01
2.035058636238302086e+02 2.112399237651993289e+01 3.535123441969013669e+01
2.009666857710046770e+02 2.159764467395694609e+01 3.739912394703959819e+01
1.983943476897470646e+02 2.206190618540954418e+01 3.948662217520784878e+01
1.957865777476222604e+02 2.251486818573285120e+01 4.161326422631211841e+01
1.931435549981923998e+02 2.295631024622276328e+01 4.377902397796451339e+01
1.904654678649061452e+02 2.338601196185690512e+01 4.598386679025541923e+01
1.877525143431767845e+02 2.380375309433508946e+01 4.822774923388589485e+01
1.850049020263434443e+02 2.420931358997658478e+01 5.051061905553720521e+01
1.822228481066512984e+02 2.460247358809139939e+01 5.283241517180226055e+01
1.794065794319060672e+02 2.498301348416806889e+01 5.519306757868429258e+01
1.765562608107872506e+02 2.535077776463259625e+01 5.759235025199316738e+01
1.736733061292734703e+02 2.570451065544606095e+01 6.003256577585981546e+01
1.707610896231398101e+02 2.604123032564133666e+01 6.251995107284512443e+01
1.678198480695117780e+02 2.636075656847886250e+01 6.505424026523128589e+01
1.648779876573277363e+02 2.664919691108633515e+01 6.762097608960456796e+01
1.619966002670275600e+02 2.685955715267268928e+01 7.020532957536269691e+01
1.591851794276743703e+02 2.697783946991748039e+01 7.281024329095200187e+01
1.564482947661333014e+02 2.699898439475135348e+01 7.543389504031624426e+01
1.537927392235888533e+02 2.692266761164803768e+01 7.806938560113084691e+01
1.512328108793907120e+02 2.674549684752631862e+01 8.070467706406060415e+01
1.487674681009191033e+02 2.647350766028660374e+01 8.333658339650243363e+01
1.463797566817996767e+02 2.612961916406000640e+01 8.597022044376326733e+01
1.440673456515614532e+02 2.571918001349272842e+01 8.860429265169361202e+01
1.418306663517479080e+02 2.524416581447355412e+01 9.123638272119798387e+01
1.396636856999077168e+02 2.471746671010323837e+01 9.385824552741352989e+01
1.375548144793526717e+02 2.416045999185755022e+01 9.645759768526176003e+01
1.355032853873372574e+02 2.357526130774742157e+01 9.903292421693164727e+01
1.335089473706063643e+02 2.296285412747816324e+01 1.015833612849069425e+02
1.315716205687187426e+02 2.232421423676580829e+01 1.041080794076577689e+02
1.296910969638497306e+02 2.166030943560291888e+01 1.066062831691223352e+02
1.278669768354767911e+02 2.097214216600663406e+01 1.090772763628100535e+02
1.260957918304975038e+02 2.026152115872305259e+01 1.115215514147456872e+02
1.244371796317345940e+02 1.952823602747276155e+01 1.138828099730126837e+02
1.229529039791032261e+02 1.876852281436794456e+01 1.161055773735352119e+02
1.216319556463330258e+02 1.798680904118711865e+01 1.181950609969696018e+02
1.204209907329973817e+02 1.720347873471121503e+01 1.201782059222334738e+02
1.192820887348936196e+02 1.644130197274884253e+01 1.220671262036074154e+02
1.181859435653233987e+02 1.571210579187655121e+01 1.238766284298406362e+02
1.171308889460737817e+02 1.501447482435929182e+01 1.256099652091524206e+02
1.161152436798458041e+02 1.434711435888843312e+01 1.272702522908231799e+02
1.151373928813794407e+02 1.370878075333396851e+01 1.288604825368373383e+02
1.141957872144317605e+02 1.309828084711444873e+01 1.303835273358885161e+02
1.132889426594962998e+02 1.251447178231223489e+01 1.318421370338272425e+02
1.124154297881344178e+02 1.195625545687729741e+01 1.332389621937171853e+02
1.115740183463259143e+02 1.142262342340337078e+01 1.345762517462135008e+02
1.107632096632861618e+02 1.091327933579038145e+01 1.358559831873580777e+02
1.099758886893654335e+02 1.043497092892824796e+01 1.370822408787247468e+02
1.092096110418798816e+02 9.988136215677185348e+00 1.382578215158586943e+02
1.084633856187634819e+02 9.571415599196670954e+00 1.393849873867240774e+02
1.077360809161079800e+02 9.183664306183862536e+00 1.404655060374420259e+02
1.070276428667466035e+02 8.822889143612345109e+00 1.415031492578050916e+02
1.063384031828018266e+02 8.486878920646240942e+00 1.425022450004167069e+02
1.056680116298407341e+02 8.174203398574102053e+00 1.434654146689931906e+02
1.050155081218512123e+02 7.883918750724210334e+00 1.443943895702622342e+02
1.043787280001806863e+02 7.613753134363538067e+00 1.452925037117557565e+02
1.037559982228196418e+02 7.361860692444094134e+00 1.461624027678068103e+02
1.031464791358802842e+02 7.127239052335087699e+00 1.470055612840154708e+02
1.025496888413356089e+02 6.909279620221049356e+00 1.478229354541238365e+02
1.019651283721142789e+02 6.707375342268048435e+00 1.486154889974760067e+02
1.013923340882578685e+02 6.520956162987761928e+00 1.493841276270858316e+02
1.008308586976385328e+02 6.349472173454804746e+00 1.501297250761616908e+02
1.002802711637885267e+02 6.192393497727071150e+00 1.508531232784029896e+02
9.974015669275846108e+01 6.049210276653592899e+00 1.515551323937067139e+02
9.921011597930146308e+01 5.919431738965016621e+00 1.522365322827197360e+02
9.868976352091902982e+01 5.802584123716515663e+00 1.528980758047659947e+02
9.817872752113615320e+01 5.698210561096288984e+00 1.535404890070513204e+02
9.767664975788080994e+01 5.605870910233996973e+00 1.541644713821270898e+02
9.718318567414240761e+01 5.525141870915364350e+00 1.547706956905555273e+02
9.669800323754149929e+01 5.455615578262378307e+00 1.553598101917203564e+02
9.622078191833334415e+01 5.396898343352502181e+00 1.559324406429759051e+02
9.575121267642849432e+01 5.348610637224827435e+00 1.564891903250361906e+02
9.528899780573784994e+01 5.310386899071345645e+00 1.570306403464518894e+02
9.483385104261660103e+01 5.281875669870133017e+00 1.575573494314826064e+02
9.438549624544896233e+01 5.262737965272524576e+00 1.580698565029840381e+02
9.394366690672748632e+01 5.252646674352057232e+00 1.585686816368376242e+02
9.350810268783457957e+01 5.251278817645864905e+00 1.590543191504790457e+02
9.307855502573757178e+01 5.258327566040204459e+00 1.595272474501460067e+02
9.265490270372636417e+01 5.273763115784250388e+00 1.599881673601698537e+02
9.223701489588755464e+01 5.297531452491315740e+00 1.604377423779118317e+02
9.182471140262988740e+01 5.329465338599246316e+00 1.608765189474870567e+02
9.141776263701665073e+01 5.369280013459785117e+00 1.613049149087430010e+02
9.101594652172913413e+01 5.416699128910648753e+00 1.617233306018267172e+02
9.061904939362227651e+01 5.471457215235773219e+00 1.621321523393561961e+02
9.022686553379466545e+01 5.533298769783511872e+00 1.625317520153302553e+02
8.983919731852743951e+01 5.601978446239050058e+00 1.629224868312290937e+02
8.945585419766049995e+01 5.677259773566687429e+00 1.633047011498426571e+02
8.907665248843619565e+01 5.758914897502203978e+00 1.636787268693584565e+02
8.870142833588232634e+01 5.846725997495392235e+00 1.640448791175869871e+02
8.832996452721292258e+01 5.940476463661530815e+00 1.644034816242032093e+02
8.796191270720632360e+01 6.039942885966602226e+00 1.647548919396930671e+02
8.759700195088957742e+01 6.144919462339107241e+00 1.650994300846122940e+02
8.723505346658707538e+01 6.255219681349672989e+00 1.654373735683172697e+02
8.687595644808861550e+01 6.370672700757982199e+00 1.657689666718649733e+02
8.651955768830347893e+01 6.491107493629776570e+00 1.660944619809221194e+02
