2.540000000000000000e+02 7.000000000000000000e+00 0.000000000000000000e+00
2.528600438689293810e+02 7.473333529360837169e+00 7.468385057276812899e-01
2.516802884187760299e+02 7.953894114814819893e+00 1.512123680914216894e+00
2.504599502654949958e+02 8.441809816852671844e+00 2.296202728416062211e+00
2.491982316744795014e+02 8.937210995070055120e+00 3.099429164014646965e+00
2.478923122035705262e+02 9.439255538405300072e+00 3.925607751268630707e+00
2.465299522306867175e+02 9.942687568779376761e+00 4.794408854428989564e+00
2.451076165578685675e+02 1.044671600900844055e+01 5.710129515491283669e+00
2.436232996192139240e+02 1.095133745408099202e+01 6.674357590279284658e+00
2.420749286290510156e+02 1.145654837363284173e+01 7.688734173794935955e+00
2.404603623417277731e+02 1.196234510964519338e+01 8.754954582483870595e+00
2.387773889393153866e+02 1.246872387252370373e+01 9.874770027213031653e+00
2.370237214363875751e+02 1.297568073256847221e+01 1.104999125276287053e+01
2.351969970317682055e+02 1.348321161877075802e+01 1.228248905125476398e+01
2.332947748540119619e+02 1.399131231462855673e+01 1.357419604776793243e+01
2.313145876035245863e+02 1.449997742594769967e+01 1.492711147024725094e+01
2.292628351540082008e+02 1.500904421176746872e+01 1.634361364380167814e+01
2.271536786899849858e+02 1.551823614773700655e+01 1.782644637202060522e+01
2.249916995472116525e+02 1.602746754235677074e+01 1.937812221341990693e+01
2.227737370870650579e+02 1.653680194910410961e+01 2.100097981704062988e+01
2.204979027192517833e+02 1.704627550307786166e+01 2.269748144967810788e+01
2.181623386564826603e+02 1.755592472026002682e+01 2.447018060829548602e+01
2.157650562182454053e+02 1.806578893000797947e+01 2.632171902431286270e+01
2.133039967252333895e+02 1.857590903726850939e+01 2.825483061520777639e+01
2.107770283433551697e+02 1.908632759256623146e+01 3.027234564046584708e+01
2.081819436851181706e+02 1.959708884519302075e+01 3.237719386020931722e+01
2.055193548109791095e+02 2.010749635787241374e+01 3.456797359964513561e+01
2.028177828554503890e+02 2.060982851564064688e+01 3.680074329022312440e+01
2.000853865591582235e+02 2.110185531740018305e+01 3.906308410068601233e+01
1.973224210058891686e+02 2.158340347997716435e+01 4.135471491598408988e+01
1.945289553347063816e+02 2.205435014685245321e+01 4.367564380566813043e+01
1.917049573071255395e+02 2.251459980076570844e+01 4.602603677752200184e+01
1.888504848942723697e+02 2.296403275388432874e+01 4.840592145200695029e+01
1.859655810946842394e+02 2.340253427724717383e+01 5.081535080056952580e+01
1.830502905441917676e+02 2.382998985088241639e+01 5.325437708051193653e+01
1.801046599043204992e+02 2.424628505770565567e+01 5.572305123076023392e+01
1.771287378640475367e+02 2.465130558901903512e+01 5.822142286769845043e+01
1.741225751404808193e+02 2.504493724557390877e+01 6.074954028414273211e+01
1.710862244919985926e+02 2.542706596004094166e+01 6.330745042842280412e+01
1.680197407200794544e+02 2.579757780038135095e+01 6.589519890133621516e+01
1.649248712331556419e+02 2.615498718675082301e+01 6.851299181475863520e+01
1.618816824075967986e+02 2.643466143064301477e+01 7.116822225861989182e+01
1.589331210485741224e+02 2.660324528180311887e+01 7.386383752660117352e+01
1.560778752050910327e+02 2.666346849456709833e+01 7.659841666637504431e+01
1.533146207022350893e+02 2.661803280753845513e+01 7.937056868024410505e+01
1.506420302381776537e+02 2.646960449205585419e+01 8.217893344621950291e+01
1.480587911562088266e+02 2.622080041199171063e+01 8.502218300505870729e+01
1.455635967247524150e+02 2.587419592348211594e+01 8.789902004685600900e+01
1.431551478641017638e+02 2.543232386920372079e+01 9.080817774464900083e+01
1.408321534378524120e+02 2.489767487090030329e+01 9.374841934118278175e+01
1.385933305122730417e+02 2.427269762589597590e+01 9.671853775140522202e+01
1.364434176024537066e+02 2.356926158364464641e+01 9.969425266812110920e+01
1.343876804092497252e+02 2.285830559980105292e+01 1.025627146265764935e+02
1.324198534479701834e+02 2.215367227767429270e+01 1.053122532120670911e+02
1.305366891668353446e+02 2.145530031782135438e+01 1.079471465694372512e+02
1.287350499961960679e+02 2.076312931759501623e+01 1.104715288054293865e+02
1.270119077625220001e+02 2.007709976782837202e+01 1.128893907550962581e+02
1.253643442306756981e+02 1.939715305545263391e+01 1.152045792729152254e+02
1.237895476563800372e+02 1.872323144262913175e+01 1.174208017426168027e+02
1.222848045682979432e+02 1.805527802059595643e+01 1.195416368246993102e+02
1.208474910073013433e+02 1.739314099115126311e+01 1.215704308208565436e+02
1.194754285573226298e+02 1.674137799406891247e+01 1.235156199590931720e+02
1.181666358281586326e+02 1.610660347517230306e+01 1.253879995542995260e+02
1.169186591012966119e+02 1.548830281729089542e+01 1.271904746643784279e+02
1.157291353320936338e+02 1.488586591104987100e+01 1.289257048735821627e+02
1.145957903304702512e+02 1.429870553466866134e+01 1.305962498750223801e+02
1.135164337021450649e+02 1.372625605101876900e+01 1.322045751575057011e+02
1.124889589428283330e+02 1.316797343188422609e+01 1.337530518996464650e+02
1.115113436035008903e+02 1.262333530052959851e+01 1.352439567840704626e+02
1.105816422977825084e+02 1.209183913066825689e+01 1.366794798582175190e+02
1.096976090406603390e+02 1.157287424550129273e+01 1.380616752655577102e+02
1.088491804855311500e+02 1.106317067450630809e+01 1.393912915423997845e+02
1.080294900377790412e+02 1.056054237371782101e+01 1.406691477553793277e+02
1.072370915042930193e+02 1.006471382220250455e+01 1.418968224933877309e+02
1.064687541789183598e+02 9.575599592485344758e+00 1.430771915894411563e+02
1.057217793928539749e+02 9.093067745948550495e+00 1.442126426538797830e+02
1.049958145984206368e+02 8.616993234883507213e+00 1.453042261000482824e+02
1.042902768675679255e+02 8.147253616946814603e+00 1.463531062290620355e+02
1.036046214985021123e+02 7.683729440705471703e+00 1.473604038346161644e+02
1.029383175550422749e+02 7.226304043168266134e+00 1.483272115548940064e+02
1.022908476827015818e+02 6.774863513064147469e+00 1.492545942482928183e+02
1.016617074998797392e+02 6.329296569343797252e+00 1.501435902371087536e+02
1.010504053798762243e+02 5.889494517666558515e+00 1.509952117528515032e+02
1.004564622274424579e+02 5.455351205778714352e+00 1.518104453927331576e+02
9.987941080756948509e+01 5.026763022931505454e+00 1.525902531518657952e+02
9.931998149158511069e+01 4.601954822349551222e+00 1.533377755627075203e+02
9.877898027785825263e+01 4.179110609143903865e+00 1.540561375327361588e+02
9.825414108821033210e+01 3.757227944828207544e+00 1.547493635099834535e+02
9.773634119238796814e+01 3.331947572467387264e+00 1.554331548567736832e+02
9.722449624252270439e+01 2.902778492507266161e+00 1.561093799420731614e+02
9.671860150212033602e+01 2.469756575132858956e+00 1.567780468523409070e+02
9.621865200242436345e+01 2.032917682850796659e+00 1.574391639609014533e+02
9.572464254750418888e+01 1.592297664434439763e+00 1.580927399212781097e+02
9.523656771425527268e+01 1.147932354923874021e+00 1.587387836671931041e+02
9.475442185239879223e+01 6.998575756259128866e-01 1.593773044125674971e+02
9.427819908448198305e+01 2.481091341140979345e-01 1.600083116515213248e+02
9.380789330587799668e+01 -2.072771757713031682e-01 1.606318151583734277e+02
9.334349820604822412e+01 -6.662655977668489049e-01 1.612478249598743787e+02
9.288500723655812408e+01 -1.128820376358142585e+00 1.618563513770320981e+02
9.243241360164685716e+01 -1.594905746094019472e+00 1.624574050374406511e+02
9.198571029373552221e+01 -2.064485971734275171e+00 1.630509968288829157e+02
9.154489009345462591e+01 -2.537525348280563087e+00 1.636371378992957659e+02
9.110994556964394064e+01 -3.013988200976390086e+00 1.642158396567699867e+02
9.068086907935256136e+01 -3.493838885307119835e+00 1.647871137695503592e+02
9.025765276783893398e+01 -3.977041786999970352e+00 1.653509721660355751e+02
8.984028856857081280e+01 -4.463561322024017564e+00 1.659074270347783511e+02
8.942876820322526044e+01 -4.953361936590191306e+00 1.664564908244852575e+02
8.902308318168876156e+01 -5.446408107151278877e+00 1.669981762440170030e+02
8.862322480205700970e+01 -5.942664340401917933e+00 1.675324962623879799e+02
8.822918415063509201e+01 -6.442095173278610254e+00 1.680594641087667753e+02
8.784095211747154508e+01 -6.944665187481239066e+00 1.685790932523662775e+02
8.745851941090454318e+01 -7.450339020159994163e+00 1.690913973837933497e+02
8.708187647351341809e+01 -7.959081285066408995e+00 1.695963905238672567e+02
8.671101355023763801e+01 -8.470856639807442079e+00 1.700940869352191385e+02
8.634592069449074359e+01 -8.985629791715497916e+00 1.705845011143678391e+02
8.598658776816017735e+01 -9.503365497848434984e+00 1.710676477917201339e+02
8.563300444160734060e+01 -1.002402856498954975e+01 1.715435419315703029e+02
8.528516019366765022e+01 -1.054758384964758378e+01 1.720121987321006429e+02
8.494304431165048186e+01 -1.107399625805673793e+01 1.724736336253811260e+02
8.460664589133919833e+01 -1.160323074617664219e+01 1.729278622773694565e+02
8.427595383699110698e+01 -1.213525231969238760e+01 1.733749005879110996e+02
8.395095686133750235e+01 -1.267002603401450145e+01 1.738147646907393664e+02
8.363164348558366612e+01 -1.320751699427896320e+01 1.742474709534753003e+02
8.331800203940882454e+01 -1.374769035534720096e+01 1.746730359776276771e+02
