2.540000000000000000e+02 7.000000000000000000e+00 0.000000000000000000e+00
2.528900087605641431e+02 7.478594737736248277e+00 7.219736106732129732e-01
2.517498015159551414e+02 7.967152390752577418e+00 1.464007161910226618e+00
2.505786310368426371e+02 8.465916254486003822e+00 2.226590960613123116e+00
2.493757316788407365e+02 8.975135615525191568e+00 3.010227396593238680e+00
2.481389767334057410e+02 9.494633551268211846e+00 3.815239380656752388e+00
2.468560014951380595e+02 1.002034348745590364e+01 4.646720417326246633e+00
2.455127848401347990e+02 1.054643893912868791e+01 5.524151697673768346e+00
2.441064935021485951e+02 1.107249133115750261e+01 6.450480217297348773e+00
2.426350176488328998e+02 1.159846110075252668e+01 7.427362914488537804e+00
2.410961775944280703e+02 1.212430731686264096e+01 8.456511626371566948e+00
2.394877227152932164e+02 1.264998765889970223e+01 9.539693941224102858e+00
2.378073279144153673e+02 1.317545834737764032e+01 1.067873597716586431e+01
2.360525900932799459e+02 1.370067407469623433e+01 1.187552515505089268e+01
2.342198213035165111e+02 1.422555746955405453e+01 1.313195240382509077e+01
2.323138815342209114e+02 1.475024325896707111e+01 1.445038175204705411e+01
2.303459787813957007e+02 1.527504596727096065e+01 1.583358854657844361e+01
2.283223206781333943e+02 1.580018630130198964e+01 1.728423685058958270e+01
2.262418513386739392e+02 1.632572104038312943e+01 1.880475265053642175e+01
2.241025669381985495e+02 1.685168680711015554e+01 2.039760619586349577e+01
2.219024896104331788e+02 1.737812424919298948e+01 2.206536178962608474e+01
2.196395706265975605e+02 1.790507570211375565e+01 2.381067489090802880e+01
2.173116885907981271e+02 1.843258523161913942e+01 2.563629443539553421e+01
2.149166433608205296e+02 1.896069877689555838e+01 2.754507065259731036e+01
2.124521554666998782e+02 1.948946416426219486e+01 2.953995581350423549e+01
2.099158642504475836e+02 2.001893115095521125e+01 3.162400662283301500e+01
2.073068384691457595e+02 2.054878393491560118e+01 3.379814501965375229e+01
2.046544308775389709e+02 2.107146957741442961e+01 3.601856682615000693e+01
2.019701656510881378e+02 2.158404404745738958e+01 3.826824795649709188e+01
1.992540940910519396e+02 2.208638465542035334e+01 4.054721326166683326e+01
1.965062548057618983e+02 2.257837251336539452e+01 4.285550839056447359e+01
1.937266887660213399e+02 2.305988883144200940e+01 4.519317740239105774e+01
1.909154393051055365e+02 2.353081491788709911e+01 4.756026276664342589e+01
1.880725521187233085e+02 2.399103217912167807e+01 4.995680536309198772e+01
1.851980752651822115e+02 2.444042212608205134e+01 5.238284447855728843e+01
1.822920591800157410e+02 2.487886639018105583e+01 5.483841778926358046e+01
1.793545566871136430e+02 2.530624673552651061e+01 5.732356134737710818e+01
1.763856229995897138e+02 2.572244506224488703e+01 5.983830957878964085e+01
1.733853157238885387e+02 2.612734341320449616e+01 6.238269527706397355e+01
1.703536948690430961e+02 2.652082398696832399e+01 6.495674959086242950e+01
1.672908228500783991e+02 2.690276914338761216e+01 6.756050201891841311e+01
1.642298708617113903e+02 2.724643748981165459e+01 7.019667571009931351e+01
1.612621429155547332e+02 2.747926483584506130e+01 7.287202103185084923e+01
1.583916323570177553e+02 2.759981481475044163e+01 7.558548691250169327e+01
1.556167743809423598e+02 2.761110284705839391e+01 7.833558599452409510e+01
1.529360180009289536e+02 2.751609084728966437e+01 8.112086654963829346e+01
1.503478261015432622e+02 2.731768731292536856e+01 8.393991237384210535e+01
1.478506754383164719e+02 2.701874732440701266e+01 8.679134278741103969e+01
1.454430565720631137e+02 2.662207259399633941e+01 8.967381263511155964e+01
1.431234736333792625e+02 2.613041236120604438e+01 9.258601169638252770e+01
1.408904452217810217e+02 2.554646434256546783e+01 9.552666335516690310e+01
1.387425043882232103e+02 2.487287503500230912e+01 9.849452436187131354e+01
1.366516050650767227e+02 2.414768017740390960e+01 1.014762690575505815e+02
1.346224386186123638e+02 2.343066907000556753e+01 1.043791639972706093e+02
1.326839042872084065e+02 2.272161173449387306e+01 1.071607291245639857e+02
1.308324467969485170e+02 2.202037010927288918e+01 1.098256019755035595e+02
1.290647189730787261e+02 2.132680780422628430e+01 1.123781425669383083e+02
1.273774976954092182e+02 2.064079230982783741e+01 1.148225502570073644e+02
1.257676741044846551e+02 1.996219470987585964e+01 1.171628764135475933e+02
1.242322536242002542e+02 1.929088968214681898e+01 1.194030243848463897e+02
1.227683567018191013e+02 1.862675551920039396e+01 1.215467485431420727e+02
1.213732109505105967e+02 1.796967424206309261e+01 1.235976648621530529e+02
1.200444911745701262e+02 1.732438926279799318e+01 1.255646616595127796e+02
1.187800259887650611e+02 1.669693676915875358e+01 1.274581223785581159e+02
1.175772781497156672e+02 1.608717486950313003e+01 1.292815551675629138e+02
1.164337631616536441e+02 1.549430808336736298e+01 1.310376030478304870e+02
1.153471044004819532e+02 1.491770009336600289e+01 1.327289439763888765e+02
1.143150183644695659e+02 1.435672325798875448e+01 1.343581318201926535e+02
1.133353124878105689e+02 1.381077487245906532e+01 1.359276188463389303e+02
1.124037071889935220e+02 1.327858058507360539e+01 1.374394416932842375e+02
1.115053818957169227e+02 1.275549725288922609e+01 1.388937626654668520e+02
1.106379029219590535e+02 1.224085419739812330e+01 1.402921361562426625e+02
1.097978567449439993e+02 1.173446117452655990e+01 1.416375734103023944e+02
1.089822123353112602e+02 1.123615331038626941e+01 1.429327911719867075e+02
1.081900299389119766e+02 1.074575401207007630e+01 1.441793092103513345e+02
1.074204899568974412e+02 1.026309049920017458e+01 1.453785536646115020e+02
1.066728929457191981e+02 9.787993803928134895e+00 1.465318570441419013e+02
1.059466596171290007e+02 9.320298770934892119e+00 1.476404582284768594e+02
1.052412625404713964e+02 8.859844147353740595e+00 1.487055428802103165e+02
1.045560903725873629e+02 8.406473279087853356e+00 1.497283210760082000e+02
1.038905770523973899e+02 7.960033597132005312e+00 1.507099528973388942e+02
1.032441718337053089e+02 7.520376190162982866e+00 1.516515687154763157e+02
1.026163382199125920e+02 7.087355802584847098e+00 1.525542698399713117e+02
1.020065539640183232e+02 6.660830834528933764e+00 1.534191285186515472e+02
1.014143111530735837e+02 6.240663363289584709e+00 1.542471877656299171e+02
1.008391029569877020e+02 5.826736596454978212e+00 1.550394402718206095e+02
1.002812359157712052e+02 5.417862041590370659e+00 1.557981743518282656e+02
9.974204862509665759e+01 5.011525803678075874e+00 1.565272458822775832e+02
9.921835183386586721e+01 4.606143627388878059e+00 1.572323923172496904e+02
9.870113527162519063e+01 4.197392249411184828e+00 1.579288454592453377e+02
9.818975170464567270e+01 3.784992747058970597e+00 1.586176996861643715e+02
9.768419429599394732e+01 3.368979484074455577e+00 1.592989657029437183e+02
9.718445600729911860e+01 2.949386795115205295e+00 1.599726544691507115e+02
9.669052959877558351e+01 2.526248985730653374e+00 1.606387771989523685e+02
9.620240762922307454e+01 2.099600332362093091e+00 1.612973453611153332e+02
9.572008245602651755e+01 1.669475082342688266e+00 1.619483706790058761e+02
9.524354624305996708e+01 1.235907446038839508e+00 1.625918651200788361e+02
9.477279098117644196e+01 7.989315765899346333e-01 1.632278408686354680e+02
9.430780840912751728e+01 3.585816490712999127e-01 1.638563104310207450e+02
9.384859007009241338e+01 -8.510819545840818401e-02 1.644772865604615504e+02
9.339512732155752417e+01 -5.321038597739990994e-01 1.650907822439289703e+02
9.294741133531647392e+01 -9.823712904837501592e-01 1.656968107021380661e+02
9.250543309747011733e+01 -1.435876478029406877e+00 1.662953853895478744e+02
9.206918340842652526e+01 -1.892585456686180168e+00 1.668865199943613504e+02
9.163865288290102740e+01 -2.352464304562748687e+00 1.674702284385255382e+02
9.121383194991608434e+01 -2.815479143601260503e+00 1.680465248777314855e+02
9.079471085280142972e+01 -3.281596139577327431e+00 1.686154237014141870e+02
9.038127964919402757e+01 -3.750781502100029918e+00 1.691769395327526126e+02
8.997352821103804388e+01 -4.223001484611917711e+00 1.697310872286697645e+02
8.957144622458488925e+01 -4.698222384389005413e+00 1.702778818798327052e+02
8.917502319039314784e+01 -5.176410542540774706e+00 1.708173388106523589e+02
8.878424845340185811e+01 -5.657532366534666401e+00 1.713494735397162287e+02
8.839911116980746897e+01 -6.141554300963966817e+00 1.718743018236263822e+02
8.801960027894881478e+01 -6.628442809422370630e+00 1.723918396938160527e+02
8.764570455438770580e+01 -7.118164415882102247e+00 1.729021033891660011e+02
8.727741260407846369e+01 -7.610685704826793518e+00 1.734051093557808940e+02
8.691471287036792148e+01 -8.105973321251488173e+00 1.739008742469888773e+02
8.655759362999533835e+01 -8.603993970662644486e+00 1.743894149233420592e+02
8.620604299409251325e+01 -9.104714419078117515e+00 1.748707484526159419e+02
8.586004890818360025e+01 -9.608101493027191964e+00 1.753448921098100470e+02
8.551959915218536423e+01 -1.011412207955054399e+01 1.758118633771473753e+02
8.518468134040696782e+01 -1.062274312620027139e+01 1.762716799440748332e+02
8.485528292155007080e+01 -1.113393164103987765e+01 1.767243597072628347e+02
8.453139117870884434e+01 -1.164765469264427900e+01 1.771699207706056711e+02
