2.540000000000000000e+02 7.000000000000000000e+00 0.000000000000000000e+00
2.523832776569700798e+02 7.474859905853157294e+00 1.324656511086956145e+00
2.507553158402590441e+02 7.952154981163108260e+00 2.660923523194768325e+00
2.491160344080550431e+02 8.431904521461003554e+00 4.008884473352056332e+00
2.474653526029577790e+02 8.914127969525688755e+00 5.368623433672975231e+00
2.458031890481138078e+02 9.398844916305623798e+00 6.740225115347792340e+00
2.441282204410827035e+02 9.886369620540239822e+00 8.124717417756594173e+00
2.424269464815763229e+02 1.038006241654704809e+01 9.531352564427507446e+00
2.406947229817577067e+02 1.088110928137117916e+01 1.096313848629065824e+01
2.389310405049965880e+02 1.138963187964165513e+01 1.242048762219640956e+01
2.371353885784891418e+02 1.190575197773532068e+01 1.390381463934645900e+01
2.353072484398022368e+02 1.242959331909062648e+01 1.541354093881935050e+01
2.334460928364777601e+02 1.296128159895459220e+01 1.695009484719911796e+01
2.315490312275278200e+02 1.349856584442104612e+01 1.851698572358807837e+01
2.296102050831037502e+02 1.403612370715878832e+01 2.012162750235184205e+01
2.276288411118681267e+02 1.457370254053593861e+01 2.176482288048743996e+01
2.256043601643127090e+02 1.511125000162092391e+01 2.344711950451505444e+01
2.235363784551801416e+02 1.564899740579459397e+01 2.516908217592769503e+01
2.214263752911147094e+02 1.618989007997228669e+01 2.693142796031428787e+01
2.192749307450351353e+02 1.673579414363910800e+01 2.873493636054415390e+01
2.170816107535417814e+02 1.728662117989357583e+01 3.058104803710103781e+01
2.148469308378749361e+02 1.783830069051355238e+01 3.247714881000268861e+01
2.125688285091130183e+02 1.838769602772065781e+01 3.442786316323503115e+01
2.102435614484572568e+02 1.893181963656891043e+01 3.643844134162720394e+01
2.078701775686699875e+02 1.947032552485458723e+01 3.851021080219808823e+01
2.054478764919612672e+02 2.000302034452296951e+01 4.064428504570905432e+01
2.029758600983662689e+02 2.052972039396050619e+01 4.284177496973509847e+01
2.004533185157265223e+02 2.105023864348959961e+01 4.510380849341827769e+01
1.978792434937498967e+02 2.156339600378192500e+01 4.743137422893420307e+01
1.952518271892269297e+02 2.205813767939801195e+01 4.982260240714586530e+01
1.925707618636801612e+02 2.252950816674767864e+01 5.227624703801743067e+01
1.898358922447407622e+02 2.297708748010205326e+01 5.479268500997626035e+01
1.870470479924294978e+02 2.340039533305850128e+01 5.737229243783830412e+01
1.842080520888700050e+02 2.379843179338106296e+01 6.001268321440372233e+01
1.813428411597827221e+02 2.416768439731354690e+01 6.269748757867768063e+01
1.784601532669612709e+02 2.450681991347693867e+01 6.542068323471917779e+01
1.755601353092613692e+02 2.481566617006396314e+01 6.818215116118373942e+01
1.726436881903263725e+02 2.509395664756833000e+01 7.098124740112126574e+01
1.697116333189786133e+02 2.534144486806446039e+01 7.381737457936461055e+01
1.667649690563506795e+02 2.555758432625561483e+01 7.668958764148271712e+01
1.638247612073904804e+02 2.573356854522642578e+01 7.958400562602425055e+01
1.609301208843410222e+02 2.585521429761598355e+01 8.247634207166662179e+01
1.580857783160950021e+02 2.592190856095827911e+01 8.536296957797419793e+01
1.553063532390248440e+02 2.593087783203139551e+01 8.823437389300600842e+01
1.525959140180499674e+02 2.588212595779687675e+01 9.108718416488946445e+01
1.499621157856591367e+02 2.577422294725115037e+01 9.391399194060383593e+01
1.474381992607083305e+02 2.559812978276717743e+01 9.668407945712378648e+01
1.450366192910546772e+02 2.535291202459438864e+01 9.938297188425603679e+01
1.427431908489077159e+02 2.505158015287164375e+01 1.020148472208833255e+02
1.405529044723382697e+02 2.470389848925713494e+01 1.045811489900322471e+02
1.384706352250211410e+02 2.431771874639195374e+01 1.070789765817399370e+02
1.364941351334725823e+02 2.389488543735128800e+01 1.095094332902676797e+02
1.346206348108541135e+02 2.343680887112831357e+01 1.118739512172037252e+02
1.328474187390035013e+02 2.294486491954619467e+01 1.141739399448528047e+02
1.311718239295964850e+02 2.242039618059025585e+01 1.164107868621219382e+02
1.295912399241472031e+02 2.186471197840796776e+01 1.185858571645204762e+02
1.281031086636713781e+02 2.127908846291872536e+01 1.207004938962597578e+02
1.267049235149264064e+02 2.066476927949123521e+01 1.227560183214601324e+02
1.253942301554477581e+02 2.002296490298631326e+01 1.247537296303426757e+02
1.241686230901639334e+02 1.935485553587584207e+01 1.266949058849505860e+02
1.230257449579786027e+02 1.866159166261808622e+01 1.285808042245483307e+02
1.219632865317707342e+02 1.794429404965772434e+01 1.304126608656216888e+02
1.209787358879131460e+02 1.720419487867263797e+01 1.321918159787196601e+02
1.200516626267667704e+02 1.645258292513521070e+01 1.339285548937715760e+02
1.191683396737336693e+02 1.569678283789518147e+01 1.356300299726260619e+02
1.183094004594864117e+02 1.494604141579354106e+01 1.373075673659509732e+02
1.174653446566890835e+02 1.420061298341330236e+01 1.389636796763591349e+02
1.166321540168847832e+02 1.345734146352242355e+01 1.405970087906386539e+02
1.158098151298359113e+02 1.271613059120550560e+01 1.422074984755998628e+02
1.149982739267485243e+02 1.197690796428917714e+01 1.437951425111539834e+02
1.141974678617836219e+02 1.124059903822546325e+01 1.453612066212910463e+02
1.134073276445508043e+02 1.050798849630410636e+01 1.469068018586609696e+02
1.126277778027525613e+02 9.779636227577809038e+00 1.484327784793647425e+02
1.118587366821843005e+02 9.055877326862258769e+00 1.499397259429542828e+02
1.111001165398215136e+02 8.336822800185528237e+00 1.514279735162081124e+02
1.103518312547164584e+02 7.622448676633304387e+00 1.528976784213258497e+02
1.096137980627048023e+02 6.912736633454493074e+00 1.543489955541128325e+02
1.088859332211834214e+02 6.207663121542585039e+00 1.557820766779494761e+02
1.081681535012945403e+02 5.507204655504362556e+00 1.571970726195950192e+02
1.074603761879255472e+02 4.811337813659895879e+00 1.585941332691873811e+02
1.067625190797090937e+02 4.120039238042549457e+00 1.599734075802431903e+02
1.060745004867029451e+02 3.433285634672183395e+00 1.613350435739292266e+02
1.053962392294582031e+02 2.751053773455434559e+00 1.626791883407568662e+02
1.047276546414534408e+02 2.073320488053169708e+00 1.640059880361206694e+02
1.040686665555288215e+02 1.400062677807033307e+00 1.653155879052832233e+02
1.034191953032173927e+02 7.312573078279075434e-01 1.666081322846080468e+02
1.027791617147449159e+02 6.688140899590584720e-02 1.678837646015593634e+02
1.021484871190299941e+02 -5.930879220396243490e-01 1.691426273747021582e+02
1.015271498323606636e+02 -1.248698532631536962e+00 1.703847882216547873e+02
1.009149110837192609e+02 -1.899901504215430581e+00 1.716105988398418560e+02
1.003113334764194917e+02 -2.546560570882119290e+00 1.728206708997745125e+02
9.971612786937177475e+01 -3.188606538126780521e+00 1.740154217284642471e+02
9.912915194292234844e+01 -3.826036382006989367e+00 1.751950761694494361e+02
9.855033428910164162e+01 -4.458878164743299344e+00 1.763597659111375151e+02
9.797960510813791757e+01 -5.087160337258354481e+00 1.775096202695774537e+02
9.741689502764369024e+01 -5.710911197681068252e+00 1.786447677376258127e+02
9.686213515453360401e+01 -6.330158901988983899e+00 1.797653359161415096e+02
9.631525706891176242e+01 -6.944931465084926536e+00 1.808714515254223159e+02
9.577619282600180384e+01 -7.555256760492933488e+00 1.819632404015883935e+02
9.524487497499639233e+01 -8.161162517085299939e+00 1.830408274613183437e+02
9.472123652618643064e+01 -8.762676324862946231e+00 1.841043367633426158e+02
9.420521094917451421e+01 -9.359825635269437782e+00 1.851538915117867532e+02
9.369673217287490274e+01 -9.952637761190986865e+00 1.861896140561712798e+02
9.319573458551352019e+01 -1.054113987695644283e+01 1.872116258914115292e+02
9.270215303462801160e+01 -1.112535901833730811e+01 1.882200476578179007e+02
9.221592282706762944e+01 -1.170532208254771867e+01 1.892149991410956886e+02
9.173697972879341478e+01 -1.228105582847011767e+01 1.901965992727067771e+02
9.126525995585551243e+01 -1.285258687835310809e+01 1.911649661467291139e+02
9.080069802292840109e+01 -1.341994430618279743e+01 1.921202132067632817e+02
9.034325442112712778e+01 -1.398312629681423758e+01 1.930624981144499657e+02
8.989312960387441365e+01 -1.454184153358800380e+01 1.939924118752940956e+02
8.945046861222644452e+01 -1.509586452571229920e+01 1.949104640058497750e+02
8.901505132184178137e+01 -1.564534952164167336e+01 1.958170364612681738e+02
8.858277889618049983e+01 -1.619364076423034149e+01 1.967183728399105291e+02
8.815177078146814438e+01 -1.674229058910805179e+01 1.976172708563073286e+02
8.772192363763141998e+01 -1.729139618121334010e+01 1.985138190608858793e+02
8.729316291511237580e+01 -1.784102651696217734e+01 1.994080802101717040e+02
8.686544285486807837e+01 -1.839122236424793755e+01 2.003000912667884847e+02
8.643874648837096686e+01 -1.894199628244143341e+01 2.011898633994581189e+02
8.601308563760859727e+01 -1.949333262239088072e+01 2.020773819830006346e+02
8.558849821887604037e+01 -2.004519016131063580e+01 2.029626090268584733e+02
8.516498656251719979e+01 -2.059756241368191709e+01 2.038455386672664815e+02
8.474254362465185864e+01 -2.115045208603983085e+01 2.047261734229954300e+02
8.432117173922584641e+01 -2.170385271809093553e+01 2.056045073701249066e+02
