2.540000000000000000e+02 7.000000000000000000e+00 0.000000000000000000e+00
2.525114114168735568e+02 7.426944627746858707e+00 1.146809892051129598e+00
2.510138946707848220e+02 7.858340919762888177e+00 2.301602257196889934e+00
2.495026452535835801e+02 8.292766367909990777e+00 3.469858767403609434e+00
2.479768390554100108e+02 8.730038532410873131e+00 4.652502559690646855e+00
2.464363353844042877e+02 9.170188407510357465e+00 5.849673452236386240e+00
2.448801133865333099e+02 9.613459250465966832e+00 7.062030129772224107e+00
2.432952341449910136e+02 1.006288548398702076e+01 8.297969618229599220e+00
2.416763960810901040e+02 1.051967086917467142e+01 9.561229668707470708e+00
2.400229310832613123e+02 1.098396145683921965e+01 1.085234648975582772e+01
2.383341678258100842e+02 1.145590373458270150e+01 1.217186114814044373e+01
2.366094214746423177e+02 1.193564713803617749e+01 1.352032559728160344e+01
2.348479936120315017e+02 1.242334406727810503e+01 1.489830273788537340e+01
2.330491722366190857e+02 1.291914988683434018e+01 1.630636641794357544e+01
2.312112706093763563e+02 1.342235030437908705e+01 1.774636870247923426e+01
2.293279195159244068e+02 1.392795632617823465e+01 1.922634843177079844e+01
2.273970008328212487e+02 1.443479074297151321e+01 2.074876483438121610e+01
2.254187861175895193e+02 1.494400736310281630e+01 2.231422688513962171e+01
2.233947371214358384e+02 1.545812150318464973e+01 2.392325266662678729e+01
2.213243634875525458e+02 1.597771091220497475e+01 2.557670807364358012e+01
2.192065917963752781e+02 1.650278242852969512e+01 2.727556791909646350e+01
2.170404311914220727e+02 1.703344631326424263e+01 2.902080869381185124e+01
2.148239837528499265e+02 1.756835523114684960e+01 3.081377705706250225e+01
2.125556752606643443e+02 1.810265852144099341e+01 3.266041574349591059e+01
2.102368281719620882e+02 1.863599483923373512e+01 3.456595944905451034e+01
2.078633392138627869e+02 1.916534506500915214e+01 3.653661480152825902e+01
2.054329305898825737e+02 1.968946927170309280e+01 3.857541018666665167e+01
2.029445744734211701e+02 2.020806245018233582e+01 4.068361928209343858e+01
2.003980761861162705e+02 2.071950368698007949e+01 4.286104028495788754e+01
1.977927984736356564e+02 2.122283385506110420e+01 4.510826613727900991e+01
1.951266301404903629e+02 2.171040046135015800e+01 4.742527954687881220e+01
1.923978807839276328e+02 2.217469519682607171e+01 4.981170122164403580e+01
1.896060915715679300e+02 2.261488913355633912e+01 5.226812388515772767e+01
1.867507916592676622e+02 2.303047289514092100e+01 5.479524226785866858e+01
1.838535057376461737e+02 2.341872177322489890e+01 5.737834079990749814e+01
1.809347904953474142e+02 2.377725360915574271e+01 6.000318653775860867e+01
1.779967858893344612e+02 2.410566406408875295e+01 6.266831257608256323e+01
1.750403803616799507e+02 2.440368746831978441e+01 6.537311528795252968e+01
1.720664728951639972e+02 2.467106635280473270e+01 6.811697543987718007e+01
1.690759720347457744e+02 2.490755172914463245e+01 7.089925879500600558e+01
1.660697863468984679e+02 2.511290663205666718e+01 7.371932182701117142e+01
1.630667707000449695e+02 2.528031745043864831e+01 7.656571308085077021e+01
1.601098489857882328e+02 2.539458564379038563e+01 7.941213040632725040e+01
1.572014021202409992e+02 2.545572982023276509e+01 8.225630513187174131e+01
1.543490595302872634e+02 2.546151315278788729e+01 8.509179365059863187e+01
1.515670471213260555e+02 2.540905600562013333e+01 8.790884488932923091e+01
1.488565055069509526e+02 2.529920974740047868e+01 9.070576020544815776e+01
1.462217349163065876e+02 2.513180078534108475e+01 9.347816781671961905e+01
1.436860026716862535e+02 2.490725008529233975e+01 9.619954638187141427e+01
1.412508049906075485e+02 2.463277051713319210e+01 9.886114888914896426e+01
1.389243479980327152e+02 2.430868111611825810e+01 1.014533891047827296e+02
1.367026259719944505e+02 2.394434796094290974e+01 1.039799643109383851e+02
1.345868740980213545e+02 2.354294886264994346e+01 1.064394803597438965e+02
1.325843281533176707e+02 2.310611131686006203e+01 1.088252925263964954e+02
1.306927696742357341e+02 2.263535237084717266e+01 1.111383456053558660e+02
1.289089537305085571e+02 2.213213101751026812e+01 1.133804325864289524e+02
1.272297125820868757e+02 2.159786363533515896e+01 1.155533096485493303e+02
1.256519496625357419e+02 2.103392797053014363e+01 1.176586985419835685e+02
1.241726387446485802e+02 2.044166369134305583e+01 1.196982869171694261e+02
1.227888239410082321e+02 1.982237238754291297e+01 1.216737283246016261e+02
1.214976195705674371e+02 1.917731759152425042e+01 1.235866423172091402e+02
1.202962076495543755e+02 1.850772639522272556e+01 1.254386154760602068e+02
1.191818360725607562e+02 1.781479067709445374e+01 1.272312021134964226e+02
1.181518179529418546e+02 1.709966749106338213e+01 1.289659245693973730e+02
1.171967877076896514e+02 1.636716598998390992e+01 1.306475811067628001e+02
1.162923416466632602e+02 1.562959968368267383e+01 1.322879200176897427e+02
1.154208955433953605e+02 1.488821315828171699e+01 1.338916881453120880e+02
1.145629964171892539e+02 1.415020218332490209e+01 1.354686150223317895e+02
1.137178667112969634e+02 1.341589860003662871e+01 1.370193096559853529e+02
1.128853911401125885e+02 1.268532177425412577e+01 1.385440050104863019e+02
1.120654764871168538e+02 1.195843464679660606e+01 1.400428608226556264e+02
1.112580011309830041e+02 1.123565847496288406e+01 1.415166365713443781e+02
1.104627528811235635e+02 1.051864241617550633e+01 1.429677371433569988e+02
1.096795869549891478e+02 9.807689985856804071e+00 1.443968512630031853e+02
1.089083798757603603e+02 9.102762782400247943e+00 1.458042206583592701e+02
1.081490095657318875e+02 8.403813683830454906e+00 1.471900738010735097e+02
1.074013549999217787e+02 7.710795899892088023e+00 1.485546371617129751e+02
1.066652962603022132e+02 7.023662985899634670e+00 1.498981351053297715e+02
1.059407144561415066e+02 6.342368822277236085e+00 1.512207900448111673e+02
1.052274917155126133e+02 5.666867612380595887e+00 1.525228224572278179e+02
1.045255111852931975e+02 4.997113882496959647e+00 1.538044508838337663e+02
1.038346570311654347e+02 4.333062481845136205e+00 1.550658919300661296e+02
1.031548144376162384e+02 3.674668582575479459e+00 1.563073602655456398e+02
1.024858696064731589e+02 3.021887679282290851e+00 1.575290686268473053e+02
1.018277097448872155e+02 2.374675585709133063e+00 1.587312278405511279e+02
1.011802230431524237e+02 1.732988429302888767e+00 1.599140468660423267e+02
1.005432986660638193e+02 1.096782648833430684e+00 1.610777328120837808e+02
9.991678567440597192e+01 4.660312073958055579e-01 1.622225411067308016e+02
9.930002117127850170e+01 -1.590909530961012175e-01 1.633493514890460290e+02
9.869272326027892461e+01 -7.785602434605535249e-01 1.644585771096183748e+02
9.809478626939680623e+01 -1.392422125908452157e+00 1.655504151983943757e+02
9.750610640301376009e+01 -2.000722100493602440e+00 1.666250600750230149e+02
9.692658174190324871e+01 -2.603505705112711510e+00 1.676827031488553246e+02
9.635611224323068313e+01 -3.200818515505391204e+00 1.687235329189449828e+02
9.579459974055352234e+01 -3.792706145254157946e+00 1.697477349740478587e+02
9.524194794382106011e+01 -4.379214245784430304e+00 1.707554919926220691e+02
9.469806243937456713e+01 -4.960388506364532546e+00 1.717469837428283199e+02
9.416285068994724838e+01 -5.536274654105688420e+00 1.727223870825293375e+02
9.363622203466424310e+01 -6.106918453962032700e+00 1.736818759592904939e+02
9.311808768904268163e+01 -6.672365708730594314e+00 1.746256214103792104e+02
9.260835923028011507e+01 -7.232661633896901421e+00 1.755537934141523522e+02
9.210694524211784540e+01 -7.787849507670640214e+00 1.764665650133852637e+02
9.161375700972614311e+01 -8.337973053027267767e+00 1.773641053794163156e+02
9.112870679245990857e+01 -8.883075710601495700e+00 1.782465819167958898e+02
9.065171224191077215e+01 -9.423195009527907118e+00 1.791141689579464185e+02
9.018292340518846117e+01 -9.958086590045875042e+00 1.799674752914091869e+02
8.972243493950116999e+01 -1.048757216541394044e+01 1.808070246622434922e+02
8.927020172922836139e+01 -1.101164325447340708e+01 1.816330836440897656e+02
8.882614653465456911e+01 -1.153033088728622957e+01 1.824458576270011463e+02
8.839016070972314765e+01 -1.204370474083302156e+01 1.832454920688827258e+02
8.796213808620997554e+01 -1.255183230038895381e+01 1.840321320161808956e+02
8.754198545410778820e+01 -1.305476612576907947e+01 1.848059416996656807e+02
8.712972834035500114e+01 -1.355246678773077740e+01 1.855668821851400594e+02
8.672257688043926294e+01 -1.404711839108743021e+01 1.863194371068589135e+02
8.631719956814399097e+01 -1.454140926246628673e+01 1.870687101191541046e+02
8.591335984202056864e+01 -1.503562326020134954e+01 1.878147033112543340e+02
8.551105139736370120e+01 -1.552976082507313471e+01 1.885574233821901657e+02
8.511027438023290870e+01 -1.602381622371756720e+01 1.892968706939695664e+02
8.471102891810200219e+01 -1.651778373944823741e+01 1.900330456465836164e+02
8.431331512078330093e+01 -1.701165767268116369e+01 1.907659486759694403e+02
8.391713308042749020e+01 -1.750543234093473899e+01 1.914955802540100649e+02
8.352248287152376349e+01 -1.799910207882978241e+01 1.922219408885345047e+02
8.312936455089969456e+01 -1.849266123808950724e+01 1.929450311233177899e+02
8.273777815772135114e+01 -1.898610418753952445e+01 1.936648515380809101e+02
