2.540000000000000000e+02 7.000000000000000000e+00 0.000000000000000000e+00
2.530001386064383553e+02 7.437931480825397124e+00 6.361295751639842733e-01
2.519731377725806283e+02 7.883387346884668467e+00 1.290995233162328670e+00
2.509183463179843159e+02 8.336541977243671298e+00 1.965038399936238855e+00
2.498350976822761709e+02 8.797573856823754923e+00 2.658710923680331906e+00
2.487227097324312695e+02 9.266665627839614672e+00 3.372475205432104328e+00
2.475804844495623911e+02 9.744004173392324830e+00 4.106804411297230395e+00
2.464077074423930753e+02 1.022978074732523623e+01 4.862182802124936920e+00
2.452036537841247821e+02 1.072419275264617511e+01 5.639107041438531809e+00
2.439654741406429252e+02 1.122685926543481649e+01 6.437707055873305606e+00
2.426819501930334866e+02 1.173446703718517270e+01 7.261380435109185960e+00
2.413383781866807851e+02 1.224061966262266132e+01 8.130847992425694670e+00
2.399312701051337626e+02 1.274444977253197209e+01 9.050109622619068261e+00
2.384585530755237812e+02 1.324582437407028657e+01 1.002082706280650548e+01
2.369180870727545027e+02 1.374460603415096394e+01 1.104471598667929833e+01
2.353076642398263800e+02 1.424065283442027763e+01 1.212354655048849494e+01
2.336250059677086597e+02 1.473381817782819247e+01 1.325914573878900349e+01
2.318677604385249253e+02 1.522395062589082926e+01 1.445339933800566712e+01
2.300389649590982515e+02 1.571173257020648073e+01 1.570881613425555834e+01
2.281526761261594061e+02 1.619958973303464944e+01 1.702922886889503573e+01
2.262094939738411199e+02 1.668794141381648899e+01 1.841730313543627418e+01
2.242081394968616905e+02 1.717693727945377447e+01 1.987562743878286398e+01
2.221463483475882015e+02 1.766659303671216108e+01 2.140680152173220918e+01
2.200218720750460193e+02 1.815693887120097827e+01 2.301352736870110505e+01
2.178325561304034181e+02 1.864803284114850612e+01 2.469862286056824985e+01
2.155761062766007399e+02 1.913992740113346258e+01 2.646501043146985310e+01
2.132501412233089013e+02 1.963267723095779616e+01 2.831572266700872476e+01
2.108521909758649997e+02 2.012633927749121199e+01 3.025390439267413001e+01
2.083788488415857785e+02 2.062114486320499296e+01 3.228401644159600892e+01
2.058393283344705367e+02 2.111472663376592962e+01 3.439256997976035990e+01
2.032638771734620491e+02 2.160058524685350889e+01 3.653640257706732086e+01
2.006581439482293945e+02 2.207745234045081517e+01 3.870756135279605559e+01
1.980221648141134096e+02 2.254522521665878187e+01 4.090609237490933481e+01
1.953559838159954722e+02 2.300380094228351879e+01 4.313203323932841471e+01
1.926596471687275027e+02 2.345307668336074514e+01 4.538542012660712999e+01
1.899332032646612163e+02 2.389294971565818670e+01 4.766628779174841668e+01
1.871767026762519777e+02 2.432331742889647330e+01 4.997466956038548602e+01
1.843901981597942665e+02 2.474407733283541688e+01 5.231059732328957068e+01
1.815737446630472789e+02 2.515512706870651627e+01 5.467410152565470582e+01
1.787273993277042052e+02 2.555636441371098400e+01 5.706521116322912945e+01
1.758512214896090029e+02 2.594768728239580824e+01 5.948395378148094892e+01
1.729452726889318797e+02 2.632899374338012422e+01 6.193035546056225371e+01
1.700096166729447305e+02 2.670018202396212814e+01 6.440444081118523911e+01
1.670443193962315149e+02 2.706115051232522362e+01 6.690623297337540976e+01
1.640501633326325646e+02 2.741120568953726533e+01 6.943578041792149236e+01
1.611041449547367392e+02 2.768693613232773743e+01 7.199566255630446676e+01
1.582627963705291450e+02 2.784338895490384758e+01 7.458660753818027445e+01
1.555240486545691851e+02 2.788447689124883411e+01 7.720693425542550870e+01
1.528856849894223728e+02 2.781416020571107239e+01 7.985501233468795590e+01
1.503454954856085521e+02 2.763632515710065363e+01 8.252926300885872024e+01
1.479013090404142190e+02 2.735475716443189853e+01 8.522816060262375970e+01
1.455509921981312971e+02 2.697314678567624213e+01 8.795022867801968403e+01
1.432924490919378115e+02 2.649509002785225320e+01 9.069403983390799340e+01
1.411236213663476917e+02 2.592408841059832980e+01 9.345821570536959655e+01
1.390424875482348170e+02 2.526355140923514142e+01 9.624142548942991482e+01
1.370469507718924547e+02 2.451693835699420276e+01 9.904235461159539966e+01
1.350924644694072754e+02 2.374013288178297643e+01 1.018488342154544739e+02
1.331496246178214733e+02 2.297494609094523454e+01 1.046461283984282602e+02
1.312819878944364405e+02 2.222175650536697233e+01 1.073465152179788333e+02
1.295091086056234246e+02 2.148044786253640837e+01 1.099226405075053350e+02
1.278266892867162881e+02 2.075070171350388293e+01 1.123799958110798087e+02
1.262308031452178341e+02 2.003221334399606590e+01 1.147235820342940826e+02
1.247176807634648554e+02 1.932468872058344189e+01 1.169582008806386142e+02
1.232837077763287112e+02 1.862784433810502094e+01 1.190884577870091192e+02
1.219254258412331779e+02 1.794140728235312565e+01 1.211187606983884706e+02
1.206395178369630941e+02 1.726503676116482211e+01 1.230532423717287287e+02
1.194232577271435645e+02 1.660485762412622179e+01 1.249031801538260709e+02
1.182739641832749271e+02 1.596601753647274613e+01 1.266787842784506211e+02
1.171886706562372211e+02 1.534786216869537512e+01 1.283836176661114621e+02
1.161645225311817740e+02 1.474950410030919734e+01 1.300207933604717425e+02
1.151992784950134023e+02 1.417022525123405607e+01 1.315933784417974266e+02
1.142790595403442353e+02 1.360657764293972960e+01 1.331029013713383335e+02
1.133897963851939750e+02 1.305603223002905366e+01 1.345519011457377303e+02
1.125292004311192215e+02 1.251822645827763303e+01 1.359427683009875238e+02
1.116963360911389174e+02 1.199277468908334754e+01 1.372773524681242634e+02
1.108902904027986125e+02 1.147931803431322884e+01 1.385574706349838152e+02
1.101101814604879507e+02 1.097750955378449866e+01 1.397848782940414480e+02
1.093551540594771154e+02 1.048701258449078821e+01 1.409612780608725586e+02
1.086243794579445279e+02 1.000750064932610783e+01 1.420883201449904050e+02
1.079170553725245298e+02 9.538657455376753802e+00 1.431676023586545057e+02
1.072324054463822307e+02 9.080176689779372978e+00 1.442006711694723720e+02
1.065696801219292666e+02 8.631762354459969089e+00 1.451890199736907903e+02
1.059281533858411279e+02 8.193127517621629607e+00 1.461340955363627359e+02
1.053071213184352501e+02 7.763993757263522255e+00 1.470373008615764547e+02
1.047059020936708578e+02 7.344091161180892335e+00 1.478999951924551794e+02
1.041238360529423659e+02 6.933158355255072181e+00 1.487234938651725429e+02
1.035602856304973187e+02 6.530942474696351141e+00 1.495090684567300627e+02
1.030146332963558677e+02 6.137198375017875129e+00 1.502579508549903267e+02
1.024862812450135721e+02 5.751688512586530244e+00 1.509713338746604165e+02
1.019749055877729518e+02 5.373184811375693926e+00 1.516517449390955221e+02
1.014730898095490375e+02 4.994094580284182960e+00 1.523175545465324774e+02
1.009771388795172982e+02 4.612255412745260408e+00 1.529753144726439587e+02
1.004870223143390433e+02 4.227694637640422748e+00 1.536250721515930877e+02
1.000027214807756764e+02 3.840445639336626638e+00 1.542668553835921728e+02
9.952421763718085401e+01 3.450541685862949848e+00 1.549006921030076569e+02
9.905149193966941823e+01 3.058015926325539979e+00 1.555266103699095481e+02
9.858452544211748148e+01 2.662901390907618460e+00 1.561446383700717320e+02
9.812329909616235568e+01 2.265230990869481431e+00 1.567548044149714030e+02
9.766779375120263751e+01 1.865037518548497086e+00 1.573571369417895482e+02
9.721799015439813729e+01 1.462353647359104336e+00 1.579516645134106909e+02
9.677386895066990746e+01 1.057211931792815696e+00 1.585384158184230614e+02
9.633541068270022834e+01 6.496448074182187282e-01 1.591174196711183129e+02
9.590259580027179709e+01 2.396845874104867047e-01 1.596887049987384444e+02
9.547540471369400450e+01 -1.726365567653016520e-01 1.602523007685612413e+02
9.505381764400507905e+01 -5.872865388880140758e-01 1.608082361925416421e+02
9.463781470574450339e+01 -1.004233389329147297e+00 1.613565406142218137e+02
9.422737593249973997e+01 -1.423445264626888918e+00 1.618972434738367951e+02
9.382248127690627371e+01 -1.844890447486118301e+00 1.624303743083146401e+02
9.342311061064756927e+01 -2.268537346778408015e+00 1.629559627512761040e+02
9.302924372445512802e+01 -2.694354497542020166e+00 1.634740385330349852e+02
9.264086032810844529e+01 -3.122310560981908178e+00 1.639846314805979262e+02
9.225794005043498203e+01 -3.552374324469720790e+00 1.644877715176644699e+02
9.188046243931025003e+01 -3.984514701543793613e+00 1.649834886646271173e+02
9.150840696165775512e+01 -4.418700731909156687e+00 1.654718130385711277e+02
9.114175300344901132e+01 -4.854901581437530034e+00 1.659527748532748319e+02
9.078047986970349825e+01 -5.293086542167327657e+00 1.664264044192092342e+02
9.042456678448873220e+01 -5.733225032303654878e+00 1.668927321435384385e+02
9.007399289092026606e+01 -6.175286596218305668e+00 1.673517885301193644e+02
8.972873725116160415e+01 -6.619240904449768870e+00 1.678036041795018036e+02
8.938877885513976196e+01 -7.065057755673414874e+00 1.682482097771394933e+02
8.905409668919928379e+01 -7.512707089488605661e+00 1.686856360007605815e+02
8.872466956568274554e+01 -7.962158945388375209e+00 1.691159137511228323e+02
8.840047620664451244e+01 -8.413383487044969300e+00 1.695390740382947854e+02
8.808149527737155893e+01 -8.866351010538036093e+00 1.699551479362542068e+02
