2.540000000000000000e+02 7.000000000000000000e+00 0.000000000000000000e+00
2.529491448964295728e+02 7.439837938481987045e+00 6.394294675935628947e-01
2.518712481139951649e+02 7.886897232671413072e+00 1.297886012337547745e+00
2.507656641415189824e+02 8.341344414318530909e+00 1.975815998544242946e+00
2.496317322899085696e+02 8.803349918744007852e+00 2.673676285173953282e+00
2.484687764073531469e+02 9.273088158070095233e+00 3.391934422746889499e+00
2.472761048168733566e+02 9.750737537277869293e+00 4.131068696520101113e+00
2.460530098782076891e+02 1.023648056685899910e+01 4.891568429398060580e+00
2.447987670972257206e+02 1.073050409181086984e+01 5.673934597679511249e+00
2.435126350981196026e+02 1.123299929878690051e+01 6.478679850284043695e+00
2.421913336908584711e+02 1.174292667791270972e+01 7.310290189047603526e+00
2.408147770753485020e+02 1.225253530262435397e+01 8.188965156753274854e+00
2.393737320633494221e+02 1.275941536078060956e+01 9.118265532020721764e+00
2.378661142686680137e+02 1.326341615759499959e+01 1.009987345372326395e+01
2.362897716913319357e+02 1.376438196113425860e+01 1.113552576232131663e+01
2.346420518993851658e+02 1.426207593496374137e+01 1.222697338328415917e+01
2.329254322581680583e+02 1.475716825185568837e+01 1.337651228984582730e+01
2.311516664276381050e+02 1.525200542510902579e+01 1.458748226808684478e+01
2.293232060937024812e+02 1.574736576538388100e+01 1.586256330238762580e+01
2.274381348163767882e+02 1.624328357521276800e+01 1.720413928968578432e+01
2.254944824480486716e+02 1.673979818559784505e+01 1.861468636949907562e+01
2.234902062652445807e+02 1.723695062864927152e+01 2.009677124880840537e+01
2.214231850432709336e+02 1.773478377528465089e+01 2.165305859162657498e+01
2.192912166003259529e+02 1.823334239230542408e+01 2.328631408174526385e+01
2.170920159181997917e+02 1.873267318604889553e+01 2.499940676649598359e+01
2.148232137763583012e+02 1.923282483410593358e+01 2.679531076028240122e+01
2.124823500324325209e+02 1.973384814145703459e+01 2.867711362460598323e+01
2.100668701858758141e+02 2.023579612031273811e+01 3.064802065361620720e+01
2.075743202846034592e+02 2.073868618692850063e+01 3.271108549591721015e+01
2.050322568961191223e+02 2.123681733465912203e+01 3.482800330605530803e+01
2.024600288773563648e+02 2.172631834569739340e+01 3.697209469454946884e+01
1.998576828913000725e+02 2.220708663577169162e+01 3.914339173840334496e+01
1.972252623290791576e+02 2.267902080465572823e+01 4.134193267774906388e+01
1.945628127514024754e+02 2.314201954868746469e+01 4.356775433974166845e+01
1.918703818885587964e+02 2.359598166076911596e+01 4.582089213855902443e+01
1.891480196403780383e+02 2.404080603043244224e+01 4.810138007539370619e+01
1.863957780755167732e+02 2.447639164862200545e+01 5.040925073647993315e+01
1.836137114416416694e+02 2.490263762053492869e+01 5.274453527992306334e+01
1.808018761736904594e+02 2.531944317580884274e+01 5.510726342513162024e+01
1.779603308952671341e+02 2.572670767287113947e+01 5.749746344969256029e+01
1.750891364179834682e+02 2.612433059910810584e+01 5.991516218971505481e+01
1.721883557501740825e+02 2.651221158568358405e+01 6.236038502660630201e+01
1.692580541020091403e+02 2.689025041616175571e+01 6.483315587935085489e+01
1.662982988853187862e+02 2.725834702705698831e+01 6.733349720434416952e+01
1.633106640535053771e+02 2.761515306114501556e+01 6.986147365069234638e+01
1.603782108690665780e+02 2.789218188361825312e+01 7.241916181656924323e+01
1.575527330110994910e+02 2.804845651928399519e+01 7.500660333347040876e+01
1.548315733471487476e+02 2.808844170266909046e+01 7.762207856238569548e+01
1.522123028641272811e+02 2.801633591944302992e+01 8.026393196314747058e+01
1.496925388298226096e+02 2.783622697025491277e+01 8.293056333012955861e+01
1.472699447450439436e+02 2.755209213784380395e+01 8.562042769523948493e+01
1.449422298724047948e+02 2.716779952952407129e+01 8.833203460253722028e+01
1.427071490881625948e+02 2.668710865035487245e+01 9.106394776559594106e+01
1.405625009814361874e+02 2.611367758662207095e+01 9.381478080044074375e+01
1.385061274637770339e+02 2.545106440371371548e+01 9.658319640795927796e+01
1.365339791338348334e+02 2.470509621131389366e+01 9.936744524342842055e+01
1.345940382672479529e+02 2.394003296810225478e+01 1.021546166156684734e+02
1.326650308976974202e+02 2.318608976523424303e+01 1.049342275380874980e+02
1.308074575680082603e+02 2.244374157297870553e+01 1.076250249190081547e+02
1.290483666662026678e+02 2.171307394952624037e+01 1.101902298174670136e+02
1.273829327426707181e+02 2.099376455439578848e+01 1.126358560725411166e+02
1.258069684436830613e+02 2.028550893541360978e+01 1.149670828095929522e+02
1.243164648076168817e+02 1.958801438788674432e+01 1.171888709838519560e+02
1.229075784010257024e+02 1.890099868476152167e+01 1.193059780314449654e+02
1.215766294964706304e+02 1.822418996520046619e+01 1.213229601065705765e+02
1.203201062697041408e+02 1.755738908003402443e+01 1.232442407711394594e+02
1.191350513733163154e+02 1.690779435352659377e+01 1.250824036357567905e+02
1.180184947126307122e+02 1.627995282721706261e+01 1.268470980575573037e+02
1.169673018196111798e+02 1.567282068948088281e+01 1.285415477861317584e+02
1.159756507627971018e+02 1.508474074703949164e+01 1.301683453705960289e+02
1.150245114307384995e+02 1.451167706138399005e+01 1.317286838961980777e+02
1.141052115246551608e+02 1.395287934297140886e+01 1.332261449783050580e+02
1.132160456907132868e+02 1.340792873360336834e+01 1.346629923223541425e+02
1.123565287991858241e+02 1.287638910950859739e+01 1.360410901628362694e+02
1.115255328890374926e+02 1.235785307044766057e+01 1.373624364925487100e+02
1.107220862395855079e+02 1.185192406459964154e+01 1.386289274047897209e+02
1.099452488399383157e+02 1.135821824376633948e+01 1.398423974140605992e+02
1.091941143938250889e+02 1.087636526429874273e+01 1.410046155658895657e+02
1.084678056242843240e+02 1.040600641122021663e+01 1.421172945477772771e+02
1.077654731694803303e+02 9.946794157084504207e+00 1.431820928317891344e+02
1.070862955827031442e+02 9.498392161975701242e+00 1.442006146745553394e+02
1.064294789189536772e+02 9.060475108267507238e+00 1.451744109195779799e+02
1.057942573169862754e+02 8.632728933092051804e+00 1.461049778679163751e+02
1.051798904492689246e+02 8.214849809573275152e+00 1.469937622263295793e+02
1.045856612812949606e+02 7.806543251525731364e+00 1.478421654553274891e+02
1.040108760604638718e+02 7.407524109011366598e+00 1.486515437907478940e+02
1.034548643825534668e+02 7.017516594882759584e+00 1.494232081147910378e+02
1.029169791218085948e+02 6.636254256712536659e+00 1.501584240918756734e+02
1.023966292660008577e+02 6.263516789733330370e+00 1.508583294078976280e+02
1.018901255715434644e+02 5.895837324852273298e+00 1.515316022963517923e+02
1.013900746110750788e+02 5.525938542115845564e+00 1.521957127665757241e+02
1.008960002580598143e+02 5.153435093642259268e+00 1.528517140591726218e+02
1.004078803048273159e+02 4.778359964287179906e+00 1.534996379779000222e+02
9.992569240149711618e+01 4.400746025337890721e+00 1.541395165075187776e+02
9.944941412784483248e+01 4.020626013296557666e+00 1.547713817168479977e+02
9.897902299685273420e+01 3.638032528818825551e+00 1.553952657539743996e+02
9.851449645470972882e+01 3.252998036713823815e+00 1.560112008462523079e+02
9.805581188081137611e+01 2.865554865944165641e+00 1.566192193003037403e+02
9.760294658775997334e+01 2.475735209625947064e+00 1.572193535020182082e+02
9.715587782136437056e+01 2.083571125028746529e+00 1.578116359165530298e+02
9.671458276064014115e+01 1.689094533575624224e+00 1.583960990883329885e+02
9.627903851780949651e+01 1.292337220843124967e+00 1.589727756410506743e+02
9.584922213830132876e+01 8.933308365612760982e-01 1.595416982776662280e+02
9.542511060075119644e+01 4.921068946135873090e-01 1.601028997804072844e+02
9.500668081700125356e+01 8.869677303705152116e-02 1.606564130107693700e+02
9.459390963210039160e+01 -3.168682859778557126e-01 1.612022709095154482e+02
9.418677388694953834e+01 -7.245571882028418731e-01 1.617405064126136267e+02
9.378525033553054868e+01 -1.134338967883952165e+00 1.622711525625490196e+02
9.338931559011416539e+01 -1.546182778595658114e+00 1.627942425817453227e+02
9.299894621926736704e+01 -1.960057914143214619e+00 1.633098097409163074e+02
9.261411874800025146e+01 -2.375933808592730845e+00 1.638178873588685462e+02
9.223480965776575147e+01 -2.793780036271169109e+00 1.643185088025018104e+02
9.186099538645973439e+01 -3.213566311766345773e+00 1.648117074868088707e+02
9.149265232842103046e+01 -3.635262489926931906e+00 1.652975168748753845e+02
9.112975683443134756e+01 -4.058838565862452619e+00 1.657759704778802075e+02
9.077228521171541331e+01 -4.484264674943283069e+00 1.662471018550950532e+02
9.042021372394080458e+01 -4.911511092800659561e+00 1.667109446138846636e+02
9.007351859121807536e+01 -5.340548235326664006e+00 1.671675324097068653e+02
8.973217599010069989e+01 -5.771346658674237240e+00 1.676168989461124852e+02
8.939616205358508694e+01 -6.203877059257173698e+00 1.680590779747453212e+02
8.906545287111055131e+01 -6.638110273750117862e+00 1.684941032953421995e+02
8.874002448855939917e+01 -7.074017279088574917e+00 1.689220087557330032e+02
8.841985290825680011e+01 -7.511569192468894762e+00 1.693428282518405297e+02
8.810491408897088661e+01 -7.950737271348291557e+00 1.697565957276806614e+02
