2.540000000000000000e+02 7.000000000000000000e+00 0.000000000000000000e+00
2.529262168957219501e+02 7.454637166852074337e+00 6.568705810358697050e-01
2.518245269395491732e+02 7.916786266566556485e+00 1.333664696660778359e+00
2.506942544780038418e+02 8.386622811340682659e+00 2.030856567558624537e+00
2.495347077482093425e+02 8.864326484650307592e+00 2.748931720488395847e+00
2.483451786805749180e+02 9.350081192328609347e+00 3.488387126755253309e+00
2.471249425333208762e+02 9.844075157179529967e+00 4.249731458701666575e+00
2.458732574289663262e+02 1.034650103896478335e+01 5.033485414984625095e+00
2.445893639684372829e+02 1.085755603430203209e+01 5.840181991392877414e+00
2.432703076321242293e+02 1.137667831578082733e+01 6.671612020119118469e+00
2.418938849673174047e+02 1.189573472214068950e+01 7.546827285804399210e+00
2.404525280286076736e+02 1.241225904165115423e+01 8.473391234319853638e+00
2.389441137848312451e+02 1.292610350985636281e+01 9.453034017202325501e+00
2.373664511414082483e+02 1.343711614221165185e+01 1.048754019558349349e+01
2.357172788119729603e+02 1.394513993906340943e+01 1.157875164385332489e+01
2.339946663721438540e+02 1.445008570124205782e+01 1.272860346350203820e+01
2.322084130014389132e+02 1.495401746873979754e+01 1.394014566916393960e+01
2.303655788908534134e+02 1.545857707889370936e+01 1.521642708000520727e+01
2.284659674233100759e+02 1.596412786227205061e+01 1.656002640929229486e+01
2.265069782296325229e+02 1.647061991665058400e+01 1.797343272637690959e+01
2.244866060104520784e+02 1.697812268547392733e+01 1.945927577709027290e+01
2.224026817032885219e+02 1.748669398909047956e+01 2.102028153001284139e+01
2.202529517518592854e+02 1.799639391948043254e+01 2.265927985060795180e+01
2.180350779065722691e+02 1.850728508223852486e+01 2.437920626811953895e+01
2.157466331009570695e+02 1.901943271819655834e+01 2.618310711740193852e+01
2.133850954204036441e+02 1.953290488132150671e+01 2.807414705948469091e+01
2.109478476328618797e+02 2.004777245255287710e+01 3.005560966677870738e+01
2.084320508900914888e+02 2.056413322145553124e+01 3.213107095213616304e+01
2.058605219908068023e+02 2.107707480639520625e+01 3.426877520166679147e+01
2.032584250533351167e+02 2.158147590139829219e+01 3.643402772167637238e+01
2.006259144997593751e+02 2.207721257611578025e+01 3.862671534448716670e+01
1.979630381572777367e+02 2.256418247591940940e+01 4.084687363789115011e+01
1.952698460938046594e+02 2.304228335126097704e+01 4.309453669968633704e+01
1.925463906180752076e+02 2.351141305780103963e+01 4.536973715754282210e+01
1.897927262796449099e+02 2.397146955640888777e+01 4.767250616900289373e+01
1.870089098688729621e+02 2.442235091317627038e+01 5.000287342148467928e+01
1.841950004140513784e+02 2.486395530440120893e+01 5.236086713162119821e+01
1.813510591920116042e+02 2.529618103160731479e+01 5.474651403068020983e+01
1.784771497394023640e+02 2.571892653283305208e+01 5.715983935144721073e+01
1.755733378517275298e+02 2.613209038559539366e+01 5.960086682734485208e+01
1.726396915846563900e+02 2.653557131098617816e+01 6.206961868949115768e+01
1.696762812596565766e+02 2.692926818420196611e+01 6.456611565765820160e+01
1.666831794674029936e+02 2.731308004157194702e+01 6.709037693446521189e+01
1.636654654670047080e+02 2.768274313945688903e+01 6.964254023102917301e+01
1.607206359894959178e+02 2.795778887667080070e+01 7.222447392173887692e+01
1.578842430286049421e+02 2.811081819920137193e+01 7.483544997596087001e+01
1.551537007456905997e+02 2.814629371722194051e+01 7.747372912321579008e+01
1.525264726464844500e+02 2.806855924604575137e+01 8.013763121266207179e+01
1.500000732838981605e+02 2.788183914127432317e+01 8.282553469003212854e+01
1.475720678557238159e+02 2.759023947036089552e+01 8.553587596275231419e+01
1.452400720552196844e+02 2.719774827969451536e+01 8.826714929136008436e+01
1.430017502144941375e+02 2.670824222168801043e+01 9.101790293574138957e+01
1.408548142474226097e+02 2.612549012174281415e+01 9.378673711707283189e+01
1.387970236452825645e+02 2.545315294555520680e+01 9.657230404530739065e+01
1.368208443422871881e+02 2.470129368943786830e+01 9.937210244871130271e+01
1.348690173608757163e+02 2.394018575513100799e+01 1.021727606062933091e+02
1.329265281988986658e+02 2.318988512604350660e+01 1.049685435466814596e+02
1.310560360357112870e+02 2.245060170507547070e+01 1.076755065839208498e+02
1.292859919736063148e+02 2.172230958894158093e+01 1.102550524314128779e+02
1.276116479241563013e+02 2.100472830906938526e+01 1.127130399589409819e+02
1.260286677015026129e+02 2.029758946059599722e+01 1.150548000084809246e+02
1.245328964637556908e+02 1.960063409053695693e+01 1.172854419337742087e+02
1.231203603939212030e+02 1.891361268169742971e+01 1.194098539895913831e+02
1.217872658391694216e+02 1.823628510772602240e+01 1.214327043830710835e+02
1.205299967423969747e+02 1.756868323765219486e+01 1.233587538535674639e+02
1.193454963340127364e+02 1.691904034861311956e+01 1.252017860110766350e+02
1.182306267315210988e+02 1.629100826217320730e+01 1.269705017292852176e+02
1.171821728790506967e+02 1.568367077183563651e+01 1.286683444421346110e+02
1.161938775260120309e+02 1.509528124868774768e+01 1.302978494073751392e+02
1.152470504617547675e+02 1.452227698008034906e+01 1.318605615863132527e+02
1.143321460784332402e+02 1.396379367932675386e+01 1.333599230712906660e+02
1.134480228246561069e+02 1.341938227898554459e+01 1.347980652046751970e+02
1.125939961908255924e+02 1.288861192397462752e+01 1.361769965913546514e+02
1.117689295584108180e+02 1.237105561444434265e+01 1.374987450882646556e+02
1.109718184800625522e+02 1.186630271958146743e+01 1.387652527592576917e+02
1.102016928467370320e+02 1.137395639229204392e+01 1.399783956026058434e+02
1.094576172443454425e+02 1.089363371194797203e+01 1.411399828654081716e+02
1.087386862087634825e+02 1.042496378472015195e+01 1.422517661657420547e+02
1.080440239086194651e+02 9.967587616582536114e+00 1.433154401024970070e+02
1.073727840855316202e+02 9.521158089379586187e+00 1.443326423702765169e+02
1.067241496349855083e+02 9.085339792894043143e+00 1.453049545653475150e+02
1.060973330273785251e+02 8.659809193454552911e+00 1.462339013761315414e+02
1.054915722572538357e+02 8.244253012117036761e+00 1.471209583708480295e+02
1.049061300159237931e+02 7.838367893378294760e+00 1.479675535881939936e+02
1.043402936914699382e+02 7.441860405176015547e+00 1.487750675373440004e+02
1.037933755895734151e+02 7.054447127234204196e+00 1.495448327735003886e+02
1.032647117250989197e+02 6.675854167139606332e+00 1.502781362212393219e+02
1.027535736514724363e+02 6.305774022131139134e+00 1.509763587996152978e+02
1.022512330998001886e+02 5.939967299319529381e+00 1.516534507566488514e+02
1.017522772671067344e+02 5.574675583078413155e+00 1.523197472271206152e+02
1.012591570207551257e+02 5.207050235252325798e+00 1.529776712565941637e+02
1.007720566793166057e+02 4.836882738043163599e+00 1.536274559137272888e+02
1.002909524763627331e+02 4.464205638933663955e+00 1.542691354281667486e+02
9.981582022395141962e+01 4.089051737541201881e+00 1.549027438184933203e+02
9.934663568028646807e+01 3.711453690590120758e+00 1.555283151668556911e+02
9.888337455056435488e+01 3.331444011716651943e+00 1.561458836178343006e+02
9.842601248697404515e+01 2.949055071468919653e+00 1.567554833784412551e+02
9.797452508869707799e+01 2.564319097306939632e+00 1.573571487181204418e+02
9.752888790190763757e+01 2.177268173602618706e+00 1.579509139687472441e+02
9.708907641977236835e+01 1.787934241639753230e+00 1.585368135246287977e+02
9.665506608245058828e+01 1.396349099614031974e+00 1.591148818425040758e+02
9.622683227709414666e+01 1.002544402633035459e+00 1.596851534415434912e+02
9.580435034400683492e+01 6.065516615344943574e-01 1.602476628950923327e+02
9.538759567036431974e+01 2.084022252312385248e-01 1.608024447050410686e+02
9.497654348024850890e+01 -1.918726781195145559e-01 1.613495335833688102e+02
9.457116891079773779e+01 -5.942419558964757709e-01 1.618889643500411353e+02
9.417144706814164579e+01 -9.986746618145613263e-01 1.624207718580173889e+02
9.377735302740117618e+01 -1.405139995924894025e+00 1.629449909932507978e+02
9.338886183268863306e+01 -1.813607304614803351e+00 1.634616566746884985e+02
9.300594849710763867e+01 -2.224046080607823050e+00 1.639708038542713666e+02
9.262858800275319027e+01 -2.636425962963693692e+00 1.644724675169342731e+02
9.225675530071157482e+01 -3.050716737078362772e+00 1.649666826806057713e+02
9.189042531106044009e+01 -3.466888334683980499e+00 1.654534843962084665e+02
9.152957292286873781e+01 -3.884910833848907785e+00 1.659329077476585326e+02
9.117417299419680887e+01 -4.304754458977706477e+00 1.664049878518663093e+02
9.082420035209628395e+01 -4.726389580811148683e+00 1.668697598587357902e+02
9.047962979261011185e+01 -5.149786716426207001e+00 1.673272589511648505e+02
9.014043608077264480e+01 -5.574916529236066509e+00 1.677775203450453034e+02
8.980659395060949635e+01 -6.001749828990114999e+00 1.682205792892626732e+02
8.947807810513768345e+01 -6.430257571773945635e+00 1.686564710656964508e+02
8.915486321636549860e+01 -6.860410860009358736e+00 1.690852309892199514e+02
8.883692392529259507e+01 -7.292180942454358217e+00 1.695068944077002868e+02
8.852423483763169543e+01 -7.725539209227613391e+00 1.699214967079681173e+02
8.821677051873591324e+01 -8.160457178480713836e+00 1.703290733233146739e+02
