2.540000000000000000e+02 7.000000000000000000e+00 0.000000000000000000e+00
2.525926842468018947e+02 7.423539195855189732e+00 1.064560450210650711e+00
2.511756289531595598e+02 7.851816841856603446e+00 2.137388529825043459e+00
2.497487261030718173e+02 8.284880407167673155e+00 3.218573950905145864e+00
2.483118665907046250e+02 8.722777849026059016e+00 4.308207334028623769e+00
2.468649402142333145e+02 9.165557615492989640e+00 5.406380213421786429e+00
2.454078356580351112e+02 9.613268653397621932e+00 6.513185051790120639e+00
2.439377424873153188e+02 1.006518919942556067e+01 7.631804343506369825e+00
2.424416309834440995e+02 1.052201762370158100e+01 8.772572103380785080e+00
2.409092825126580237e+02 1.098593652553764066e+01 9.942709361811150615e+00
2.393398103146539881e+02 1.145712088368414960e+01 1.114293165174297506e+01
2.377324363422119404e+02 1.193572244685146444e+01 1.237387222053468427e+01
2.360856691741956013e+02 1.242127000556190097e+01 1.363715520947391191e+01
2.343934889190602746e+02 1.290921567973497908e+01 1.494076260693301883e+01
2.326538852621515616e+02 1.339858406943633717e+01 1.628707211846885272e+01
2.308658988036895039e+02 1.388935525790085990e+01 1.767698181466066742e+01
2.290285561538022421e+02 1.438151246342552980e+01 1.911140108302789642e+01
2.271415146722525833e+02 1.487558755566081281e+01 2.059108680158076865e+01
2.252064264238587441e+02 1.537386249285902373e+01 2.211630332678619482e+01
2.232232397169823628e+02 1.587727333754810033e+01 2.368782276316606072e+01
2.211906881386281327e+02 1.638577319165348101e+01 2.530676876602428038e+01
2.191076751055730085e+02 1.689947413997465731e+01 2.697423361211565762e+01
2.169730534607897994e+02 1.741847016277866445e+01 2.869134181215682133e+01
2.147856475649076913e+02 1.794291767466057408e+01 3.045916425384528736e+01
2.125444866583522980e+02 1.847059905873539876e+01 3.228207689847729966e+01
2.102492894274035393e+02 1.899694039274675106e+01 3.416844686642445339e+01
2.078989822845962010e+02 1.952172494783136614e+01 3.612016104991938192e+01
2.054900007049998010e+02 2.004254771751024577e+01 3.814220997435207039e+01
2.030199958259611606e+02 2.055621252456215586e+01 4.023765221462220865e+01
2.004884999703369886e+02 2.106134461261064672e+01 4.240681448902792994e+01
1.978943301033623641e+02 2.155768181526887517e+01 4.465124770688428413e+01
1.952359097519244528e+02 2.204177660117771964e+01 4.697198493050834145e+01
1.925109517945858499e+02 2.250237525343068157e+01 4.936854036871491758e+01
1.897187039155169259e+02 2.293748436525823564e+01 5.184155621651358103e+01
1.868800760607995528e+02 2.334486406030072558e+01 5.437643107571114598e+01
1.840206962548137426e+02 2.372214302675487119e+01 5.695492133792073020e+01
1.811421494736668194e+02 2.406898256895719967e+01 5.957594859967099410e+01
1.782452205591871177e+02 2.438511938615875962e+01 6.223899816665718987e+01
1.753308668922006177e+02 2.467028501999796930e+01 6.494342321292896258e+01
1.724000334659874909e+02 2.492422202761976635e+01 6.768857640579494728e+01
1.694584424637311031e+02 2.514494819299725137e+01 7.047094821886337002e+01
1.665497804707194121e+02 2.531695142469521542e+01 7.326413684366339396e+01
1.636900664969213608e+02 2.543530575730954268e+01 7.605782350619050192e+01
1.608839483135159867e+02 2.549964350878970265e+01 7.884829573555242632e+01
1.581458701014540225e+02 2.550697043557903143e+01 8.162568537992510187e+01
1.554803263646562357e+02 2.545632604507425611e+01 8.438531651069799011e+01
1.528876316852598904e+02 2.534854443261431456e+01 8.712564073141885501e+01
1.503685105011958285e+02 2.518465385295746373e+01 8.984515289961538542e+01
1.479234842804164884e+02 2.496578818275235179e+01 9.254249165582612591e+01
1.455541216484164408e+02 2.470000995521941078e+01 9.521322332286274559e+01
1.432802501557470691e+02 2.439374592934318287e+01 9.783041083170462571e+01
1.411037284137273105e+02 2.404761973525424423e+01 1.003913540866505798e+02
1.390281403408972380e+02 2.366377412441340766e+01 1.028914397697053715e+02
1.370605945806997852e+02 2.324465547701486656e+01 1.053230224761225173e+02
1.352086961751080878e+02 2.279211761117656465e+01 1.076788925842643749e+02
1.334718151467665166e+02 2.230776466004819625e+01 1.099586134062475367e+02
1.318458115444837233e+02 2.179307341760489791e+01 1.121646289550573812e+02
1.303270375569075838e+02 2.124947593901979204e+01 1.142990172177531036e+02
1.289119139425541505e+02 2.067835966788316426e+01 1.163638290608899553e+02
1.275969606699984240e+02 2.008106758722630047e+01 1.183610634907439447e+02
1.263789608500530051e+02 1.945902564238658528e+01 1.202927282974909531e+02
1.252528280177975688e+02 1.881212687692771368e+01 1.221600822539984250e+02
1.242096639165001335e+02 1.813714624296630973e+01 1.239627422416630509e+02
1.232411917411325533e+02 1.743676022926376845e+01 1.257039123925789141e+02
1.223211255250025999e+02 1.672508329422902307e+01 1.273967047861887636e+02
1.214376783749825393e+02 1.600787987283970537e+01 1.290477035501035061e+02
1.205696598275189615e+02 1.529494281911272857e+01 1.306690672452827471e+02
1.197156452359590162e+02 1.458685029002677069e+01 1.322618248285256470e+02
1.188754501369298708e+02 1.388360445896324435e+01 1.338263058433433059e+02
1.180489300191774333e+02 1.318525705428780626e+01 1.353629074065704572e+02
1.172358284816418603e+02 1.249292135399272574e+01 1.368734739146282493e+02
1.164358935815857734e+02 1.180750866120738962e+01 1.383596192957121502e+02
1.156489380846724373e+02 1.112923081346056620e+01 1.398220283773871699e+02
1.148748132093597150e+02 1.045790001633178434e+01 1.412608514453602311e+02
1.141133620175631052e+02 9.793453818755361695e+00 1.426763967400609943e+02
1.133644299645099522e+02 9.135819170483951979e+00 1.440689551471042478e+02
1.126278538568290486e+02 8.484926258112007957e+00 1.454388246696126430e+02
1.119032466187169774e+02 7.840789856720402184e+00 1.467865648430490637e+02
1.111901072516610753e+02 7.203467870613983415e+00 1.481128670515721240e+02
1.104880572899243845e+02 6.572973733759043924e+00 1.494182772914856798e+02
1.097968432277052244e+02 5.949275577631209622e+00 1.507031934038264467e+02
1.091163365191370787e+02 5.332296231215420512e+00 1.519678650743639707e+02
1.084464859646728030e+02 4.721931065395147620e+00 1.532124498997194735e+02
1.077871406734952444e+02 4.118114281863669568e+00 1.544372217260399509e+02
1.071381690280856986e+02 3.520774214909185851e+00 1.556424305219330222e+02
1.064994443081467352e+02 2.929838707894674155e+00 1.568283193989787208e+02
1.058708412433492896e+02 2.345236405531621937e+00 1.579951286734839755e+02
1.052522360122461862e+02 1.766896753285458255e+00 1.591430958685803034e+02
1.046435061159500748e+02 1.194749928266133576e+00 1.602724559581447465e+02
1.040445306391225699e+02 6.287269820001910592e-01 1.613834408628381709e+02
1.034551901412025785e+02 6.875978092023947441e-02 1.624762796601360151e+02
1.028753664972207105e+02 -4.852190807220390645e-01 1.635511988917054964e+02
1.023049428977994637e+02 -1.033276280855889517e+00 1.646084225634058669e+02
1.017438038491529682e+02 -1.575477769591480781e+00 1.656481721452884699e+02
1.011918351730872274e+02 -2.111888769219909978e+00 1.666706665715964277e+02
1.006489240069999482e+02 -2.642573774213200277e+00 1.676761222407649825e+02
1.001149588038806257e+02 -3.167596551224300505e+00 1.686647530154212973e+02
9.958982933236868007e+01 -3.687020139055498191e+00 1.696367702222716218e+02
9.907342668704072253e+01 -4.200906843090937315e+00 1.705923826322048171e+02
9.856564323260293747e+01 -4.709318265807513448e+00 1.715317965680632994e+02
9.806637254706625129e+01 -5.212315337829091177e+00 1.724552160143875881e+02
9.757550942573085706e+01 -5.709958315779213756e+00 1.733628426097048134e+02
9.709294988118588776e+01 -6.202306782281114650e+00 1.742548756465285464e+02
9.661853720207680851e+01 -6.689485314865937227e+00 1.751314066543865522e+02
9.615234439350680873e+01 -7.171340081232151498e+00 1.759929664543035130e+02
9.569452756488557554e+01 -7.647615781847996175e+00 1.768402553447671153e+02
9.524507726052475221e+01 -8.118257616524644504e+00 1.776736654815236420e+02
9.480386078901693736e+01 -8.583360411782225086e+00 1.784933565553400570e+02
9.437077203846129692e+01 -9.042988180275537857e+00 1.792995277720593492e+02
9.394570014067048191e+01 -9.497211424861392359e+00 1.800923654807402272e+02
9.352853513108422590e+01 -9.946100395177079889e+00 1.808720525997311199e+02
9.311912126626609165e+01 -1.038978438208846278e+01 1.816387628866615387e+02
9.271711743856022281e+01 -1.082863033916746787e+01 1.823926356072552721e+02
9.232226720220393190e+01 -1.126290064701718840e+01 1.831338118968649837e+02
9.193445259414573911e+01 -1.169268382609899781e+01 1.838624460400951364e+02
9.155360420480491257e+01 -1.211800353600927771e+01 1.845787118982381969e+02
9.117769581145722668e+01 -1.254042548588338413e+01 1.852860054553677003e+02
9.080377944561607251e+01 -1.296223758887078858e+01 1.859892752084645622e+02
9.043148329617623915e+01 -1.338372468215485966e+01 1.866891460845609174e+02
9.006089318057124160e+01 -1.380481516023129096e+01 1.873854753564733642e+02
8.969199272057515770e+01 -1.422551693526439642e+01 1.880782917850621061e+02
8.932477925774101379e+01 -1.464582727197272938e+01 1.887676010994709372e+02
8.895925012541302124e+01 -1.506574344908110774e+01 1.894534090452558814e+02
8.859540265004221737e+01 -1.548526275875655145e+01 1.901357213816582714e+02
