2.540000000000000000e+02 7.000000000000000000e+00 0.000000000000000000e+00
2.529586844466410298e+02 7.453642994702766700e+00 6.500631463408339528e-01
2.518896214127122732e+02 7.914241117794439617e+00 1.320362481184486736e+00
2.507921446788367348e+02 8.381952938560800703e+00 2.011375220195284808e+00
2.496655723557053932e+02 8.856940735943050313e+00 2.723589800135778116e+00
2.485092066902916201e+02 9.339370544391922380e+00 3.457506017622552275e+00
2.473223337381758427e+02 9.829412231402498534e+00 4.213635263749111459e+00
2.461042228770822078e+02 1.032723961262263579e+01 4.992500872407114265e+00
2.448535976030287031e+02 1.083290902076131701e+01 5.794524466668550922e+00
2.435616309426223154e+02 1.134471746445380980e+01 6.618463701824098600e+00
2.422254490298787744e+02 1.186222122707677151e+01 7.464710262482989300e+00
2.408321872476732608e+02 1.237963691880725925e+01 8.352224144729914812e+00
2.393735277922311582e+02 1.289365747886224689e+01 9.292521129833060556e+00
2.378473337898920192e+02 1.340409837146248861e+01 1.028739036975302135e+01
2.362514023933186706e+02 1.391077089969132352e+01 1.133867343822001850e+01
2.345834598216289351e+02 1.441348011696511655e+01 1.244827139986716524e+01
2.328411598465503687e+02 1.491202469345675752e+01 1.361814608014726424e+01
2.310292597367624126e+02 1.540775669525668690e+01 1.485089552616142505e+01
2.291599082408579022e+02 1.590370994233884616e+01 1.614993087932423776e+01
2.272322776840556458e+02 1.640016855024274989e+01 1.751784781895724308e+01
2.252446044949453778e+02 1.689723585244305326e+01 1.895728090373459551e+01
2.231945883844223317e+02 1.739492003514596519e+01 2.047093336652299556e+01
2.210799977548121262e+02 1.789326185463860952e+01 2.206161830009902758e+01
2.188985440644133007e+02 1.839231009035906084e+01 2.373225779653109413e+01
2.166478320253708034e+02 1.889211235074508366e+01 2.548588777840744157e+01
2.143253747667507696e+02 1.939271833072550422e+01 2.732565950278966582e+01
2.119285907925265633e+02 1.989417988045829944e+01 2.925484339030830938e+01
2.094547987509027962e+02 2.039655112358846978e+01 3.127683560896625536e+01
2.069134696520163459e+02 2.089770560279636413e+01 3.337828275514296195e+01
2.043396740604878516e+02 2.139111725148603327e+01 3.551076341347017262e+01
2.017359675197619424e+02 2.187623239326878277e+01 3.767084967526324135e+01
1.991023840891391217e+02 2.235295320422715548e+01 3.985859537323722179e+01
1.964389597776824985e+02 2.282118189941592590e+01 4.207405314221534098e+01
1.937457325662401786e+02 2.328082075774765158e+01 4.431727439094974841e+01
1.910227424074453495e+02 2.373177212199270159e+01 4.658830930212150179e+01
1.882700312257162238e+02 2.417393839877922446e+01 4.888720683234053865e+01
1.854876429172560393e+02 2.460722205859320155e+01 5.121401471214576873e+01
1.826756233500530584e+02 2.503152563577837597e+01 5.356877944600494601e+01
1.798340203638805690e+02 2.544675172853632361e+01 5.595154631231478248e+01
1.769628837640613597e+02 2.585280300115818619e+01 5.836235936611745245e+01
1.740622653211608224e+02 2.624958220490066552e+01 6.080126142745510975e+01
1.711322188067433387e+02 2.663699218921145473e+01 6.326829405217461044e+01
1.681727999815453529e+02 2.701493590100876574e+01 6.576349753988661462e+01
1.651840665963832180e+02 2.738331638899243359e+01 6.828691093094332132e+01
1.621937640874330100e+02 2.771886936887800701e+01 7.083901262244755515e+01
1.593049689717452679e+02 2.793641874837905803e+01 7.342066428498289099e+01
1.565249843332741762e+02 2.803225887068228772e+01 7.603024229104498488e+01
1.538510096416342776e+02 2.801110930049465253e+01 7.866598480314416975e+01
1.512803076453038500e+02 2.787755147008148526e+01 8.132619385657768873e+01
1.488102041246321789e+02 2.763602936958280409e+01 8.400923499800188665e+01
1.464380873319955469e+02 2.729085088066854681e+01 8.671353663845316362e+01
1.441614070267277441e+02 2.684619052903763148e+01 8.943758859997416266e+01
1.419776713173843632e+02 2.630609837320216826e+01 9.217993744768179454e+01
1.398844472583218419e+02 2.567449984782274797e+01 9.493918616719581394e+01
1.378793486750149953e+02 2.495521071335647534e+01 9.771399142943768368e+01
1.359363765097408248e+02 2.418045793277178035e+01 1.004982087930989252e+02
1.340030885850457310e+02 2.341368808223677789e+01 1.032808574827476065e+02
1.320804547450154871e+02 2.265698549993292943e+01 1.060579743003043092e+02
1.302367651341632211e+02 2.191145625168352140e+01 1.087395006264818562e+02
1.284955805226805978e+02 2.117732777460594917e+01 1.112938796975021063e+02
1.268521882514003636e+02 2.045430434368374151e+01 1.137267597810463116e+02
1.253020352428990094e+02 1.974210034817981807e+01 1.160436053403767573e+02
1.238407653623113731e+02 1.904044053191361385e+01 1.182496461370123200e+02
1.224642200989351153e+02 1.834906002688820692e+01 1.203498764202775959e+02
1.211684333939313802e+02 1.766770409097655659e+01 1.223490610832669461e+02
1.199497003584941979e+02 1.699815502678124801e+01 1.242540209141841387e+02
1.188048151465510500e+02 1.634993179261510221e+01 1.260801450867005968e+02
1.177302870325299438e+02 1.572387303378627621e+01 1.278331139374364938e+02
1.167126631286255645e+02 1.511679854547375079e+01 1.295142713522658937e+02
1.157317591694068000e+02 1.452661622372875350e+01 1.311264827705408322e+02
1.147848259762940444e+02 1.395278073404324282e+01 1.326723337560990217e+02
1.138708394766700422e+02 1.339476067223858635e+01 1.341541462717076456e+02
1.129886061466327476e+02 1.285203554957357142e+01 1.355741726230509414e+02
1.121369889190051623e+02 1.232410350837581348e+01 1.369345842359539347e+02
1.113148924943003806e+02 1.181048085505019785e+01 1.382374731258673535e+02
1.105212580101549094e+02 1.131069974677413192e+01 1.394848620257160405e+02
1.097550627470146622e+02 1.082430806377495713e+01 1.406787049450811651e+02
1.090153199129027541e+02 1.035086931590011616e+01 1.418208875791684420e+02
1.083010786095818361e+02 9.889962627794302463e+00 1.429132273732978149e+02
1.076114226604086355e+02 9.441182230276673693e+00 1.439574757498518522e+02
1.069454663566155403e+02 9.004135614236489005e+00 1.449553261903293730e+02
1.063023541525027724e+02 8.578443398339160808e+00 1.459084148144906123e+02
1.056812605331184471e+02 8.163739271583322576e+00 1.468183206317883958e+02
1.050813898518325971e+02 7.759669922671230680e+00 1.476865658501727978e+02
1.045019758022547904e+02 7.365894810872975818e+00 1.485146168793740458e+02
1.039422776423827912e+02 6.982084527221516623e+00 1.493038915051431843e+02
1.034015798022125949e+02 6.607920624194401071e+00 1.500557596348233176e+02
1.028792854337142728e+02 6.243142031273928083e+00 1.507713978480167896e+02
1.023685256222744755e+02 5.884373629961777930e+00 1.514617202076249782e+02
1.018607711092674464e+02 5.527447242356496204e+00 1.521400442116066642e+02
1.013574699745357464e+02 5.170208111739905021e+00 1.528084375187318926e+02
1.008603044942985605e+02 4.810688661067118232e+00 1.534684890728185280e+02
1.003692694129963030e+02 4.448893851955284973e+00 1.541202588473359185e+02
9.988433645260640503e+01 4.084855333786027387e+00 1.547637860878171807e+02
9.940547730329278409e+01 3.718604597526565581e+00 1.553991100746441418e+02
9.893266364537885238e+01 3.350172974912895896e+00 1.560262700936940803e+02
9.846586714934720419e+01 2.979591638449803348e+00 1.566453054363399247e+02
9.800505947583985744e+01 2.606891601410848747e+00 1.572562553994501968e+02
9.755021227565811159e+01 2.232103717838381129e+00 1.578591592853890688e+02
9.710129718976260449e+01 1.855258682543528215e+00 1.584540564020162208e+02
9.665828584927334077e+01 1.476387031106200842e+00 1.590409860626868408e+02
9.622114987546957821e+01 1.095519139875093639e+00 1.596199875862518525e+02
9.578986087978998398e+01 7.126852259676810242e-01 1.601911002970577442e+02
9.536439046383247842e+01 3.279153472702217575e-01 1.607543635249464842e+02
9.494471034933215492e+01 -5.876059985646978762e-02 1.613098164317437693e+02
9.453079225827437426e+01 -4.473128783055285718e-01 1.618574981713034902e+02
9.412260767970231257e+01 -8.377119049426530184e-01 1.623974482008707128e+02
9.372012811376788477e+01 -1.229928254484725869e+00 1.629297059553024667e+02
9.332332507421254775e+01 -1.623932659542223877e+00 1.634543108437570993e+02
9.293217008836737136e+01 -2.019696010619218107e+00 1.639713022496946451e+02
9.254663469715298163e+01 -2.417189356113373044e+00 1.644807195308762573e+02
9.216669045507961755e+01 -2.816383902315947374e+00 1.649826020193647196e+02
9.179230893024710269e+01 -3.217251013411793092e+00 1.654769890215240764e+02
9.142346170434475994e+01 -3.619762211479358172e+00 1.659639198180198321e+02
9.106012037265163883e+01 -4.023889176490682118e+00 1.664434336638189507e+02
9.070225654403625981e+01 -4.429603746311401302e+00 1.669155697881896856e+02
9.034984184095675630e+01 -4.836877916700743185e+00 1.673803673947017501e+02
9.000284789946086050e+01 -5.245683841311528539e+00 1.678378656612263171e+02
8.966124636918586077e+01 -5.655993831690177664e+00 1.682881037399359627e+02
8.932500891335867266e+01 -6.067780357276697956e+00 1.687311207573045806e+02
8.899410720879576786e+01 -6.481016045404696335e+00 1.691669558141075242e+02
8.866851294590316002e+01 -6.895673681301369484e+00 1.695956479854215502e+02
8.834819782867648996e+01 -7.311726208087511836e+00 1.700172363206248463e+02
8.803313357470101153e+01 -7.729146726777509357e+00 1.704317598433970318e+02
