2.540000000000000000e+02 7.000000000000000000e+00 0.000000000000000000e+00
2.528782465783074258e+02 7.484741635681973371e+00 7.101958577967156794e-01
2.517262966515748417e+02 7.977105380131792600e+00 1.442848528547953313e+00
2.505434102352225523e+02 8.477268686209184168e+00 2.198499124065400601e+00
2.493288295685404137e+02 8.985413246800691311e+00 2.977701751808815800e+00
2.480800510601368956e+02 9.501349646350675471e+00 3.780622691194941876e+00
2.467886878356073908e+02 1.002358443867161597e+01 4.606021103711428921e+00
2.454531519204692813e+02 1.055205889983194290e+01 5.454162927942990180e+00
2.440722452713251869e+02 1.108672357069712788e+01 6.325956000242928035e+00
2.426323819638676298e+02 1.162171446751477966e+01 7.241230670406290315e+00
2.411249212793898096e+02 1.215375297026257506e+01 8.211827417292267839e+00
2.395475556773841106e+02 1.268264033603927565e+01 9.239743315732317441e+00
2.378979754948438199e+02 1.320820663703896791e+01 1.032692728335085341e+01
2.361737736330424866e+02 1.373026566298415752e+01 1.147542604731765614e+01
2.343725856882750520e+02 1.424865298353575582e+01 1.268735660727300463e+01
2.325032444593225591e+02 1.476573750795931694e+01 1.396565670144257609e+01
2.305736503605876635e+02 1.528377503715753249e+01 1.531346721155550128e+01
2.285835508687077322e+02 1.580324767277017273e+01 1.673358396999187647e+01
2.265304892168176991e+02 1.632417579132457774e+01 1.822879516537134847e+01
2.244120496995442409e+02 1.684660769806925273e+01 1.980199676221632643e+01
2.222259012795526303e+02 1.737063361152759811e+01 2.145620806947913195e+01
2.199695705514516533e+02 1.789633698361618031e+01 2.319456575203678383e+01
2.176404871152059002e+02 1.842380480955873168e+01 2.502032867816813066e+01
2.152359821322695552e+02 1.895312768035109485e+01 2.693687973787084999e+01
2.127532800951429692e+02 1.948440008192942585e+01 2.894773620734676811e+01
2.101894954085451843e+02 2.001772051943883923e+01 3.105655405429382299e+01
2.075623188115097264e+02 2.054932549822720844e+01 3.323856918714890440e+01
2.049034001967373229e+02 2.107305024575293473e+01 3.544999952374471519e+01
2.022131979620770323e+02 2.158871282612632569e+01 3.769031014084229270e+01
1.994917411760079347e+02 2.209621277782728299e+01 3.995956145472396059e+01
1.967390609407437410e+02 2.259544965171087227e+01 4.225781263290100043e+01
1.939551903956720764e+02 2.308632301450398217e+01 4.458512158987699792e+01
1.911401647173545371e+02 2.356873244880535267e+01 4.694154498714787849e+01
1.882940211195266613e+02 2.404257755308554678e+01 4.932713823320180069e+01
1.854167988524395696e+02 2.450775794250700201e+01 5.174195548347484674e+01
1.825085392034594065e+02 2.496417325861643732e+01 5.418604963438708211e+01
1.795692855148197395e+02 2.541172318146107756e+01 5.665947230489241093e+01
1.765990831867140400e+02 2.585030743611091353e+01 5.916227383072451573e+01
1.735979796774085742e+02 2.627982579436243427e+01 6.169450326334570889e+01
1.705660245060860518e+02 2.670017807983094826e+01 6.425620836517934720e+01
1.675032692598108213e+02 2.711126417784118914e+01 6.684743559941807689e+01
1.644097675957354738e+02 2.751298403930620395e+01 6.946823012636313877e+01
1.613189412344138987e+02 2.787700787063157648e+01 7.211901545494576737e+01
1.583359981672323329e+02 2.811555618259082223e+01 7.480009410127209435e+01
1.554657009354744446e+02 2.822717797660333261e+01 7.750964568304027580e+01
1.527051007227842092e+02 2.821689738546591641e+01 8.024579908373502235e+01
1.500513168463876070e+02 2.808958749704966706e+01 8.300675317114739471e+01
1.475015363905319532e+02 2.784997130961327372e+01 8.579077631500254597e+01
1.450530137767121630e+02 2.750262272483526615e+01 8.859620591636941356e+01
1.427030681097382114e+02 2.705197428967026596e+01 9.142144429830160846e+01
1.404490811068015717e+02 2.650232307796101949e+01 9.426495561848000193e+01
1.382884970649459433e+02 2.585783071959859214e+01 9.712526586798587402e+01
1.362077477438125754e+02 2.513588692686281689e+01 9.999882489882988068e+01
1.341435980419857685e+02 2.441166310951782492e+01 1.028749845044678892e+02
1.320811216993721189e+02 2.369648660496473980e+01 1.057591267740212402e+02
1.300743930658901206e+02 2.299055029551249518e+01 1.085799848844806235e+02
1.281646911841341137e+02 2.229393874197122472e+01 1.112828593945689732e+02
1.263604268427943111e+02 2.160653178530860785e+01 1.138560445135484116e+02
1.246568916756405940e+02 2.092813800070379671e+01 1.163051070816682255e+02
1.230497125271149628e+02 2.025857455991623723e+01 1.186352214151981883e+02
1.215343434708137949e+02 1.959766167702621686e+01 1.208518068961239038e+02
1.201064417928855761e+02 1.894522544449183954e+01 1.229600424060924269e+02
1.187618661049967841e+02 1.830100890981409378e+01 1.249647664005204888e+02
1.174969148536460182e+02 1.767344368388191000e+01 1.268802630505794866e+02
1.163086074608388145e+02 1.706840983509048471e+01 1.287180305840842891e+02
1.151863133051769097e+02 1.648405559741046389e+01 1.304810637837020693e+02
1.141057926700054708e+02 1.591740242938232441e+01 1.321708566612759341e+02
1.130622858342743484e+02 1.536783298303864598e+01 1.337902329464444335e+02
1.120543752367138239e+02 1.483474621231997759e+01 1.353417014937077738e+02
1.110807732631679556e+02 1.431757946222552746e+01 1.368276962359084052e+02
1.101402414408773609e+02 1.381579133975583851e+01 1.382505584778966465e+02
1.092315839509540467e+02 1.332885891078008811e+01 1.396125491197783788e+02
1.083536460597610187e+02 1.285627702227049518e+01 1.409158516123705738e+02
1.075053140575456041e+02 1.239755827578332870e+01 1.421625720728281408e+02
1.066855147258967946e+02 1.195223279725819765e+01 1.433547402881585526e+02
1.058932156277579395e+02 1.151984836234211329e+01 1.444943091687804611e+02
1.051274197056010280e+02 1.109996806230943456e+01 1.455831649262699159e+02
1.043871641359447722e+02 1.069216980908849379e+01 1.466231292316276154e+02
1.036715202897177761e+02 1.029604631813178806e+01 1.476159592899643940e+02
1.029795932405432097e+02 9.911204895853888530e+00 1.485633487670926911e+02
1.023105221740045749e+02 9.537267616482727917e+00 1.494669270184016909e+02
1.016634758709911921e+02 9.173869370378588073e+00 1.503282675989306370e+02
1.010376516172302956e+02 8.820657392810971942e+00 1.511488903180117518e+02
1.004322752120479265e+02 8.477291267743510161e+00 1.519302612227637042e+02
9.984662636185409212e+01 8.143455046305048128e+00 1.526737537788959287e+02
9.927115002841360081e+01 7.814616387057415459e+00 1.533942826591168682e+02
9.869883704233808430e+01 7.487448079275627499e+00 1.541027142735661926e+02
9.813013746490327094e+01 7.161340621814721530e+00 1.547996464637979557e+02
9.756752016717058495e+01 6.833327418112030927e+00 1.554874512656432444e+02
9.701129779429147959e+01 6.503030205453462997e+00 1.561664890006127280e+02
9.646144214987414500e+01 6.170478985367659597e+00 1.568368037372233914e+02
9.591792479152672968e+01 5.835703879873056721e+00 1.574984393177028892e+02
9.538071703085732622e+01 5.498735131477891613e+00 1.581514393579893465e+02
9.484978993347394294e+01 5.159603103180201877e+00 1.587958472477315297e+02
9.432511431898453225e+01 4.818338278467824587e+00 1.594317061502887896e+02
9.380666076099696227e+01 4.474971261318392735e+00 1.600590590027311180e+02
9.329439979447460018e+01 4.129532547564036093e+00 1.606779486733390456e+02
9.278830241640766019e+01 3.782051914073770948e+00 1.612884184488370636e+02
9.228833939764793115e+01 3.432559175855788069e+00 1.618905115151386269e+02
9.179448149127766499e+01 3.081084009763349396e+00 1.624842710185439500e+02
9.130669945196596871e+01 2.727655934484082945e+00 1.630697400780227611e+02
9.082496403596880441e+01 2.372304310539975702e+00 1.636469617852137048e+02
9.034924600112884718e+01 2.015058340287382954e+00 1.642159792044249969e+02
8.987951610687568405e+01 1.655947067917018733e+00 1.647768353726339683e+02
8.941574511422564342e+01 1.294999379453962929e+00 1.653295732994872083e+02
8.895790378578186619e+01 9.322440027576570643e-01 1.658742359673007343e+02
8.850596288573439097e+01 5.677095075219069642e-01 1.664108663310596512e+02
8.805989317985996934e+01 2.014243052748804774e-01 1.669395073184184923e+02
8.761966543552217956e+01 -1.665833506208893589e-01 1.674602018297008783e+02
8.718525042167145500e+01 -5.362853649685094259e-01 1.679729927378999150e+02
8.675661890884501304e+01 -9.076538007367199734e-01 1.684779228886777958e+02
8.633374166681932138e+01 -1.280660876448411090e+00 1.689750351038661051e+02
8.591658946755134707e+01 -1.655278963735814290e+00 1.694643721779925158e+02
8.550513309887080027e+01 -2.031480594541447804e+00 1.699459768591510453e+02
8.509934336094659102e+01 -2.409238457228119135e+00 1.704198918542624597e+02
8.469919106613161830e+01 -2.788525396432316672e+00 1.708861598293019881e+02
8.430464703896288370e+01 -3.169314413064214797e+00 1.713448234092991811e+02
8.391568211616134931e+01 -3.551578664307672106e+00 1.717959251783376828e+02
8.353226714809142095e+01 -3.935291463209446672e+00 1.722395076777068823e+02
8.315437299771522817e+01 -4.320426278689118327e+00 1.726756134072655868e+02
8.278197054239849706e+01 -4.706956735511372614e+00 1.731042848230851234e+02
8.241503067859979126e+01 -5.094856613339405094e+00 1.735255643314361294e+02
8.205352432190956335e+01 -5.484099846725842831e+00 1.739394942887402635e+02
8.169742240705029701e+01 -5.874660525112755494e+00 1.743461170015696098e+02
