2.540000000000000000e+02 7.000000000000000000e+00 0.000000000000000000e+00
2.525532335977597711e+02 7.463905649486677341e+00 1.063715022269225763e+00
2.510946495604599704e+02 7.932853955090844345e+00 2.137423668034108992e+00
2.496241146789175502e+02 8.406899647123495356e+00 3.221236679312990958e+00
2.481414943013045615e+02 8.886098051284724519e+00 4.315265999696775268e+00
2.466462915386349835e+02 9.370610802407208340e+00 5.419787354900013732e+00
2.451284910379646647e+02 9.860932338872135716e+00 6.542371626076172397e+00
2.435775886359284073e+02 1.035721558133725040e+01 7.692203968416731819e+00
2.419862404157247795e+02 1.086094086765792177e+01 8.874933024657485348e+00
2.403533168260927937e+02 1.137231898525601181e+01 1.009147000583213405e+01
2.386778956954868534e+02 1.189151684480085969e+01 1.134256986318590066e+01
2.369590717428085611e+02 1.241872983587756174e+01 1.262895592170283265e+01
2.351941132383452384e+02 1.295266168138674345e+01 1.395389086318889404e+01
2.333764723076849918e+02 1.348884547047249782e+01 1.532597688940635905e+01
2.315043676230032190e+02 1.402674598502655989e+01 1.674717029663240098e+01
2.295766179952439643e+02 1.456634166847610423e+01 1.821857990754811851e+01
2.275918745359603577e+02 1.510751046151501598e+01 1.974138943932930346e+01
2.255508472762633971e+02 1.565157083640177582e+01 2.131605143443089645e+01
2.234552016657497404e+02 1.620058175042547433e+01 2.294271632170295305e+01
2.213039618566157856e+02 1.675484697702501435e+01 2.462253189719183410e+01
2.190958150670543603e+02 1.731446160027270054e+01 2.635678737658690451e+01
2.168294110182058887e+02 1.787951839146431965e+01 2.814680480289582221e+01
2.145033682396482391e+02 1.845011212013532642e+01 2.999393688863730389e+01
2.121162106543950472e+02 1.902621879308454567e+01 3.189959260048098599e+01
2.096658447716820604e+02 1.960082344102114860e+01 3.386734982886347467e+01
2.071547322473650183e+02 2.017064091347366883e+01 3.590442134591653911e+01
2.045813876106510065e+02 2.073499679856258737e+01 3.801366282833466670e+01
2.019412770244695707e+02 2.129082174791675897e+01 4.020154311487462451e+01
1.992319130437329306e+02 2.183678802588800139e+01 4.247150505508608376e+01
1.964520467097596850e+02 2.237254466462827907e+01 4.482511532190826387e+01
1.935992569190036363e+02 2.288836279846795918e+01 4.726272116560362946e+01
1.906809338936216989e+02 2.337595403420370133e+01 4.977786724420211328e+01
1.877353728087475986e+02 2.383216065971075892e+01 5.234300913686448808e+01
1.847678791565470817e+02 2.425635212507372529e+01 5.495438545093740146e+01
1.817795019632094977e+02 2.464821302869058783e+01 5.761131215719078114e+01
1.787713022364462176e+02 2.500743826520286106e+01 6.031308603644689725e+01
1.757443526071619146e+02 2.533373318852061473e+01 6.305898486811775427e+01
1.726997369682263184e+02 2.562681377792760529e+01 6.584826761882604274e+01
1.696384476186601944e+02 2.588644447977506857e+01 6.868023625906390350e+01
1.665786189539854547e+02 2.610613515094656378e+01 7.154384760272220944e+01
1.635667196591550692e+02 2.626952544380666765e+01 7.441057732398824953e+01
1.606068701702614305e+02 2.637621222054496783e+01 7.727704566976873934e+01
1.577011691929963320e+02 2.642660965056565558e+01 8.014104476211559813e+01
1.548622312535460424e+02 2.641811133036727455e+01 8.299358912675509714e+01
1.520990840216952336e+02 2.634935248040605416e+01 8.582785171658628087e+01
1.494119111075318074e+02 2.622148961734210815e+01 8.864246095375395385e+01
1.468023251283079560e+02 2.603461394731511547e+01 9.143466333907947785e+01
1.442647283278913051e+02 2.579806441367372472e+01 9.420104889347854282e+01
1.417919007645681404e+02 2.552338693628027144e+01 9.694015389247419989e+01
1.394069868643392169e+02 2.520954442757608049e+01 9.963182685726081900e+01
1.371290698097342045e+02 2.485438913266608196e+01 1.022587685351887643e+02
1.349554964437088813e+02 2.445943420949650005e+01 1.048222501588110447e+02
1.328840781308652197e+02 2.402608935743802121e+01 1.073231657890136006e+02
1.309151004749542722e+02 2.355620689374826782e+01 1.097599100693293224e+02
1.290637020148628551e+02 2.305289242137021688e+01 1.121176829270793434e+02
1.273348138122568400e+02 2.251818662078385813e+01 1.143911977075934772e+02
1.257235236703966592e+02 2.195365487394594339e+01 1.165835587824131778e+02
1.242258899586527718e+02 2.136090899241326113e+01 1.186972002195100231e+02
1.228356521491734554e+02 2.073978250342393892e+01 1.207337983342703041e+02
1.215419051547586804e+02 2.008633683415218485e+01 1.226930079150346842e+02
1.203406251359464250e+02 1.940150386602364563e+01 1.245765269067649541e+02
1.192288111579341461e+02 1.868687078262736634e+01 1.263863323232285296e+02
1.182009959961874301e+02 1.794534716966278509e+01 1.281256042650724680e+02
1.172285014155747689e+02 1.719220816024689924e+01 1.298087984815232687e+02
1.162962154996896942e+02 1.643482169002466620e+01 1.314443324855260471e+02
1.153824335761362079e+02 1.568311049904337118e+01 1.330447285602609213e+02
1.144850357084868193e+02 1.493788523749412356e+01 1.346114563627369307e+02
1.136036980345520675e+02 1.420070154227649795e+01 1.361471843054436306e+02
1.127380422822241002e+02 1.347246253366963131e+01 1.376537292253146916e+02
1.118878669403868855e+02 1.275293391759811712e+01 1.391313449906538438e+02
1.110530087425408396e+02 1.204200314606780964e+01 1.405804083674869389e+02
1.102333059357782901e+02 1.133954376393730712e+01 1.420012724462172002e+02
1.094281392324153472e+02 1.064559569051908028e+01 1.433948040303370135e+02
1.086369572822940484e+02 9.960176428790502356e+00 1.447617901386673509e+02
1.078593305947761820e+02 9.283261711057773979e+00 1.461028771424452088e+02
1.070949515387434303e+02 8.614785498955930265e+00 1.474185707653235227e+02
1.063436213535928090e+02 7.954644693594274507e+00 1.487092510249282782e+02
1.056051561095036959e+02 7.302733366833660256e+00 1.499752795621264170e+02
1.048793756524556073e+02 6.658946611559850126e+00 1.512170113944920047e+02
1.041661034551096492e+02 6.023180334219734533e+00 1.524347954358079278e+02
1.034651652529170605e+02 5.395331741107185941e+00 1.536289760865266487e+02
1.027763890441190711e+02 4.775299338363044654e+00 1.547998932337701490e+02
1.020996050897470440e+02 4.162982931975124146e+00 1.559478822513298155e+02
1.014346459136224325e+02 3.558283627778208835e+00 1.570732739996668101e+02
1.007813462676081713e+02 2.961103811657113116e+00 1.581763948954159105e+02
1.001395431098213038e+02 2.371347137087230106e+00 1.592575669549069346e+02
9.950907573038686849e+01 1.788918596797644645e+00 1.603171075426583911e+02
9.888978547532795460e+01 1.213724365551523299e+00 1.613553299237493945e+02
9.828151572407463732e+01 6.456717873364907767e-01 1.623725433088106058e+02
9.768411188946409140e+01 8.466937536462990077e-02 1.633690528540239768e+02
9.709742141774056279e+01 -4.693731879275190311e-01 1.643451596611232048e+02
9.652129378855538278e+01 -1.016545050878957301e+00 1.653011607773933633e+02
9.595558051836214020e+01 -1.556934190677763619e+00 1.662373491888716330e+02
9.540013515636839259e+01 -2.090627415733912198e+00 1.671540138283623378e+02
9.485481292387784436e+01 -2.617710727216819411e+00 1.680514393592308693e+02
9.431943687880904292e+01 -3.138311449167227263e+00 1.689298361223281688e+02
9.379414856771727216e+01 -3.652162512121911675e+00 1.697900575194305475e+02
9.327903529930863158e+01 -4.159063074422029160e+00 1.706328616794808397e+02
9.277395719708934507e+01 -4.659093633388280864e+00 1.714585556883997697e+02
9.227876342298110046e+01 -5.152349987740111992e+00 1.722674127847333523e+02
9.179330182382429371e+01 -5.638930838498888320e+00 1.730596958822944202e+02
9.131742239077328804e+01 -6.118933574972748701e+00 1.738356637773335649e+02
9.085097737922845340e+01 -6.592454131515704141e+00 1.745955713510801957e+02
9.039382125395007961e+01 -7.059587022730797301e+00 1.753396696646832709e+02
8.994581061808642630e+01 -7.520425388986935467e+00 1.760682060819767685e+02
8.950680767607970267e+01 -7.975056594135336852e+00 1.767814247074816763e+02
8.907667642933115815e+01 -8.423566904849176140e+00 1.774795664702303100e+02
8.865509980386904942e+01 -8.866274632061859506e+00 1.781628435433614470e+02
8.824176840707403358e+01 -9.303491672894942610e+00 1.788314577727076369e+02
8.783646979780613151e+01 -9.735409922894072920e+00 1.794856123314788761e+02
8.743909260300756614e+01 -1.016209448648976554e+01 1.801255178341048691e+02
8.704968071651205719e+01 -1.058349258892337375e+01 1.807511177884574920e+02
8.666669832264095419e+01 -1.100076914086161928e+01 1.813650141769337552e+02
8.628646193373523943e+01 -1.141675018984205892e+01 1.819734178492586807e+02
8.590845198163479779e+01 -1.183182989067455715e+01 1.825772084635279953e+02
8.553264355944817510e+01 -1.224602136612405090e+01 1.831764329674235512e+02
8.515903046188010705e+01 -1.265932344488627059e+01 1.837711067242887850e+02
8.478760648467034855e+01 -1.307173497474098234e+01 1.843612450820924948e+02
8.441836542451612502e+01 -1.348325482261544117e+01 1.849468633735623087e+02
8.405130108024312108e+01 -1.389388187341474534e+01 1.855279769142323119e+02
8.368640725280616266e+01 -1.430361503002079537e+01 1.861046010024411146e+02
8.332367774528937332e+01 -1.471245321329228162e+01 1.866767509193315675e+02
8.296310636290616003e+01 -1.512039536206468071e+01 1.872444419288511313e+02
8.260468691299912791e+01 -1.552744043315027866e+01 1.878076892777516491e+02
