2.540000000000000000e+02 7.000000000000000000e+00 0.000000000000000000e+00
2.526653310008441906e+02 7.427920110574323331e+00 9.481179230492143839e-01
2.513180621981221350e+02 7.860607409111029398e+00 1.906748452569446695e+00
2.499580437813642959e+02 8.298118092433108828e+00 2.876015075916941832e+00
2.485851241679756640e+02 8.740509022256869542e+00 3.856042742161979398e+00
2.471991499682747246e+02 9.187837738309490021e+00 4.846957890925605916e+00
2.457999659854930883e+02 9.640162458329044171e+00 5.848888452379635616e+00
2.443874096724373999e+02 1.009754335800595371e+01 6.861966659497373833e+00
2.429597291362532872e+02 1.056031399724705544e+01 7.887249341182297258e+00
2.415043587089798507e+02 1.102863407009392915e+01 8.934754896765165100e+00
2.400103803517542360e+02 1.150336856915234485e+01 1.001367147442998373e+01
2.384744625367323749e+02 1.198495031457514770e+01 1.112669605078726143e+01
2.368911281785858023e+02 1.246997405047415342e+01 1.228095948327733389e+01
2.352567824986010976e+02 1.295652006627395458e+01 1.348095110827323140e+01
2.335700898462082193e+02 1.344446194745334111e+01 1.472798084554680287e+01
2.318298714120970487e+02 1.393381697370242200e+01 1.602312616793602373e+01
2.300348598291184317e+02 1.442455373328076185e+01 1.736757604347733874e+01
2.281832273872436758e+02 1.491636641440046063e+01 1.876277572139493088e+01
2.262741459651561797e+02 1.540947391375945763e+01 2.020973337185106189e+01
2.243086815898153361e+02 1.590510073731872076e+01 2.170862523513580200e+01
2.222872524945492785e+02 1.640417284420439259e+01 2.325994138003674649e+01
2.202095780706603136e+02 1.690729133019096864e+01 2.486450866656883818e+01
2.180746796434002874e+02 1.741473277529477315e+01 2.652349038137981907e+01
2.158811386914766217e+02 1.792656906736321432e+01 2.823826617377977399e+01
2.136275341112061881e+02 1.844288369876809597e+01 3.001023301778044683e+01
2.113123832798349895e+02 1.896375088416964161e+01 3.184083492298455198e+01
2.089341816682836850e+02 1.948917566043642324e+01 3.373159147437849015e+01
2.064929897709566546e+02 2.001239579571085869e+01 3.568799463740425182e+01
2.039892347795799026e+02 2.052954894097760530e+01 3.771607246278747994e+01
2.014188962385503316e+02 2.103785261831445297e+01 3.982179088733678185e+01
1.987788414549039260e+02 2.153536141856269737e+01 4.200961340495184260e+01
1.960676357671393930e+02 2.202168588903497337e+01 4.428139078420765884e+01
1.932836024903887449e+02 2.249425993304956251e+01 4.663868991804905306e+01
1.904291536539442973e+02 2.294019461256444004e+01 4.907788106599423372e+01
1.875444693607242073e+02 2.335469366313770934e+01 5.156956787609359338e+01
1.846396779583642171e+02 2.373695943665162744e+01 5.410646294843068205e+01
1.817158774508828287e+02 2.408670890879056614e+01 5.668784016423303029e+01
1.787741766684684990e+02 2.440367028013752559e+01 5.931295442919573446e+01
1.758156950305484827e+02 2.468758305617473425e+01 6.198104181430571913e+01
1.728415621857535029e+02 2.493819816891516794e+01 6.469131976979031151e+01
1.698525022940074223e+02 2.515542826039211377e+01 6.744323530449995019e+01
1.668703148729003658e+02 2.533161424646424464e+01 7.022361409299168145e+01
1.639389750500407956e+02 2.545166966088029525e+01 7.300555696182418330e+01
1.610614692101349021e+02 2.551569583752682391e+01 7.578633046368591408e+01
1.582390856231093892e+02 2.552442041846924425e+01 7.856420389441088048e+01
1.554752972504162472e+02 2.547793389439352651e+01 8.133603810978073057e+01
1.527864567771842133e+02 2.537264880012900647e+01 8.409032772213593887e+01
1.501747222482736390e+02 2.520932900788820419e+01 8.682453145333350619e+01
1.476413627464618799e+02 2.498853343530875648e+01 8.953615375006212673e+01
1.451851169126480556e+02 2.471526090849785362e+01 9.222481969975837046e+01
1.427968859770472250e+02 2.440678757889476458e+01 9.489047236689853548e+01
1.404737993034403587e+02 2.406768082378684070e+01 9.752989641235771501e+01
1.382171199011839633e+02 2.369839679253873044e+01 1.001413655412768975e+02
1.360598885837543435e+02 2.329516480569912673e+01 1.026959395962060455e+02
1.340101278073155413e+02 2.285788193434081705e+01 1.051857336243364216e+02
1.320652284922309150e+02 2.238788953174278618e+01 1.076119400806117170e+02
1.302258194475398625e+02 2.188727207395066543e+01 1.099727187538072286e+02
1.285017868093866582e+02 2.135821546174384267e+01 1.122567062271655658e+02
1.268922467656028346e+02 2.079374335201378798e+01 1.144514728012213709e+02
1.253910806844496477e+02 2.019353258535510776e+01 1.165580019409621855e+02
1.239945958319428030e+02 1.955946584348314232e+01 1.185788313023509772e+02
1.226997752772525274e+02 1.889335457531407414e+01 1.205161561274078537e+02
1.215015647909071390e+02 1.819702509107391819e+01 1.223731990859192678e+02
1.203943121724485934e+02 1.747225362390383907e+01 1.241534636972560861e+02
1.193713723772260096e+02 1.672248508813843770e+01 1.258608310973475852e+02
1.184048026544028573e+02 1.596228530889253960e+01 1.275094090797865363e+02
1.174775021502684211e+02 1.519974782523809864e+01 1.291087603870424800e+02
1.165686044377898583e+02 1.444433822708353610e+01 1.306724667781695643e+02
1.156763777671443023e+02 1.369671621479958112e+01 1.322023193860214292e+02
1.148006946901014373e+02 1.295676214327271758e+01 1.336987139834412233e+02
1.139413327646112748e+02 1.222440499843196982e+01 1.351621303392164180e+02
1.130980576571895853e+02 1.149989586535443564e+01 1.365932446951724444e+02
1.122705358009177701e+02 1.078516140847588822e+01 1.379938191833807366e+02
1.114584862977643382e+02 1.008071222559393831e+01 1.393647616241534024e+02
1.106616524603208234e+02 9.386583073772889918e+00 1.407066786138761643e+02
1.098797892143357160e+02 8.702605740512991517e+00 1.420200450779800292e+02
1.091126575870574271e+02 8.028575577580648215e+00 1.433053032464876253e+02
1.083600201505630309e+02 7.364357285073269921e+00 1.445629277058647517e+02
1.076216435225600208e+02 6.709801436468360691e+00 1.457933763731352599e+02
1.068972979311226936e+02 6.064760884686797304e+00 1.469971000333166842e+02
1.061867570418718856e+02 5.429090653378190190e+00 1.481745426814086954e+02
1.054897982091699191e+02 4.802648094931567968e+00 1.493261410253020927e+02
1.048062025762116605e+02 4.185292953431442697e+00 1.504523242877004350e+02
1.041357545262496416e+02 3.576887019442227533e+00 1.515535152920697612e+02
1.034782416759117751e+02 2.977294125804784475e+00 1.526301304758622734e+02
1.028334548752013688e+02 2.386380147636428806e+00 1.536825798905164220e+02
1.022011882074970970e+02 1.804013002330931092e+00 1.547112672014567067e+02
1.015812389895530004e+02 1.230062649558512966e+00 1.557165896880938760e+02
1.009734077805937744e+02 6.644010969819629242e-01 1.566989382258188073e+02
1.003774983971392487e+02 1.069024095222358139e-01 1.576586972565757776e+02
9.979331763204176298e+01 -4.425574673397112968e-01 1.585962453449190548e+02
9.922067526884600852e+01 -9.841006985361626658e-01 1.595119551495861856e+02
9.865937287396180011e+01 -1.517861387606855628e+00 1.604061698462539027e+02
9.810948913902831237e+01 -2.043633282256791084e+00 1.612798048944174241e+02
9.757109534489627833e+01 -2.561217997985606676e+00 1.621337791868729994e+02
9.704398662565935751e+01 -3.070758597436705095e+00 1.629684300996708259e+02
9.652796647962820487e+01 -3.572389683519681114e+00 1.637840995868739924e+02
9.602284182414429381e+01 -4.066243632031808275e+00 1.645811229468027079e+02
9.552842278417006128e+01 -4.552450633387017831e+00 1.653598298956300710e+02
9.504452261860008377e+01 -5.031138742768773042e+00 1.661205446956666378e+02
9.457095772026116265e+01 -5.502433880130061183e+00 1.668635861553604514e+02
9.410754761591223883e+01 -5.966459830193400649e+00 1.675892676292969838e+02
9.365414778435324195e+01 -6.423296103873884277e+00 1.682979012955595692e+02
9.321048664123924254e+01 -6.873186721294606727e+00 1.689897788203094251e+02
9.277612926695304907e+01 -7.316588579829358174e+00 1.696651600611170352e+02
9.235080506298007208e+01 -7.753752364268869712e+00 1.703243098589708211e+02
9.193436986075526818e+01 -8.184769952014981698e+00 1.709674976008275280e+02
9.152667359607727349e+01 -8.609741632053161453e+00 1.715949896868937401e+02
9.112757359550151648e+01 -9.028759882233535095e+00 1.722070482126494539e+02
9.073692942688983010e+01 -9.441915735534658793e+00 1.728039311697561686e+02
9.035460288029300102e+01 -9.849298802382421059e+00 1.733858924506644428e+02
8.998045792962288658e+01 -1.025099729512647784e+01 1.739531819193683475e+02
8.961436068186709747e+01 -1.064709806047459750e+01 1.745060455051612109e+02
8.925553677883219450e+01 -1.103818989237234405e+01 1.750458058844147047e+02
8.889996246855953643e+01 -1.142741107433439929e+01 1.755792451601227810e+02
8.854693528822222959e+01 -1.181530508399563395e+01 1.761075521264092458e+02
8.819642784102288147e+01 -1.220188716999613554e+01 1.766307796899698701e+02
8.784841621958440783e+01 -1.258716989315967183e+01 1.771489748399451969e+02
8.750288000595023163e+01 -1.297116312649369085e+01 1.776621786479204559e+02
8.715980227158395621e+01 -1.335387405518931736e+01 1.781704262679253645e+02
8.681916957736972051e+01 -1.373530717662136169e+01 1.786737469364344406e+02
8.648097197361191490e+01 -1.411546430034830735e+01 1.791721639723668602e+02
8.614520300003540854e+01 -1.449434454811232875e+01 1.796656947770864576e+02
8.581186358436877981e+01 -1.487194022240089275e+01 1.801543560468078624e+02
