2.540000000000000000e+02 7.000000000000000000e+00 0.000000000000000000e+00
2.514749133679691795e+02 7.666681857140415168e+00 2.044445305076621811e+00
2.489573946263723201e+02 8.327769645890526817e+00 4.082694166483119780e+00
2.464465854872632917e+02 8.975676303463737682e+00 6.117143476120110002e+00
2.439424857802630413e+02 9.609525386401404745e+00 8.147992854407902996e+00
2.414452067649093863e+02 1.022936383656616854e+01 1.017514505105835099e+01
2.389548595500082513e+02 1.083524718295618783e+01 1.219850107531220118e+01
2.364715540420333753e+02 1.142723144386249245e+01 1.421796285956402883e+01
2.339953989458788044e+02 1.200537312400886769e+01 1.623343325913071666e+01
2.315265017658578302e+02 1.256972921134406995e+01 1.824481605186756994e+01
2.290649688084109812e+02 1.312035716304534816e+01 2.025201593783717158e+01
2.266109051833840056e+02 1.365731489955735967e+01 2.225493853906989372e+01
2.241644148049985006e+02 1.418066080220696001e+01 2.425349039908655868e+01
2.217256003940597964e+02 1.469045370416063356e+01 2.624757898231188236e+01
2.192944886474845418e+02 1.518638044007825449e+01 2.823710241394403653e+01
2.168701428480132165e+02 1.566320122380112601e+01 3.022180005746081122e+01
2.144524717022903531e+02 1.611959120665647660e+01 3.220146806934121742e+01
2.120413639437257984e+02 1.655489992904961838e+01 3.417604647561124409e+01
2.096353567127763426e+02 1.696495052527532721e+01 3.614589704979663054e+01
2.072346890365697334e+02 1.734980059142811371e+01 3.811080837271500599e+01
2.048396467371849781e+02 1.770964021770999608e+01 4.007055608863456087e+01
2.024505205722201708e+02 1.804468285907699254e+01 4.202491599350068441e+01
2.000675972938115592e+02 1.835514324854987933e+01 4.397366709312565547e+01
1.976911779989935098e+02 1.864113600758474831e+01 4.591653425838018165e+01
1.953209297153366322e+02 1.890626638994339359e+01 4.785521784192090422e+01
1.929559818656506707e+02 1.915579349949844712e+01 4.979259085860309142e+01
1.905967812336004670e+02 1.938488739860363452e+01 5.172898387339864712e+01
1.882455231677464838e+02 1.959174203997190489e+01 5.366641767898273940e+01
1.859022290918505860e+02 1.977662054489496057e+01 5.560474646340280458e+01
1.835676123883205832e+02 1.993926564432052473e+01 5.754355262348601485e+01
1.812430543626144583e+02 2.007891566827597529e+01 5.948215461155479744e+01
1.789295064243461866e+02 2.019515101549868419e+01 6.142003470409182597e+01
1.766274573584058771e+02 2.028791704594224043e+01 6.335685267573897761e+01
1.743370912933424961e+02 2.035739278164126986e+01 6.529238797466365440e+01
1.720585950221985172e+02 2.040375456268477095e+01 6.722641972492552043e+01
1.697928392280069545e+02 2.042711089787294654e+01 6.915846423725237457e+01
1.675443464111212393e+02 2.042722074136826294e+01 7.108663183925882834e+01
1.653144481940517778e+02 2.040418554049353261e+01 7.301026533924094508e+01
1.631035640571851388e+02 2.035820150411539586e+01 7.492906055617243055e+01
1.609118516128848455e+02 2.028949307919941702e+01 7.684281556359454157e+01
1.587444990336930459e+02 2.019647584267359619e+01 7.874875778111650959e+01
1.566135204428624377e+02 2.007526481379527894e+01 8.064064358294702117e+01
1.545218019103351139e+02 1.992525053225196885e+01 8.251683654371433363e+01
1.524687095880121319e+02 1.974707986736286713e+01 8.437748138178304202e+01
1.504539850249708479e+02 1.954125615792699477e+01 8.622253696043358673e+01
1.484773930700063147e+02 1.930827081124872535e+01 8.805195239214086200e+01
1.465386816874900262e+02 1.904861676439760387e+01 8.986568765424519256e+01
1.446375959530123509e+02 1.876278341545941686e+01 9.166370652951532350e+01
1.427738782110806426e+02 1.845125657006425612e+01 9.344597651299068275e+01
1.409472681839005475e+02 1.811451840595556462e+01 9.521246874703825824e+01
1.391575029853176488e+02 1.775304747265121463e+01 9.696315801107937205e+01
1.374043172481770227e+02 1.736731865315377377e+01 9.869802264407631753e+01
1.356874433167570828e+02 1.695780310337246277e+01 1.004170444286787500e+02
1.340066112532357465e+02 1.652496825135304448e+01 1.021202085867448801e+02
1.323615035246283469e+02 1.606937810369465325e+01 1.038075752945652823e+02
1.307506284580723275e+02 1.559416066240660648e+01 1.054810618744289314e+02
1.291728561254633121e+02 1.510157417190930751e+01 1.071420304566936466e+02
1.276277605830624395e+02 1.459229763840544436e+01 1.087907385801393758e+02
1.261151499213790999e+02 1.406634787947207599e+01 1.104271212464768865e+02
1.246347781493338260e+02 1.352471139881183859e+01 1.120509267010906740e+02
1.231863973291808207e+02 1.296865151678966654e+01 1.136618025802149532e+02
1.217697374912374642e+02 1.239875816376410178e+01 1.152596425193143972e+02
1.203845219048964026e+02 1.181529858295946056e+01 1.168444558237812032e+02
1.190304679123215976e+02 1.121853023736038679e+01 1.184162630193606276e+02
1.177073320428557963e+02 1.060866409477034189e+01 1.199750564733965348e+02
1.164159087889542548e+02 9.984824661769280851e+00 1.215200001898740965e+02
1.151562099309858667e+02 9.346966832792881874e+00 1.230508722653282803e+02
1.139278748739171476e+02 8.695435387256539528e+00 1.245677477616505655e+02
1.127304911113249091e+02 8.030570282883688904e+00 1.260706738019005257e+02
1.115581371040353673e+02 7.355358854772196864e+00 1.275609984342180070e+02
1.104018993322617348e+02 6.674826661101559644e+00 1.290419370824927796e+02
1.092607080923631315e+02 5.989700723251182524e+00 1.305139949119966332e+02
1.081345123261495331e+02 5.300069289816156548e+00 1.319771780147929405e+02
1.070232567232955176e+02 4.606023401389236938e+00 1.334314972255722296e+02
1.059256602696662242e+02 3.908286641707627407e+00 1.348776316990974919e+02
1.048344565075015140e+02 3.210651229090534908e+00 1.363195309153300343e+02
1.037482178866146540e+02 2.513853309047112017e+00 1.377579752210198762e+02
1.026669350436070687e+02 1.817892468977794884e+00 1.391929732975276011e+02
1.015905965213406716e+02 1.122769333918957502e+00 1.406245349841772736e+02
1.005191908534095688e+02 4.284845032514253416e-01 1.420526701373289882e+02
9.945270656468190396e+01 -2.649614490209656337e-01 1.434773886298798118e+02
9.839113217129978750e+01 -9.575679742713659737e-01 1.448987003512639831e+02
9.733445618067932514e+01 -1.649334549249916071e+00 1.463166152074527986e+02
9.628266709151061775e+01 -2.340260676083743885e+00 1.477311431209548402e+02
9.523575339375769033e+01 -3.030345882276966218e+00 1.491422940308155773e+02
9.419370356865860572e+01 -3.719589720710684944e+00 1.505500778926176224e+02
9.315650608872545035e+01 -4.407991769642996438e+00 1.519545046784808449e+02
9.212414941774422061e+01 -5.095551632708978929e+00 1.533555843770621436e+02
9.109662201070038634e+01 -5.782268938941642844e+00 1.547533269936193960e+02
9.007391231398312925e+01 -6.468143342535540796e+00 1.561477425497959644e+02
8.905600876740933813e+01 -7.153174521960679932e+00 1.575388410817884051e+02
8.804281033751965424e+01 -7.837298936545149530e+00 1.589267251358318447e+02
8.703373151229659754e+01 -8.520115121988867557e+00 1.603119984123730717e+02
8.602831790677984714e+01 -9.201321439147955417e+00 1.616951294880908847e+02
8.502642258403886899e+01 -9.880837161692360482e+00 1.630762693280843507e+02
8.402852661318084415e+01 -1.055815547303126323e+01 1.644554098445464092e+02
8.303542892021617661e+01 -1.123214196122902564e+01 1.658327024411818229e+02
8.204724703261977936e+01 -1.190260412203622487e+01 1.672082117827187062e+02
8.106396089675790506e+01 -1.256953753405319318e+01 1.685819862012930344e+02
8.008549030855955664e+01 -1.323301938138137501e+01 1.699540668617413530e+02
7.911179382243550151e+01 -1.389307500829974451e+01 1.713244984036670928e+02
7.814282322725101437e+01 -1.454973901471063691e+01 1.726933246210472248e+02
7.717853067398287692e+01 -1.520304574013347221e+01 1.740605890488146770e+02
7.621886855696131136e+01 -1.585302934904314398e+01 1.754263350569859767e+02
7.526378973174514897e+01 -1.649972367430744313e+01 1.767906056779171422e+02
7.431324751452117994e+01 -1.714316221761778536e+01 1.781534436068802165e+02
7.336719554843881497e+01 -1.778337824553981150e+01 1.795148913080506077e+02
7.242558780361009951e+01 -1.842040478951338045e+01 1.808749910145065485e+02
7.148837857710965693e+01 -1.905427464585257624e+01 1.822337847282297787e+02
7.055552249297474532e+01 -1.968502037574568675e+01 1.835913142201046924e+02
6.962697450220525752e+01 -2.031267430525524631e+01 1.849476210299192189e+02
6.870268988276365008e+01 -2.093726852531797178e+01 1.863027464663640842e+02
6.778262423957502847e+01 -2.155883489174484069e+01 1.876567316070333220e+02
6.686673350452710451e+01 -2.217740502522101664e+01 1.890096172984239900e+02
6.595497393647021056e+01 -2.279301031130590260e+01 1.903614441559363115e+02
6.504730212121725685e+01 -2.340568190043311603e+01 1.917122525638736477e+02
6.414367497154381681e+01 -2.401545070791048175e+01 1.930620826754423831e+02
6.324404972718804174e+01 -2.462234741392007464e+01 1.944109744127520969e+02
6.234838395485071771e+01 -2.522640246351814852e+01 1.957589674668154487e+02
6.145659357547773993e+01 -2.582769114278801936e+01 1.971060814201038909e+02
6.056892275485516564e+01 -2.642593686501075112e+01 1.984524886635511791e+02
5.968604562500508592e+01 -2.702039948517521850e+01 1.997985731861119802e+02
5.880804558270518356e+01 -2.761096882268728692e+01 2.011444586549768871e+02
5.793475252000931164e+01 -2.819780589829412065e+01 2.024901533742985578e+02
