2.540000000000000000e+02 7.000000000000000000e+00 0.000000000000000000e+00
2.526451891164487620e+02 7.467714097148635766e+00 9.478780908683359652e-01
2.512758702753317266e+02 7.940287687132838279e+00 1.907676293109437093e+00
2.498918717592877385e+02 8.417778921952470128e+00 2.879535023572614705e+00
2.484930198130267627e+02 8.900246643277867520e+00 3.863596365243578301e+00
2.470791320983957746e+02 9.387751875065509566e+00 4.860007381064527010e+00
2.456491035895890604e+02 9.880565909539587466e+00 5.869381869219063574e+00
2.441920961838887649e+02 1.037932049750656205e+01 6.899666969554524520e+00
2.426957519562893424e+02 1.088408973038478855e+01 7.961954448192273048e+00
2.411548911905473744e+02 1.139585750947128773e+01 9.060193528271815566e+00
2.395663237913029491e+02 1.191318525957455776e+01 1.019830499787168954e+01
2.379237537227753592e+02 1.243233584580520379e+01 1.138464658718667089e+01
2.362254494605573427e+02 1.295297895081130157e+01 1.262103880908747833e+01
2.344700507013612025e+02 1.347508158150925262e+01 1.390875660867208374e+01
2.326561666050714337e+02 1.399860962029655020e+01 1.524910384935893326e+01
2.307823735284619033e+02 1.452352773394816410e+01 1.664341546498258495e+01
2.288472148994563895e+02 1.504979936856411626e+01 1.809305757919683089e+01
2.268490184852491325e+02 1.557731328309899332e+01 1.959951967706032150e+01
2.247871423605204484e+02 1.610638300283990176e+01 2.116378647339707086e+01
2.226639112689651085e+02 1.663853976228973863e+01 2.278536395089907884e+01
2.204799027955824897e+02 1.717465201975150180e+01 2.446465872674308173e+01
2.182338455691345018e+02 1.771487129316343356e+01 2.620302822441499302e+01
2.159242039011145664e+02 1.825922055632912233e+01 2.800195372522926718e+01
2.135506160463996537e+02 1.880651246338659632e+01 2.986114304083937654e+01
2.111127949522299048e+02 1.935555555569622754e+01 3.178024381150363809e+01
2.086092460088055986e+02 1.990650495795679475e+01 3.376066243054158633e+01
2.060394886350758838e+02 2.045466369621139435e+01 3.581131492007264683e+01
2.034026880999620346e+02 2.099605979024332925e+01 3.793956475447253496e+01
2.006970927533207316e+02 2.153015070135587550e+01 4.014762270852182979e+01
1.979184466302149588e+02 2.205398592828949589e+01 4.244185267865311317e+01
1.950618540500454117e+02 2.256633010879718526e+01 4.482823740195050988e+01
1.921505201972279337e+02 2.305747583886417473e+01 4.728913469096351463e+01
1.892129842970022935e+02 2.351719215094601978e+01 4.980235559219591579e+01
1.862552589946506885e+02 2.394382386338158852e+01 5.236339187586687416e+01
1.832784625763575832e+02 2.433705318241294435e+01 5.497151984269944336e+01
1.802837785081154323e+02 2.469658959156791056e+01 5.762595548331440654e+01
1.772724010839295943e+02 2.502215465740378875e+01 6.032589444331244266e+01
1.742455348818603227e+02 2.531348221868292470e+01 6.307051233418281555e+01
1.712043942822152189e+02 2.557031855372928320e+01 6.585896500887055538e+01
1.681640361140899529e+02 2.578756698443403295e+01 6.868225853826193372e+01
1.651751623147728765e+02 2.594808986069819312e+01 7.151003545663296279e+01
1.622433638920289241e+02 2.605110793690271720e+01 7.433799140472430622e+01
1.593699598083855449e+02 2.609737026624812728e+01 7.716430704278560881e+01
1.565567101695658607e+02 2.608751227738640921e+01 7.998687735653003017e+01
1.538169233408269179e+02 2.601900258137588295e+01 8.279629551020659051e+01
1.511580348574497918e+02 2.589335075485409732e+01 8.558799855378136101e+01
1.485803208462248506e+02 2.571371471048588830e+01 8.836154855647551187e+01
1.460802315445991724e+02 2.548842375556235140e+01 9.112051673180297939e+01
1.436476923714257055e+02 2.523226549296811072e+01 9.386191493470329306e+01
1.412803733888044633e+02 2.494824594379565852e+01 9.658094018779468115e+01
1.389799365166796008e+02 2.463458695269315513e+01 9.927430220545691952e+01
1.367459378752524231e+02 2.429173855340788890e+01 1.019416777193229677e+02
1.346000528435272940e+02 2.391773901079124443e+01 1.045637435636452608e+02
1.325676525757517652e+02 2.351047086205609915e+01 1.071175924083698447e+02
1.306401115435592715e+02 2.306718746856066105e+01 1.096028566237536381e+02
1.288131607065560047e+02 2.258560691903352691e+01 1.120136432608801442e+02
1.270897439760719152e+02 2.206943698061315828e+01 1.143449376208024830e+02
1.254686337239268994e+02 2.151958042640978164e+01 1.165959732376756790e+02
1.239584940214253947e+02 2.093489448030707578e+01 1.187559699758606087e+02
1.225561504773567947e+02 2.031703981519837754e+01 1.208267921028816261e+02
1.212576705144113589e+02 1.966781730568232689e+01 1.228111748114591961e+02
1.200591764894720228e+02 1.898898068789793570e+01 1.247118448816586493e+02
1.189569067208843620e+02 1.828222252766298439e+01 1.265314550411461312e+02
1.179414466765806253e+02 1.755215665496463373e+01 1.282753280023003413e+02
1.169778245374479297e+02 1.681626141429145704e+01 1.299618756070297536e+02
1.160365971261161633e+02 1.608780135916887843e+01 1.316089660425452337e+02
1.151135979649704097e+02 1.536838342407457780e+01 1.332193687822413608e+02
1.142085426900393514e+02 1.465788897235714749e+01 1.347936798459633962e+02
1.133211538517358576e+02 1.395619951154468197e+01 1.363324823978940969e+02
1.124511580028111126e+02 1.326319815610376196e+01 1.378363510595398793e+02
1.115982856661734957e+02 1.257876961484420875e+01 1.393058519788401668e+02
1.107622155080973840e+02 1.190363076948577614e+01 1.407420603825052865e+02
1.099425259761734139e+02 1.123973423915865411e+01 1.421468555835024574e+02
1.091388795120019637e+02 1.058749679824583545e+01 1.435211981439244084e+02
1.083509862791243137e+02 9.946595766542928985e+00 1.448655907009434713e+02
1.075785560499594453e+02 9.316839772307167422e+00 1.461805992202229731e+02
1.068213042877419809e+02 8.698026533667135851e+00 1.474667715348794843e+02
1.060789513682171332e+02 8.089957255103241707e+00 1.487246460045061838e+02
1.053512234131860055e+02 7.492437218865506843e+00 1.499547499073727863e+02
1.046378515174354078e+02 6.905275236463136679e+00 1.511576009315756721e+02
1.039385714516176904e+02 6.328283437851429660e+00 1.523337077481435813e+02
1.032531236622507578e+02 5.761277271431769265e+00 1.534835700110375001e+02
1.025812532717180545e+02 5.204075504051620449e+00 1.546076783571510873e+02
1.019227100782686364e+02 4.656500221004545637e+00 1.557065144063101911e+02
1.012772485722366724e+02 4.118376837537903512e+00 1.567805507299860608e+02
1.006446279211884587e+02 3.589534088311082005e+00 1.578302508799387738e+02
1.000246115847642301e+02 3.069803754120336681e+00 1.588560701311414221e+02
9.941696727702826308e+01 2.559020635184054537e+00 1.598584555544000523e+02
9.882146697238373179e+01 2.057022555339039993e+00 1.608378460049431169e+02
9.823791275690800262e+01 1.563682478747826510e+00 1.617947282152228468e+02
9.766639150125999436e+01 1.079225872634129502e+00 1.627301986127977216e+02
9.710684881919803502e+01 6.037036234150339187e-01 1.636450580108303825e+02
9.655906599370405274e+01 1.369614084842084856e-01 1.645397437598897739e+02
9.602280504805058570e+01 -3.211812709234174723e-01 1.654146339698676513e+02
9.549784272584692246e+01 -7.708889511387456706e-01 1.662701205524969623e+02
9.498395839149078768e+01 -1.212325072610910048e+00 1.671065843674163887e+02
9.448093573009704471e+01 -1.645649876952738122e+00 1.679243988132242578e+02
9.398856263353896168e+01 -2.071020491305034295e+00 1.687239300242651154e+02
9.350663723123322768e+01 -2.488583180608607837e+00 1.695055377097417590e+02
9.303495780918427727e+01 -2.898485958058941492e+00 1.702695749612315979e+02
9.257309876743963173e+01 -3.301165013005610938e+00 1.710163616953232975e+02
9.212070640503371521e+01 -3.696969550515563974e+00 1.717462088778024736e+02
9.167755798724373051e+01 -4.086086012105767828e+00 1.724594264708519802e+02
9.124348272116974101e+01 -4.468636545767914470e+00 1.731563233140025204e+02
9.081831370318869290e+01 -4.844740145277552479e+00 1.738372024812067593e+02
9.040188704694024580e+01 -5.214513655203029785e+00 1.745023615657428024e+02
8.999404175579728360e+01 -5.578071862565458616e+00 1.751520929092969823e+02
8.959461992780252615e+01 -5.935527350936024682e+00 1.757866832294940593e+02
8.920346671121801307e+01 -6.286990532083622796e+00 1.764064137006909618e+02
8.882042993797817587e+01 -6.632569906931348847e+00 1.770115606201577236e+02
8.844536012149650617e+01 -6.972372067118184802e+00 1.776023954120649933e+02
8.807811045666562677e+01 -7.306501694998998708e+00 1.781791846274835791e+02
8.771853681985726325e+01 -7.635061563644555349e+00 1.787421899443849611e+02
8.736649777610844581e+01 -7.958152531725350087e+00 1.792916681545789857e+02
8.702185458061386214e+01 -8.275873542449959430e+00 1.798278711610043672e+02
8.668447095976873129e+01 -8.588321779447761983e+00 1.803510463756717570e+02
8.635421709471839335e+01 -8.895589475449845906e+00 1.808614300337218310e+02
8.603028330588158212e+01 -9.198313771478002110e+00 1.813603990424952883e+02
8.570904594275580735e+01 -9.499389856865066761e+00 1.818540474673600613e+02
8.539022802076914331e+01 -9.799035511343115346e+00 1.823428466251149018e+02
8.507380152411424490e+01 -1.009726910787425602e+01 1.828268498911783411e+02
8.475975224830590093e+01 -1.039409800434153297e+01 1.833060873829695083e+02
8.444806607297292089e+01 -1.068952951691272801e+01 1.837805890366491894e+02
8.413872895424340470e+01 -1.098357092376555144e+01 1.842503846236091078e+02
