2.540000000000000000e+02 7.000000000000000000e+00 0.000000000000000000e+00
2.527358666662215398e+02 7.439190448450619719e+00 8.602876520391754545e-01
2.514612535057985667e+02 7.882050406904503426e+00 1.729949732748403468e+00
2.501760541330990861e+02 8.328617879546101221e+00 2.609080196560621623e+00
2.488801748334547597e+02 8.778928049930000199e+00 3.497765004607476413e+00
2.475730431669771860e+02 9.233127850695813876e+00 4.396401846475227693e+00
2.462514349692492601e+02 9.691983855348885513e+00 5.307116831405873647e+00
2.449144355811353648e+02 1.015572606039339121e+01 6.230537643828446548e+00
2.435618457454949350e+02 1.062441804152667757e+01 7.166827285531788050e+00
2.421908131319785582e+02 1.109707180588995712e+01 8.119056050738119978e+00
2.407839005426891674e+02 1.156934677508533049e+01 9.104892412480650066e+00
2.393338902371131098e+02 1.204128340135344288e+01 1.013032637532809765e+01
2.378330900181483685e+02 1.251409411605970945e+01 1.120136631833053009e+01
2.362789513778968171e+02 1.298797398998226527e+01 1.232016983651114117e+01
2.346702177170762695e+02 1.346286098391480479e+01 1.348792864395786140e+01
2.330054770397018729e+02 1.393871546678635731e+01 1.470595749070426805e+01
2.312832978493439953e+02 1.441549361801776641e+01 1.597559220416008152e+01
2.295022149995994312e+02 1.489315020373971699e+01 1.729820029910959889e+01
2.276607269488663690e+02 1.537163845338019108e+01 1.867518356888718856e+01
2.257572955793629319e+02 1.585091005153110189e+01 2.010797825620029755e+01
2.237909377667117212e+02 1.633110337736157547e+01 2.159773054901221201e+01
2.217652893221743398e+02 1.681384503894754090e+01 2.314306416110043685e+01
2.196802153573728447e+02 1.729958857981156584e+01 2.474468078844956764e+01
2.175343221287232893e+02 1.778840126384496045e+01 2.640398841978742794e+01
2.153261156548983877e+02 1.828033139627523695e+01 2.812246637659114512e+01
2.130540017168275995e+02 1.877540832366608115e+01 2.990166531308716102e+01
2.107164417375653898e+02 1.927352850874401113e+01 3.174300363817967607e+01
2.083136380101314842e+02 1.977296179918167240e+01 3.364537095041306003e+01
2.058447339276525838e+02 2.027307977415122409e+01 3.560926702295042645e+01
2.033102137298921832e+02 2.077383580377454564e+01 3.763957696649866591e+01
2.007088662025051917e+02 2.126999938565912984e+01 3.974516101591328976e+01
1.980359407475558271e+02 2.175566323518691192e+01 4.193392974213824687e+01
1.952876027431191233e+02 2.222811894956156564e+01 4.421160594616385708e+01
1.924665418388651688e+02 2.268644786403693558e+01 4.657707420945847332e+01
1.896133049716970049e+02 2.312032700453205436e+01 4.899947656531841034e+01
1.867401706023219674e+02 2.352108516435540508e+01 5.146851015120964234e+01
1.838482315175903921e+02 2.388809549757330331e+01 5.398339201698686907e+01
1.809387086844467660e+02 2.422108861960039405e+01 5.654329163913236300e+01
1.780128335042426500e+02 2.451980831869992983e+01 5.914735805546913383e+01
1.750718473402698407e+02 2.478401169606970100e+01 6.179472015583600353e+01
1.721170010795049734e+02 2.501346928180770490e+01 6.448448696375973554e+01
1.691572417864254305e+02 2.520527836514716924e+01 6.721122710010843093e+01
1.662446983373107514e+02 2.534187049515830026e+01 6.994375184423840608e+01
1.633887733435926179e+02 2.542181934016854683e+01 7.267586253973588839e+01
1.605903980022975759e+02 2.545136685389942954e+01 7.540911265965365828e+01
1.578504814235664071e+02 2.543321977691122271e+01 7.814319694939119643e+01
1.551823169473927067e+02 2.536235267536878624e+01 8.086742720125603512e+01
1.525933903635937838e+02 2.523672396028978682e+01 8.357521140816216132e+01
1.500843809632378907e+02 2.505747039789977038e+01 8.626492503139016321e+01
1.476546627497062900e+02 2.482763901066599388e+01 8.893611506966287550e+01
1.452987683986172840e+02 2.455805507172424029e+01 9.159291955443323729e+01
1.430141549943221264e+02 2.425131041793580522e+01 9.423265042089691690e+01
1.407916786838583789e+02 2.391418020294076285e+01 9.684730203077576505e+01
1.386306605173090531e+02 2.354804347990672397e+01 9.943555238863125112e+01
1.365278834935625980e+02 2.315109747093209336e+01 1.019955849181791621e+02
1.344840470203600375e+02 2.271993820213523207e+01 1.045203584219323147e+02
1.325339739830843655e+02 2.224985452201536518e+01 1.069755183529245954e+02
1.306812181510216533e+02 2.174152461129101610e+01 1.093567054097212150e+02
1.289248758866390290e+02 2.119650348118963379e+01 1.116637170702616686e+02
1.272815814287099414e+02 2.061625407962432988e+01 1.138781296742953373e+02
1.257559005529119247e+02 2.000243548685711303e+01 1.159937636779849299e+02
1.243441085927217955e+02 1.935694630439329700e+01 1.180130419567558278e+02
1.230411774970255863e+02 1.868173996568786066e+01 1.199398014770856378e+02
1.218427700042167174e+02 1.797864390319394801e+01 1.217772180735911149e+02
1.207446574568053848e+02 1.724940103166425232e+01 1.235284165443325008e+02
1.197274894575145225e+02 1.650345989974772110e+01 1.252049470964632576e+02
1.187555523546227789e+02 1.575804139722327690e+01 1.268265017715600180e+02
1.178053957603107875e+02 1.502314972247795666e+01 1.284064865563776152e+02
1.168754533831287716e+02 1.429913081936594033e+01 1.299463247337369012e+02
1.159653617597480491e+02 1.358580794939176783e+01 1.314467709361599361e+02
1.150747636645639176e+02 1.288300731244736319e+01 1.329085666813662385e+02
1.142033080387084851e+02 1.219055801371188252e+01 1.343324405221114262e+02
1.133506499300467283e+02 1.150829203565488612e+01 1.357191081728083759e+02
1.125164531574871774e+02 1.083600442488578430e+01 1.370692486748230010e+02
1.117003387812444544e+02 1.017418534752956560e+01 1.383839487362052978e+02
1.109017838219661769e+02 9.525120543107426840e+00 1.396654173435913719e+02
1.101203991510708136e+02 8.888902104656418501e+00 1.409145701754661957e+02
1.093558267453084483e+02 8.265271841324423718e+00 1.421320953972385723e+02
1.086077161017089026e+02 7.653969799126646656e+00 1.433186634133238329e+02
1.078757247336740761e+02 7.054741962935962896e+00 1.444749292661842048e+02
1.071595170203935368e+02 6.467339404181140949e+00 1.456015348416526933e+02
1.064587640258298080e+02 5.891518146759017860e+00 1.466991092158845618e+02
1.057731434987183832e+02 5.327039167034501865e+00 1.477682686553571898e+02
1.051023398725677680e+02 4.773668393840574176e+00 1.488096166168702723e+02
1.044460442929446344e+02 4.231176728690098976e+00 1.498237436952455255e+02
1.038039545434518800e+02 3.699339990939990219e+00 1.508112277651985096e+02
1.031757732866800694e+02 3.177936991969426028e+00 1.517726321945427799e+02
1.025612179341927259e+02 2.666761706780082175e+00 1.527085270959952368e+02
1.019603449209609778e+02 2.166028399098237411e+00 1.536202346412592021e+02
1.013730240057473964e+02 1.675719137727351704e+00 1.545086594093274641e+02
1.007989671797569713e+02 1.195617305056812851e+00 1.553743313191488369e+02
1.002378852988429259e+02 7.255017876876433958e-01 1.562177520988800836e+02
9.968949502241260063e+01 2.651557198285280914e-01 1.570394118382683644e+02
9.915351930988281026e+01 -1.856329442703906207e-01 1.578397897234617631e+02
9.862968724758168548e+01 -6.270715627488803179e-01 1.586193543366059089e+02
9.811773364625619820e+01 -1.059363114068748724e+00 1.593785643524787474e+02
9.761739903355291403e+01 -1.482706202766640446e+00 1.601178685515048414e+02
9.712845621361346105e+01 -1.897261062550811950e+00 1.608377086283487927e+02
9.665056194509998022e+01 -2.303338893232043105e+00 1.615385053612541526e+02
9.618322870156788440e+01 -2.701439849015910166e+00 1.622206490426888763e+02
9.572613208074986346e+01 -3.091861227299895987e+00 1.628845259804905083e+02
9.527905564462012933e+01 -3.474766150556906741e+00 1.635305195433055587e+02
9.484178896472613474e+01 -3.850312103072282888e+00 1.641590064131484326e+02
9.441412848570628569e+01 -4.218650183685074495e+00 1.647703553956979761e+02
9.399587479988636574e+01 -4.579928415107547224e+00 1.653649277724982198e+02
9.358683260047169483e+01 -4.934291778638379533e+00 1.659430773858766202e+02
9.318681093843341046e+01 -5.281882023656436331e+00 1.665051501728919163e+02
9.279562265975847879e+01 -5.622838084953348137e+00 1.670514851862988337e+02
9.241308434437641495e+01 -5.957296128024812454e+00 1.675824147053499189e+02
9.203901630615941087e+01 -6.285389549070597326e+00 1.680982642357957104e+02
9.167324259292229272e+01 -6.607248974994528901e+00 1.685993525098845964e+02
9.131559084298706352e+01 -6.923002369775957732e+00 1.690859917465892863e+02
9.096589253698832067e+01 -7.232774847731262113e+00 1.695584871947683325e+02
9.062398271205165656e+01 -7.536688885478853628e+00 1.700171376517194801e+02
9.028969963445597102e+01 -7.834864564690175115e+00 1.704622360570473631e+02
8.996288479963202178e+01 -8.127419572090889943e+00 1.708940694926664321e+02
8.964338293216256659e+01 -8.414469199460896220e+00 1.713129191828008686e+02
8.933104198578226374e+01 -8.696126343634318800e+00 1.717190604939846423e+02
8.902571317477652713e+01 -8.972501483214131213e+00 1.721127628780951397e+02
8.872729824307545243e+01 -9.243664429066182464e+00 1.724942115096465614e+02
8.843324854147923020e+01 -9.511666736849019088e+00 1.728676562577037998e+02
8.814174725939528798e+01 -9.777972368298705419e+00 1.732361234464289623e+02
8.785275066122972021e+01 -1.004260790899527578e+01 1.735996719867110585e+02
8.756623903961501298e+01 -1.030558512824585193e+01 1.739583405465087651e+02
