2.540000000000000000e+02 7.000000000000000000e+00 0.000000000000000000e+00
2.526965575047936738e+02 7.500114868896077702e+00 8.910926757058027503e-01
2.513820524098310898e+02 8.004271344856714876e+00 1.791751733680558178e+00
2.500561970710169248e+02 8.512552236176141207e+00 2.702184688495107956e+00
2.487157034977308001e+02 9.025742060502516040e+00 3.624529817878217486e+00
2.473591993483296392e+02 9.544188295983156323e+00 4.559694534965297308e+00
2.459858811641207126e+02 1.006769975430645658e+01 5.508417622882912923e+00
2.445949414874002628e+02 1.059608392592941861e+01 6.471442054905685914e+00
2.431830271344109349e+02 1.112905053214004525e+01 7.451870409829056463e+00
2.417304330487554012e+02 1.166728791971028834e+01 8.465648185191643194e+00
2.402250071842692023e+02 1.220861893503007600e+01 9.524981330365623222e+00
2.386619422617258124e+02 1.275062952349674106e+01 1.063593449893012455e+01
2.370397583466640583e+02 1.329324178357418340e+01 1.179989689153044985e+01
2.353569397935834502e+02 1.383637526123655270e+01 1.301829168255760649e+01
2.336119350686368819e+02 1.437994693628496279e+01 1.429257618950877173e+01
2.318031561773832152e+02 1.492387117789719575e+01 1.562424241978103368e+01
2.299289784396726475e+02 1.546805972677564078e+01 1.701481728601735455e+01
2.279877392662300792e+02 1.601242160058924213e+01 1.846586377478820395e+01
2.259777358937542431e+02 1.655686291853210079e+01 1.997898311041822339e+01
2.238972253494040956e+02 1.710128689856996687e+01 2.155581478891699021e+01
2.217440602744688078e+02 1.764554773492797324e+01 2.319828830551407606e+01
2.195206054196073353e+02 1.819000313034500138e+01 2.490517362200239759e+01
2.172322144565651456e+02 1.873502302650960161e+01 2.667287543132458794e+01
2.148782276925967949e+02 1.928036251027325321e+01 2.850204829537475248e+01
2.124572211075309269e+02 1.982595953601879657e+01 3.039409725699057319e+01
2.099677160022451403e+02 2.037173600442865862e+01 3.235046539129676546e+01
2.074082036104671261e+02 2.091761163070097140e+01 3.437262551471239647e+01
2.047771256597817171e+02 2.146365643894927189e+01 3.646185387457870064e+01
2.020732911716170292e+02 2.200691050285943717e+01 3.862401609876432929e+01
1.992961462830672588e+02 2.254075742210276800e+01 4.087072421284291579e+01
1.964434489636612113e+02 2.306391929000571395e+01 4.320587516951655971e+01
1.935368737079141397e+02 2.356922346959186854e+01 4.561711151563704192e+01
1.906081065348662378e+02 2.405149820204873023e+01 4.808163026587034494e+01
1.876591046123566855e+02 2.450640941341740131e+01 5.059765361381237625e+01
1.846904494939614949e+02 2.492605731768002997e+01 5.316381681224410016e+01
1.817034090113665457e+02 2.530948050209863709e+01 5.577917982329083912e+01
1.786993215833521731e+02 2.565647449749298659e+01 5.844284082736520958e+01
1.756795274287950122e+02 2.596675476966228402e+01 6.115386869763568711e+01
1.726453781755755301e+02 2.624006299921822460e+01 6.391131041527571455e+01
1.695975054272739158e+02 2.647639445251089541e+01 6.671462086816121939e+01
1.665742563369591949e+02 2.666304735996778419e+01 6.954136092243408029e+01
1.636098609010899168e+02 2.678940369289240309e+01 7.237085504154140381e+01
1.607071325638762005e+02 2.685696709316166775e+01 7.520098859541862168e+01
1.578707661248595002e+02 2.687088848176914624e+01 7.803073029644778558e+01
1.551154013088326735e+02 2.682702247499535630e+01 8.084912953624581178e+01
1.524453078190670112e+02 2.672498028797325631e+01 8.365186354918924394e+01
1.498609593512783533e+02 2.656607744887149991e+01 8.643729473156675169e+01
1.473572321946583088e+02 2.636073491482462217e+01 8.920887651716537903e+01
1.449310136476099444e+02 2.611536492831205436e+01 9.196841229687801444e+01
1.425810610256538098e+02 2.583069728970430035e+01 9.471518964339385604e+01
1.402962820695595383e+02 2.551548930719667752e+01 9.744350972504331310e+01
1.380702112332321008e+02 2.517176146389354230e+01 1.001492015274624521e+02
1.358977603868276276e+02 2.479494747805711086e+01 1.028284711058452245e+02
1.337813702136537586e+02 2.438359986009670521e+01 1.054776996198627046e+02
1.317329077546999088e+02 2.393660107022615691e+01 1.080848936531732107e+02
1.297882553902298923e+02 2.344998635366225415e+01 1.106147716796642300e+02
1.279469505133449161e+02 2.292498380103121747e+01 1.130666633657168347e+02
1.262139491071288546e+02 2.236517623758707174e+01 1.154346024998261271e+02
1.245926680655400105e+02 2.177387803953653389e+01 1.177140444906660974e+02
1.230931969439391622e+02 2.115005668642908176e+01 1.198926722455381082e+02
1.217138061102803590e+02 2.049503361293145787e+01 1.219705647000197928e+02
1.204491497669527149e+02 1.981079273764840920e+01 1.239517036454137724e+02
1.192942655636375235e+02 1.909919970278077983e+01 1.258397333005336378e+02
1.182374101169220353e+02 1.836547578092806887e+01 1.276428008653010124e+02
1.172296087712516197e+02 1.763258122417510165e+01 1.293873468515567424e+02
1.162441639346429838e+02 1.691217469779008553e+01 1.310879804744669457e+02
1.152804158326379138e+02 1.620411117778201060e+01 1.327457112331722442e+02
1.143379349544257764e+02 1.550815630430802017e+01 1.343614092338921182e+02
1.134163000512925947e+02 1.482408019055619697e+01 1.359359277735722458e+02
1.125150955379125719e+02 1.415169744762158999e+01 1.374701261693331560e+02
1.116336687239732868e+02 1.349380816022653562e+01 1.389666495058640692e+02
1.107714728952996950e+02 1.285136281559938709e+01 1.404271137526410484e+02
1.099280659350373242e+02 1.222400545579812459e+01 1.418523482098813986e+02
1.091030157610682778e+02 1.161138891366111991e+01 1.432431636226297655e+02
1.082959010461511724e+02 1.101317466332988104e+01 1.446003505557530104e+02
1.075063096708952202e+02 1.042903157724845542e+01 1.459246822967395758e+02
1.067338386411162077e+02 9.858635859760669362e+00 1.472169150107710891e+02
1.059780940878364532e+02 9.301671047110145807e+00 1.484777877407223343e+02
1.052386912675520989e+02 8.757828007655158231e+00 1.497080224066597225e+02
1.045152546335190493e+02 8.226804999144972541e+00 1.509083236720817354e+02
1.038074173896637831e+02 7.708307310297625392e+00 1.520793797809500347e+02
1.031148209481798830e+02 7.202046824990508078e+00 1.532218635754412333e+02
1.024370921194067421e+02 6.707713605248225797e+00 1.543363792218838739e+02
1.017738547121970214e+02 6.224989943793345581e+00 1.554234861069436988e+02
1.011249481457017794e+02 5.753823515452499038e+00 1.564842162463343982e+02
1.004902020527856479e+02 5.294147996186295835e+00 1.575195596265873235e+02
9.986940946196490643e+01 4.845849727971346610e+00 1.585304021899945610e+02
9.926232679740751053e+01 4.408767718800266522e+00 1.595175258346088754e+02
9.866867362288613208e+01 3.982693284628800789e+00 1.604816074881089776e+02
9.808813318244537527e+01 3.567369156220337789e+00 1.614232073240550847e+02
9.752038943999556864e+01 3.162535352733337746e+00 1.623428534329034960e+02
9.696513649243652821e+01 2.767941552055281473e+00 1.632410693113724278e+02
9.642207577656382966e+01 2.383343438257270019e+00 1.641183658953193572e+02
9.589091587819041251e+01 2.008502545398703987e+00 1.649752418863999708e+02
9.537134594093518558e+01 1.643153074805209890e+00 1.658121824915447746e+02
9.486277900796939377e+01 1.286678828414756559e+00 1.666296363985105700e+02
9.436487055700594340e+01 9.387608403859852846e-01 1.674280432240302616e+02
9.387737584318381323e+01 5.992021948867435333e-01 1.682078373357286125e+02
9.340005638957839551e+01 2.678113695666831107e-01 1.689694434217225023e+02
9.293267997713179795e+01 -5.559777582632866033e-02 1.697132764949433295e+02
9.247501973973909628e+01 -3.712070778053017106e-01 1.704397420536852792e+02
9.202685382743582920e+01 -6.791945196312494382e-01 1.711492359406962862e+02
9.158796547827819268e+01 -9.797339514779117575e-01 1.718421451317456672e+02
9.115814274348807089e+01 -1.272995363226776977e+00 1.725188480099207595e+02
9.073717848745317838e+01 -1.559144884467083214e+00 1.731797143656270066e+02
9.032487032580515063e+01 -1.838344834159056029e+00 1.738251055071339408e+02
8.992102066730680576e+01 -2.110753687038432247e+00 1.744553741857946818e+02
8.952543641836862776e+01 -2.376526310603391590e+00 1.750708651235584910e+02
8.913792875398661408e+01 -2.635814148828204306e+00 1.756719154219019003e+02
8.875831311729521644e+01 -2.888765222521860743e+00 1.762588545626269081e+02
8.838640916508649070e+01 -3.135524173023160444e+00 1.768320045051214890e+02
8.802204079481529675e+01 -3.376232240542142993e+00 1.773916796381529082e+02
8.766503604359196800e+01 -3.611027345170244374e+00 1.779381869601849644e+02
8.731522671290797177e+01 -3.840044387861138109e+00 1.784718267493383905e+02
8.697244835684720954e+01 -4.063415259885330144e+00 1.789928925844354808e+02
8.663654028208625846e+01 -4.281268842830164623e+00 1.795016713449998065e+02
8.630734544252958074e+01 -4.493731093105155061e+00 1.799984433993588198e+02
8.598471060606003391e+01 -4.700924908203510277e+00 1.804834823069512311e+02
8.566848607228021706e+01 -4.902970353081392396e+00 1.809570553222305591e+02
8.535852539655478211e+01 -5.099984881483651478e+00 1.814194238873159009e+02
8.505468538996851180e+01 -5.292083335977450176e+00 1.818708436320670501e+02
8.475682611932622024e+01 -5.479377947952258410e+00 1.823115643740846394e+02
8.446481092039675787e+01 -5.661978326998245770e+00 1.827418300950665753e+02
8.417850634552237921e+01 -5.839991502923821187e+00 1.831618790343376588e+02
