2.540000000000000000e+02 7.000000000000000000e+00 0.000000000000000000e+00
2.527317104632489020e+02 7.481604088206662340e+00 8.362679072021437232e-01
2.514521757238991597e+02 7.967315870404040545e+00 1.682415905281910762e+00
2.501612796150062934e+02 8.457179917107472633e+00 2.538544891882076548e+00
2.488589047345169547e+02 8.951241268967150333e+00 3.404756834541297739e+00
2.475449324345524076e+02 9.449545440845874111e+00 4.281154779974568392e+00
2.462192428058311862e+02 9.952138427755679473e+00 5.167842867583251731e+00
2.448814249527362392e+02 1.045913801871028959e+01 6.065112477432109905e+00
2.435275204312038682e+02 1.097133925973080970e+01 6.975647529133372160e+00
2.421523829680532742e+02 1.148730294644194849e+01 7.904840296158783808e+00
2.407397857151817959e+02 1.200182037580846917e+01 8.871038642275843600e+00
2.392816342929085067e+02 1.251512028275648447e+01 9.881466868886921162e+00
2.377705454908334559e+02 1.302837736597884266e+01 1.094155612314665760e+01
2.362009310277361749e+02 1.354247209744163172e+01 1.205487460040560066e+01
2.345709058402624123e+02 1.405740001620046975e+01 1.322309810577231914e+01
2.328787968602979390e+02 1.457309462932813027e+01 1.444781255448770096e+01
2.311228900749350998e+02 1.508948694672808166e+01 1.573064358286821651e+01
2.293014260493576444e+02 1.560650555604173917e+01 1.707326034316860230e+01
2.274125990475000094e+02 1.612407657285681850e+01 1.847737634815166174e+01
2.254545569736700372e+02 1.664212363735648026e+01 1.994474952719030725e+01
2.234254000518872090e+02 1.716056783900290483e+01 2.147718349510124014e+01
2.213233701954857793e+02 1.767937071538857197e+01 2.307641310857409778e+01
2.191533605530686657e+02 1.820001087484479640e+01 2.474012731425989386e+01
2.169164933803192241e+02 1.872313258174183304e+01 2.646830923433950744e+01
2.146120796246977420e+02 1.924793178725655451e+01 2.826122834341976997e+01
2.122398198954232384e+02 1.977329627472746054e+01 3.011860363786330197e+01
2.097983929592499521e+02 2.029894016472584894e+01 3.204161826574436844e+01
2.072863007852893134e+02 2.082469819350655271e+01 3.403169816338571252e+01
2.047018946358400058e+02 2.135052215159673850e+01 3.609054141192380172e+01
2.020434531165057592e+02 2.187635629576989160e+01 3.821981125340324326e+01
1.993126131717721421e+02 2.240219901462406682e+01 4.042663521673416227e+01
1.965076111095954445e+02 2.292399551786462553e+01 4.271837200057262152e+01
1.936429669491719494e+02 2.343050144750458941e+01 4.509041241027928493e+01
1.907567428587157394e+02 2.391366561457279971e+01 4.751661919430154057e+01
1.878503016503162542e+02 2.437307693727842306e+01 4.999628278009537041e+01
1.849243649364524060e+02 2.480727629782581545e+01 5.252902188733160216e+01
1.819795209033131016e+02 2.520796075664785718e+01 5.511369782925769556e+01
1.790169220512944150e+02 2.557190632481394132e+01 5.774923298711325259e+01
1.760379260617968100e+02 2.589879919301878175e+01 6.043469972207790875e+01
1.730439029178117778e+02 2.618835874319300672e+01 6.316914703558830979e+01
1.700363572787229032e+02 2.644028203466533000e+01 6.595153146374160258e+01
1.670553139826740221e+02 2.664264817249762274e+01 6.875923853072110603e+01
1.641356402747643415e+02 2.679073377212552742e+01 7.157457850301544511e+01
1.612785746283378217e+02 2.688607265167993177e+01 7.439618661985014114e+01
1.584961535596310682e+02 2.692464107671555240e+01 7.721455132498770979e+01
1.557988739827731308e+02 2.690315083178236577e+01 8.002086883996186373e+01
1.531828148571131294e+02 2.682283943087966094e+01 8.281497492554356654e+01
1.506460767678294417e+02 2.668479263344547903e+01 8.559590319788487989e+01
1.481870702114968026e+02 2.649386226706317160e+01 8.836381454627831999e+01
1.457997887931072967e+02 2.626109973126868269e+01 9.112258459967036117e+01
1.434775707226679344e+02 2.598344522919422772e+01 9.386907847208010480e+01
1.412164610808949874e+02 2.565874468182387602e+01 9.660009396571349782e+01
1.390125770233092055e+02 2.529508583133162247e+01 9.930916665545927913e+01
1.368635897754839164e+02 2.489837721344985511e+01 1.019899743743555973e+02
1.347726067607358118e+02 2.446744658439683562e+01 1.046389185325786002e+02
1.327421079408240985e+02 2.400262864544364660e+01 1.072529345354252541e+02
1.308058087313553415e+02 2.350078164778716427e+01 1.097984694941990398e+02
1.289793386399174153e+02 2.296137535374804628e+01 1.122591877351231773e+02
1.272684891210868443e+02 2.238848700356049193e+01 1.146280956224823484e+02
1.256875471419470500e+02 2.178326068482204647e+01 1.168888234225950811e+02
1.242371158986834985e+02 2.114652803565863337e+01 1.190388335927433019e+02
1.229111436143207357e+02 2.048035909737723870e+01 1.210826965948294571e+02
1.217036800298734960e+02 1.978680133720474643e+01 1.230249188410782892e+02
1.206040930276071634e+02 1.907019440537122534e+01 1.248737341972731230e+02
1.195787881179796557e+02 1.834573357530386417e+01 1.266480959527063277e+02
1.185793981264029355e+02 1.763528864456621292e+01 1.283734130695315514e+02
1.176037760721008567e+02 1.693924034702170545e+01 1.300516353416942366e+02
1.166513646753001154e+02 1.625727756193857587e+01 1.316838566273943059e+02
1.157215281935599762e+02 1.559030322354218079e+01 1.332718401571121376e+02
1.148134042145584459e+02 1.494148436894036003e+01 1.348186976769589762e+02
1.139263969768113185e+02 1.431071361400651476e+01 1.363257008721163288e+02
1.130599610264809201e+02 1.369749928908734837e+01 1.377938649038968038e+02
1.122135620331470420e+02 1.310138696761475963e+01 1.392241944930571265e+02
1.113866805160965328e+02 1.252193485165271092e+01 1.406176664380536749e+02
1.105788104861627090e+02 1.195871261687570630e+01 1.419752321688308427e+02
1.097894584260409943e+02 1.141130054539758554e+01 1.432978196641635122e+02
1.090181432902888616e+02 1.087928952577152408e+01 1.445863334516572536e+02
1.082643965053264452e+02 1.036228105299004909e+01 1.458416546077476994e+02
1.075277616828698370e+02 9.859886984781338626e+00 1.470646412965386958e+02
1.068077950808715144e+02 9.371729933605410068e+00 1.482561279030844048e+02
1.061040644262282768e+02 8.897442265449559073e+00 1.494169272470850274e+02
1.054161480824996318e+02 8.436665392030240795e+00 1.505478321478502153e+02
1.047436350499079794e+02 7.989049770793037908e+00 1.516496154242991281e+02
1.040861249653385130e+02 7.554254904912683699e+00 1.527230298949606322e+02
1.034433920681681371e+02 7.132153822296183776e+00 1.537692052075871061e+02
1.028153152747013621e+02 6.722749126788730933e+00 1.547895036798846036e+02
1.022015721454604176e+02 6.325790681174760621e+00 1.557847754801952362e+02
1.016018138628074041e+02 5.940992082184716416e+00 1.567557691208712924e+02
1.010156660743352290e+02 5.568031708393759160e+00 1.577031334701131016e+02
1.004427468277199722e+02 5.206574709815380508e+00 1.586274582864221827e+02
9.988270706881905880e+01 4.856322937249351490e+00 1.595293681720398524e+02
9.933520178627871644e+01 4.516979856648378089e+00 1.604094602677270700e+02
9.879990782525821658e+01 4.188273050105792095e+00 1.612683167406134146e+02
9.827620861996082624e+01 3.869553279316664263e+00 1.621064814372641649e+02
9.776365477058463682e+01 3.560375865056883082e+00 1.629244786017231377e+02
9.726197062287430128e+01 3.260512247458341673e+00 1.637228253639581794e+02
9.677087299904569306e+01 2.969721423475280453e+00 1.645020254373977195e+02
9.629008859007910814e+01 2.687771892235549576e+00 1.652625698744772080e+02
9.581935148643897548e+01 2.414438422150366303e+00 1.660049364309010116e+02
9.535840244297450852e+01 2.149501428097952083e+00 1.667295908865983165e+02
9.490698865103159676e+01 1.892746778344225334e+00 1.674369874552318151e+02
9.446486373845286266e+01 1.643965794542798342e+00 1.681275687841979050e+02
9.403178772412293540e+01 1.402955213223531450e+00 1.688017660363082655e+02
9.360752698838494723e+01 1.169517160727119531e+00 1.694599989429476352e+02
9.319185383170277248e+01 9.434587792802723305e-01 1.701026765971510315e+02
9.278454622926476247e+01 7.245920190821708573e-01 1.707301978945718304e+02
9.238538782762636004e+01 5.127336354601096380e-01 1.713429515395157523e+02
9.199416790686764500e+01 3.077051568069349985e-01 1.719413161129424168e+02
9.161068122783638046e+01 1.093327551574505424e-01 1.725256603469659353e+02
9.123472769762598489e+01 -8.255303723728232845e-02 1.730963437259826208e+02
9.086611961117240810e+01 -2.681173006250164859e-01 1.736537283661965034e+02
9.050467234272908001e+01 -4.475208535325751469e-01 1.741981641095416364e+02
9.015017720448577165e+01 -6.209206105064276615e-01 1.747299450283814224e+02
8.980270272404931120e+01 -7.884667438508168313e-01 1.752497967194991588e+02
8.946256571701472637e+01 -9.503032393494843522e-01 1.757588309264219788e+02
8.912966870095597471e+01 -1.106576396526498307e+00 1.762574850305593088e+02
8.880379348687009156e+01 -1.257430176799501309e+00 1.767459872494755473e+02
8.848475554142618194e+01 -1.403004468724964093e+00 1.772246047373936051e+02
8.817237510682330992e+01 -1.543435538313018052e+00 1.776935977352027294e+02
8.786647717486084730e+01 -1.678856048697441983e+00 1.781532196080021890e+02
8.756689141896866602e+01 -1.809395111692479130e+00 1.786037169434907810e+02
8.727345180177022144e+01 -1.935178585474961244e+00 1.790453301200863052e+02
8.698599654683360427e+01 -2.056329096012402324e+00 1.794782933478198288e+02
8.670436809188869631e+01 -2.172966072549757044e+00 1.799028347360614362e+02
