2.540000000000000000e+02 7.000000000000000000e+00 0.000000000000000000e+00
2.526983839202721356e+02 7.477675792803893273e+00 8.265338066235665693e-01
2.513852490887426825e+02 7.959257146768894842e+00 1.663044148950059586e+00
2.500604777399827583e+02 8.444786410548488220e+00 2.509631856892298618e+00
2.487239508602941385e+02 8.934306377814927203e+00 3.366398825465445999e+00
2.473755481799587699e+02 9.427860290023328815e+00 4.233448021404933037e+00
2.460150583550683336e+02 9.925512719392804328e+00 5.110938835260601110e+00
2.446392944898374253e+02 1.042801945778058936e+01 6.000867581804674167e+00
2.432414282030004244e+02 1.093398866062644537e+01 6.909996051839436326e+00
2.418025847775627710e+02 1.143827272195600742e+01 7.858764104003383544e+00
2.403128428242313248e+02 1.194161206842668399e+01 8.855341200907018262e+00
2.387656241287707815e+02 1.244503325283687722e+01 9.903811132066369538e+00
2.371584245862292732e+02 1.294864966964835951e+01 1.100613970672417707e+01
2.354895729849336590e+02 1.345237659263814933e+01 1.216389567278585027e+01
2.337573625468823195e+02 1.395612491399949029e+01 1.337868482518494950e+01
2.319600410528831844e+02 1.445980253958751582e+01 1.465215618751763493e+01
2.300958106556036284e+02 1.496331437599681280e+01 1.598600219038258352e+01
2.281628273907818709e+02 1.546656229650348990e+01 1.738195913787452085e+01
2.261591993503134290e+02 1.596944501439843123e+01 1.884180895066228345e+01
2.240829853061989070e+02 1.647185798783536015e+01 2.036738047870387902e+01
2.219334745634316732e+02 1.697390160546303761e+01 2.195971888787627080e+01
2.197166260641349425e+02 1.747713826904163170e+01 2.361584958741075013e+01
2.174336898622406409e+02 1.798073883101107029e+01 2.533446466207982439e+01
2.150844467719270483e+02 1.848365850556229617e+01 2.711522614317627600e+01
2.126673838243254977e+02 1.898579852538659551e+01 2.895961418288566591e+01
2.101809536758920842e+02 1.948705790479690236e+01 3.086914302265212129e+01
2.076235759662623082e+02 1.998733292099175429e+01 3.284535965305680350e+01
2.049936366635210163e+02 2.048651705565979242e+01 3.488984446634078296e+01
2.022894874588141363e+02 2.098450094088570239e+01 3.700421185982919781e+01
1.995094589415728876e+02 2.148117182350248555e+01 3.919013357119927576e+01
1.966545834360164235e+02 2.197623273401118382e+01 4.145337263175959919e+01
1.937549062833066955e+02 2.246019870727369749e+01 4.378009175496173100e+01
1.908387993572316361e+02 2.292332240115730357e+01 4.615333710262576972e+01
1.879038720209520932e+02 2.336157777969403426e+01 4.857871252610583923e+01
1.849509066931358063e+02 2.377453375265339020e+01 5.105599378798711996e+01
1.819806805873541578e+02 2.415880565563536564e+01 5.358456890336899647e+01
1.789941030347599735e+02 2.450633961374062864e+01 5.616318437420118670e+01
1.759925538584536469e+02 2.481567097921756826e+01 5.879079178219434709e+01
1.729775039416904860e+02 2.508666906153215947e+01 6.146637518355369423e+01
1.699500940405449398e+02 2.532183195458707203e+01 6.419044409702263465e+01
1.669315196394653640e+02 2.552127135025406446e+01 6.695460170926162391e+01
1.639738307199660596e+02 2.566727782414053749e+01 6.972841479776786855e+01
1.610817567312772383e+02 2.575927019973018517e+01 7.250794628268010911e+01
1.582697672629675196e+02 2.579239631813111799e+01 7.528217301324860955e+01
1.555451064493405795e+02 2.576491056023292003e+01 7.804464288754783752e+01
1.529039592132118912e+02 2.567762958747036350e+01 8.079466565144952028e+01
1.503453459041346889e+02 2.553179885941288774e+01 8.353092704049993245e+01
1.478680029018385937e+02 2.533147178741594630e+01 8.625308502885150119e+01
1.454632650876249897e+02 2.508739422809823338e+01 8.896460891674260552e+01
1.431224087751616878e+02 2.479575350433095693e+01 9.166173847147649667e+01
1.408452060986642493e+02 2.445685109391490641e+01 9.434257775347316510e+01
1.386303996008577144e+02 2.407449294661889283e+01 9.700358131058089839e+01
1.364724705264319766e+02 2.365887039883488185e+01 9.963711927265160284e+01
1.343707845872755229e+02 2.321207668417406822e+01 1.022413244967549133e+02
1.323281102031784542e+02 2.273320191759381714e+01 1.048130003157837251e+02
1.303461061228524329e+02 2.222209371769804420e+01 1.073498676272186998e+02
1.284487611773513720e+02 2.167717280895955057e+01 1.098282346765970487e+02
1.266642585236870246e+02 2.109684084052652864e+01 1.122200116088100401e+02
1.249944181527684322e+02 2.048403796172881286e+01 1.145221653649694389e+02
1.234512983035304075e+02 1.984236548956632618e+01 1.167212843576105001e+02
1.220424990031927877e+02 1.917152721335693144e+01 1.188076747340969206e+02
1.207601166974601057e+02 1.847443547105276451e+01 1.207870991369963320e+02
1.195913231512815003e+02 1.775607811086450383e+01 1.226693538848833072e+02
1.185196709700391295e+02 1.702307637828410947e+01 1.244641490296554736e+02
1.174828363738430426e+02 1.630310227676746848e+01 1.262034289825967477e+02
1.164717993368596325e+02 1.559959034360556807e+01 1.278925863963955010e+02
1.154859268567777093e+02 1.491213960791954563e+01 1.295328681277389933e+02
1.145246013958478670e+02 1.424035888769147107e+01 1.311254905322727211e+02
1.135872206316580844e+02 1.358386663201928002e+01 1.326716399562138804e+02
1.126731551071198822e+02 1.294267158638538895e+01 1.341726861651919478e+02
1.117814343496567346e+02 1.231981741899138427e+01 1.356317007532695413e+02
1.109112753673891376e+02 1.171630007966629172e+01 1.370506783379063336e+02
1.100620834656472624e+02 1.113147493058447957e+01 1.384306785298697378e+02
1.092332684129261366e+02 1.056483293586117078e+01 1.397727955863441593e+02
1.084242582082796389e+02 1.001586740745858606e+01 1.410780855892043917e+02
1.076344972468773165e+02 9.484086181510058111e+00 1.423475743465007497e+02
1.068634447298794328e+02 8.969010209735740702e+00 1.435822603284744332e+02
1.061105746486803127e+02 8.470173545484881217e+00 1.447831146966510971e+02
1.053753675684949940e+02 7.987113322256072401e+00 1.459510606268469814e+02
1.046573109319182464e+02 7.519369852915325225e+00 1.470869720171318420e+02
1.039561179375098163e+02 7.066754644091588489e+00 1.481922340298909830e+02
1.032715007429815017e+02 6.629075747274010943e+00 1.492681892462725841e+02
1.026031190938889495e+02 6.206075264952106707e+00 1.503160097652579168e+02
1.019505475495193565e+02 5.797388592170781507e+00 1.513366084659795092e+02
1.013133237166844793e+02 5.402601573085802578e+00 1.523307471778136915e+02
1.006910046069604192e+02 5.021319548112939124e+00 1.532991828661400859e+02
1.000831596924987394e+02 4.653158964056410163e+00 1.542426511979862198e+02
9.948937090230303681e+01 4.297747370789609000e+00 1.551618665483942152e+02
9.890923220718994457e+01 3.954723051328107086e+00 1.560575227098171638e+02
9.834220921840120866e+01 3.623556095845890557e+00 1.569302854667818110e+02
9.778765732045117431e+01 3.303568165867914352e+00 1.577807811007144494e+02
9.724521128559661065e+01 2.994430710042007782e+00 1.586096241677719831e+02
9.671452753757816367e+01 2.695839025191426153e+00 1.594174131230851117e+02
9.619527756323256540e+01 2.407503884592559373e+00 1.602047300567562900e+02
9.568714456082649633e+01 2.129147365788706558e+00 1.609721409053576622e+02
9.518981744712851878e+01 1.860495316740318428e+00 1.617201955158564033e+02
9.470299442621214325e+01 1.601282062737430234e+00 1.624494286750480967e+02
9.422638180820601406e+01 1.351249072251202499e+00 1.631603608148652143e+02
9.375966629925359541e+01 1.110145869702701127e+00 1.638534524548410332e+02
9.330259304240001939e+01 8.777274835716591950e-01 1.645292320779705619e+02
9.285557836847802093e+01 6.537331883522528031e-01 1.651893077357242703e+02
9.241881378028688232e+01 4.379153625192307442e-01 1.658348988254592200e+02
9.199210600550007655e+01 2.300447498756043041e-01 1.664665734344760040e+02
9.157501047083673029e+01 2.990650817404263626e-02 1.670844649636366341e+02
9.116728679346175568e+01 -1.627135920092932231e-01 1.676890130783396273e+02
9.076867424606714962e+01 -3.480231563219666757e-01 1.682806020602141075e+02
9.037891523969624075e+01 -5.262239612939667577e-01 1.688595991057486287e+02
8.999775940938548047e+01 -6.975121184023530541e-01 1.694263611145845232e+02
8.962496352313337411e+01 -8.620781454527256527e-01 1.699812348192680815e+02
8.926029103022038669e+01 -1.020107320769351400e+00 1.705245574290647426e+02
8.890351191919020835e+01 -1.171779794560053212e+00 1.710566568323883700e+02
8.855440265600613259e+01 -1.317270637411922962e+00 1.715778516849522646e+02
8.821274609558491875e+01 -1.456749909662298892e+00 1.720884515358658859e+02
8.787833099967477324e+01 -1.590383039459587700e+00 1.725887575148398980e+02
8.755095197200918733e+01 -1.718330873612878174e+00 1.730790624246155289e+02
8.723040944249885342e+01 -1.840749689987984050e+00 1.735596507634982117e+02
8.691650943478748559e+01 -1.957791379780605912e+00 1.740307990566763294e+02
8.660897229818296239e+01 -2.069685691800426497e+00 1.744928918049424453e+02
8.630724385402123744e+01 -2.176911362191947585e+00 1.749466602170657836e+02
8.601103875474289850e+01 -2.279706493687299051e+00 1.753924919138219138e+02
8.572015320531764360e+01 -2.378236374287076682e+00 1.758306700317480704e+02
8.543443995004145108e+01 -2.472615982801232182e+00 1.762614050432695763e+02
8.515379369418161559e+01 -2.562923044380257753e+00 1.766848533786008488e+02
8.487808152851795285e+01 -2.649260409433658925e+00 1.771012062095978479e+02
