2.540000000000000000e+02 7.000000000000000000e+00 0.000000000000000000e+00
2.527659522446855362e+02 7.477886298021930500e+00 7.815132355846368117e-01
2.515200558309332735e+02 7.959329669484975334e+00 1.573068222561692986e+00
2.502621967249116608e+02 8.444366849146623721e+00 2.374761761255824499e+00
2.489922597356267886e+02 8.933034942800569311e+00 3.186691629908800838e+00
2.477101284882311063e+02 9.425371435830903977e+00 4.008956607248960857e+00
2.464156854240231951e+02 9.921414193212140020e+00 4.841656472491211893e+00
2.451088118004478815e+02 1.042120145950917198e+01 5.684892005337031762e+00
2.437890439007628913e+02 1.092477395232992343e+01 6.539027624436299924e+00
2.424514991356378459e+02 1.143206035358356054e+01 7.407973346569662887e+00
2.410843291910562698e+02 1.193960473247869558e+01 8.305061217383356009e+00
2.396806459746888436e+02 1.244512909033858072e+01 9.238060254639751889e+00
2.382348940307557257e+02 1.294704439085821690e+01 1.021214736250180621e+01
2.367396916233334423e+02 1.344600462366804727e+01 1.123326461023362732e+01
2.351887472775889307e+02 1.394289948490353837e+01 1.230542980642460549e+01
2.335789622466654407e+02 1.443794402884601524e+01 1.343085489786908404e+01
2.319078181729903747e+02 1.493122260073673324e+01 1.461160806600860340e+01
2.301721441311664478e+02 1.542294636791825369e+01 1.585018314742208823e+01
2.283700148789266109e+02 1.591301051330640348e+01 1.714832466689108870e+01
2.264995500658598928e+02 1.640128356481108796e+01 1.850776501903997229e+01
2.245589087320953752e+02 1.688760870381823409e+01 1.993022786370903532e+01
2.225462549016919525e+02 1.737181236854645761e+01 2.141744897024517513e+01
2.204604419529506174e+02 1.785325028686311555e+01 2.297019465062684418e+01
2.183074409842148498e+02 1.833179797573205150e+01 2.458406397384412045e+01
2.160913059018039064e+02 1.880824877208581469e+01 2.625694067152526756e+01
2.138108100122243798e+02 1.928249379794055329e+01 2.799008408364156253e+01
2.114646329571371268e+02 1.975440892002724524e+01 2.978482277270370915e+01
2.090513607133575249e+02 2.022385474979172670e+01 3.164255452376181310e+01
2.065694886347492627e+02 2.069067718594899219e+01 3.356474445453749667e+01
2.040175076135241738e+02 2.115472282603472465e+01 3.555287150911119198e+01
2.013939005336724222e+02 2.161583845850412544e+01 3.760843089834818187e+01
1.986971101048549713e+02 2.207386532303626225e+01 3.973295433381469621e+01
1.959280612787782729e+02 2.252826596364382894e+01 4.192606242109678050e+01
1.931289481516907074e+02 2.297259875556790476e+01 4.416136613924614096e+01
1.903148796963931488e+02 2.339947838300426852e+01 4.643849648600513547e+01
1.874833407677307378e+02 2.380014492177418006e+01 4.876519813828151939e+01
1.846352464085944973e+02 2.417425513186243080e+01 5.114103059508752125e+01
1.817714873676822265e+02 2.451916953363241802e+01 5.356535176064480197e+01
1.788931166171232974e+02 2.482592201058997716e+01 5.603670619501905747e+01
1.760014366446825420e+02 2.509484507476702220e+01 5.855474330979828324e+01
1.730970293402742186e+02 2.533210498670661792e+01 6.112205948868378869e+01
1.701805852063456825e+02 2.554055359387383461e+01 6.373975820625140187e+01
1.672718354408493724e+02 2.571339625907219073e+01 6.639660589903486709e+01
1.644203084668577333e+02 2.583201240335776205e+01 6.906253399157142780e+01
1.616267730414669472e+02 2.589603528965080415e+01 7.173512542380152013e+01
1.589021208626153907e+02 2.590210840413843130e+01 7.440588019481388926e+01
1.562580033439988654e+02 2.584674485002383193e+01 7.706551374380516961e+01
1.536954624545188892e+02 2.573121023742470115e+01 7.971187179891074948e+01
1.512151140863556691e+02 2.555686220533015174e+01 8.234314793118888076e+01
1.488111461218152556e+02 2.532877843742893020e+01 8.495945542447493892e+01
1.464708537459572710e+02 2.505240687144555167e+01 8.756136694595953429e+01
1.441932859951051000e+02 2.472875559989739003e+01 9.014731223834245100e+01
1.419790529163581141e+02 2.435879887187747528e+01 9.271572824902490595e+01
1.398289966307000327e+02 2.394301306986286093e+01 9.526544191932273975e+01
1.377399271890203067e+02 2.348899011901264089e+01 9.779034506261511694e+01
1.357084087747249157e+02 2.300423600352045383e+01 1.002846846067461826e+02
1.337341122710965351e+02 2.249032247196415213e+01 1.027470710815952799e+02
1.318185636138663028e+02 2.194717006480155419e+01 1.051753798889937173e+02
1.299656377336535797e+02 2.137405556755407332e+01 1.075652074160568645e+02
1.282118374558212679e+02 2.076910057484046135e+01 1.098807746991608383e+02
1.265707959566680074e+02 2.013261624636937697e+01 1.121078304379484791e+02
1.250499930495641649e+02 1.946759279492172467e+01 1.142375607994389384e+02
1.236661071294130494e+02 1.877620351359447426e+01 1.162513750468938696e+02
1.224072152020816588e+02 1.806316646572049578e+01 1.181579727844150227e+02
1.212655290882206032e+02 1.733085017694772034e+01 1.199636698948826279e+02
1.202023376003392343e+02 1.659548989430475885e+01 1.216893524610118362e+02
1.191703531804255078e+02 1.587776883029831332e+01 1.233593828781508961e+02
1.181659608529262897e+02 1.517854394801678275e+01 1.249765782349910239e+02
1.171884094164092431e+02 1.449731353777447218e+01 1.265423949328985316e+02
1.162369686406265004e+02 1.383358958242810566e+01 1.280582491306949748e+02
1.153109280818099336e+02 1.318689728487983714e+01 1.295255185744146331e+02
1.144095968112650894e+02 1.255677488674440312e+01 1.309455431242494114e+02
1.135323026323490438e+02 1.194277314519589694e+01 1.323196262748081722e+02
1.126782698533268245e+02 1.134552023170870960e+01 1.336496179068360846e+02
1.118464400962296992e+02 1.076798874589654176e+01 1.349386683141863159e+02
1.110360566178752464e+02 1.021027473547307451e+01 1.361883985820065845e+02
1.102464695864754560e+02 9.671690912559780529e+00 1.373999637398424056e+02
1.094770161199125909e+02 9.151636248430511600e+00 1.385744724751953072e+02
1.087271195289345087e+02 8.649596302589444008e+00 1.397131604668691693e+02
1.079964278093735430e+02 8.165325522923309265e+00 1.408177742679928599e+02
1.072845263170183756e+02 7.698499249435102776e+00 1.418898375916167254e+02
1.065909146494950903e+02 7.248685477697166313e+00 1.429305906431407891e+02
1.059150245415755478e+02 6.815364599108598931e+00 1.439410204870996495e+02
1.052562997172353505e+02 6.398026010036719669e+00 1.449220654247300217e+02
1.046142014958464586e+02 5.996175612136061872e+00 1.458746389058507305e+02
1.039882075626143205e+02 5.609334324008371730e+00 1.467996266212549017e+02
1.033778120055752936e+02 5.237038115151011475e+00 1.476978864399565907e+02
1.027825251348302658e+02 4.878837840089104816e+00 1.485702487157970211e+02
1.022017703335245216e+02 4.534285693953028051e+00 1.494173732408396518e+02
1.016349801939611979e+02 4.202759511077243992e+00 1.502401095736171612e+02
1.010823103271992238e+02 3.883579978178963277e+00 1.510404749653065153e+02
1.005437849670922503e+02 3.576210218494219717e+00 1.518200742958709384e+02
1.000192195735655929e+02 3.280261516361953955e+00 1.525799717598784753e+02
9.950824380231019006e+01 2.995434094407635861e+00 1.533208026081276216e+02
9.901044188856002393e+01 2.721380875687438472e+00 1.540431651473651584e+02
9.852541174683288716e+01 2.457778223158062492e+00 1.547476244913428332e+02
9.805276302653371090e+01 2.204312282714641302e+00 1.554347287690293058e+02
9.759211713949106581e+01 1.960678665082021821e+00 1.561050095939097844e+02
9.714310716771692000e+01 1.726582371595556387e+00 1.567589821934999748e+02
9.670537762449085051e+01 1.501737601959802548e+00 1.573971457448057265e+02
9.627858349374930924e+01 1.285866981304936596e+00 1.580199847231106673e+02
9.586239005443378858e+01 1.078701418849999483e+00 1.586279691486076899e+02
9.545647288048503754e+01 8.799801079002472770e-01 1.592215545864061710e+02
9.506051743452567848e+01 6.894501989064625302e-01 1.598011827170416268e+02
9.467421864018028543e+01 5.068664553390654914e-01 1.603672819369757292e+02
9.429728802924962849e+01 3.319977714645412914e-01 1.609202584299757177e+02
9.392900348647150111e+01 1.642179272587689642e-01 1.614610606159556312e+02
9.356859539870268350e+01 2.854486795582130386e-03 1.619906922460470753e+02
9.321583356287948163e+01 -1.522766900121357569e-01 1.625094780959678360e+02
9.287050884790380678e+01 -3.013412848363609120e-01 1.630177155176144197e+02
9.253241776113208061e+01 -4.445005060215564407e-01 1.635156938468196017e+02
9.220136224361021959e+01 -5.819112510245292302e-01 1.640036946944631495e+02
9.187714962795232054e+01 -7.137261398317027439e-01 1.644819920063561653e+02
9.155959249473316675e+01 -8.400936288809912611e-01 1.649508522674047413e+02
9.124850838053009738e+01 -9.611582426750766572e-01 1.654105349166832752e+02
9.094371972339004628e+01 -1.077060617042115531e+00 1.658612924249628975e+02
9.064505385304131835e+01 -1.187937506900988316e+00 1.663033703086276773e+02
9.035234278653391016e+01 -1.293921948380449605e+00 1.667370074202095793e+02
9.006542294937852944e+01 -1.395143480040994088e+00 1.671624363448414101e+02
8.978413515709726767e+01 -1.491728157511319930e+00 1.675798834264861910e+02
8.950832456130868309e+01 -1.583798596257032232e+00 1.679895688445857331e+02
8.923784064559795581e+01 -1.671473974859507550e+00 1.683917066199341264e+02
8.897253682709767020e+01 -1.754870351081982083e+00 1.687865051811035073e+02
8.871227039616140075e+01 -1.834100709727086054e+00 1.691741674502095520e+02
