2.540000000000000000e+02 7.000000000000000000e+00 0.000000000000000000e+00
2.527874375043786017e+02 7.480849195183933098e+00 7.630744498650999796e-01
2.515625827125201113e+02 7.964976792380637605e+00 1.536247283226174432e+00
2.503253235955834270e+02 8.452414619588401123e+00 2.319611249090101524e+00
2.490755470517861454e+02 8.943194809688094438e+00 3.113259981318909908e+00
2.478131388808576787e+02 9.437349807695820658e+00 3.917288019703242696e+00
2.465379837840399375e+02 9.934912370762916112e+00 4.731790809962361344e+00
2.452499653640865631e+02 1.043591556817595389e+01 5.556864703744134992e+00
2.439489606565098541e+02 1.094039279437345691e+01 6.392611124334510286e+00
2.426322093154044808e+02 1.144839926427821375e+01 7.241124718087453616e+00
2.412886897796151686e+02 1.195746911813960800e+01 8.113814435498376554e+00
2.399089603340162569e+02 1.246451404531569374e+01 9.021616365715534158e+00
2.384895657999385605e+02 1.296821764387616582e+01 9.967891396252694491e+00
2.370272504880768736e+02 1.346734381865376484e+01 1.095580426030531385e+01
2.355207244368096156e+02 1.396177899817207546e+01 1.198656063209304889e+01
2.339594039757603809e+02 1.445291360588083052e+01 1.306747926675735982e+01
2.323379083706134907e+02 1.494125148044383344e+01 1.420239656562733011e+01
2.306547416482009965e+02 1.542660297563256400e+01 1.539273325926715152e+01
2.289082871651517053e+02 1.590879073024396995e+01 1.663999717797889843e+01
2.270951300559305253e+02 1.638800710779010927e+01 1.794679622500513005e+01
2.252129796341072279e+02 1.686399650703815212e+01 1.931469401387289864e+01
2.232617297610403284e+02 1.733573651351758826e+01 2.074326707688824101e+01
2.212399082032017645e+02 1.780290417230331101e+01 2.223380853157930659e+01
2.191455860133380327e+02 1.826522678384447929e+01 2.378803078799099779e+01
2.169825815659184514e+02 1.872337879379177039e+01 2.540402979822070151e+01
2.147564592696091950e+02 1.917833682935443562e+01 2.707878344687072314e+01
2.124664430986339028e+02 1.963003269861410516e+01 2.881325274128496616e+01
2.101111695619295006e+02 2.007830138624732896e+01 3.060877747980192609e+01
2.076892481794488958e+02 2.052297383634166295e+01 3.246672423361266624e+01
2.051992617932131679e+02 2.096387698913696340e+01 3.438848631318654014e+01
2.026397659146145713e+02 2.140083367427097016e+01 3.637548442848995478e+01
2.000092883133820862e+02 2.183366254337775558e+01 3.842916710487276077e+01
1.973059721902512536e+02 2.226222629511742923e+01 4.055127004106780930e+01
1.945561472328828927e+02 2.268256131346377202e+01 4.272313599403688755e+01
1.917902947852317652e+02 2.309031822055175098e+01 4.492312959056992128e+01
1.890130602780110678e+02 2.348477956459088034e+01 4.715681502490219401e+01
1.862232950614235847e+02 2.386355861059650962e+01 4.942936804637641046e+01
1.834184908539561434e+02 2.421793800506380734e+01 5.174819406808788358e+01
1.805987997844169115e+02 2.454514724741572707e+01 5.411495106162359292e+01
1.777646410493890130e+02 2.484686541797509918e+01 5.653110394123382321e+01
1.749159666555776766e+02 2.512007281035067052e+01 5.899927058200471208e+01
1.720537971203848429e+02 2.536413391267412010e+01 6.151905605041470437e+01
1.691759687194656010e+02 2.557866451672546404e+01 6.409094959475764597e+01
1.662924887498736553e+02 2.575903212038846490e+01 6.670859754611801407e+01
1.634575503827136629e+02 2.588632201234005237e+01 6.934071143545534710e+01
1.606818887726427363e+02 2.595793334966663224e+01 7.198003081585000018e+01
1.579782322989996715e+02 2.596979035993695462e+01 7.461687460196566235e+01
1.553568764600514669e+02 2.591912630989990873e+01 7.724293702321099886e+01
1.528181956879490713e+02 2.580773484325156630e+01 7.985662434804521581e+01
1.503593171188302620e+02 2.563483312270787806e+01 8.245492500610961883e+01
1.479706943427952126e+02 2.540026428044811624e+01 8.503496556129252326e+01
1.456457988578075344e+02 2.511650475007019168e+01 8.760045182686535270e+01
1.433845747144453071e+02 2.478551294927334681e+01 9.015024598067523698e+01
1.411875975901182585e+02 2.440829366674227074e+01 9.268277552249588780e+01
1.390553793166947685e+02 2.398588091359987828e+01 9.519651270460990133e+01
1.369883966295868731e+02 2.351928970932642926e+01 9.768999159020702905e+01
1.349822656408065313e+02 2.301843648803068021e+01 1.001554930396752354e+02
1.330344658658842150e+02 2.248905060220751295e+01 1.025886535372101918e+02
1.311450756696633277e+02 2.193180638755084289e+01 1.049888208487452346e+02
1.293143361265132683e+02 2.134741092919807315e+01 1.073551300115044569e+02
1.275712311188285639e+02 2.073404711832025527e+01 1.096592726785970484e+02
1.259450583914068744e+02 2.009024116946057603e+01 1.118721887858298061e+02
1.244317763978411051e+02 1.941810802527642821e+01 1.139963723720763653e+02
1.230348035835463918e+02 1.872504247999967220e+01 1.160256365202381090e+02
1.217638977828190292e+02 1.801259010521363635e+01 1.179479797104663277e+02
1.206119511781302833e+02 1.728314524792152440e+01 1.197677361562292759e+02
1.195322649517225102e+02 1.655562883652977746e+01 1.215099079122286980e+02
1.184841214573449122e+02 1.584792505047044564e+01 1.231948732637952588e+02
1.174648675228968528e+02 1.516029889295742450e+01 1.248250861911618586e+02
1.164736372752650340e+02 1.449218425978145675e+01 1.264021562078450955e+02
1.155096214861137156e+02 1.384301727890778899e+01 1.279276306050300178e+02
1.145720332102023491e+02 1.321224960597287534e+01 1.294030140476401129e+02
1.136601077410597469e+02 1.259934839339614676e+01 1.308297686591332365e+02
1.127731026257934985e+02 1.200379630070033343e+01 1.322093139931698147e+02
1.119102977971020465e+02 1.142509158650094570e+01 1.335430267810774581e+02
1.110709628465332770e+02 1.086325957914978702e+01 1.348325734516735110e+02
1.102539031519110750e+02 1.032076756297115061e+01 1.360806352259883454e+02
1.094582894829707698e+02 9.799172152879283004e+00 1.372899344044083705e+02
1.086839555685698997e+02 9.298174955578408785e+00 1.384629914468351046e+02
1.079302084048775470e+02 8.817126103365909628e+00 1.396010369616445814e+02
1.071963606483075608e+02 8.355377679923662981e+00 1.407052192003448852e+02
1.064817497002112248e+02 7.912301224115186216e+00 1.417766529791356902e+02
1.057857356578119550e+02 7.487289820048127709e+00 1.428164149108390859e+02
1.051076994460096614e+02 7.079756323646878791e+00 1.438255465495312819e+02
1.044470415912014971e+02 6.689132198672881557e+00 1.448050564545050349e+02
1.038031822310801289e+02 6.314867526025927269e+00 1.457559201737776959e+02
1.031755611016369016e+02 5.956430991407187570e+00 1.466790802659636768e+02
1.025636398063225130e+02 5.613307027982370023e+00 1.475754560188869675e+02
1.019676366892559969e+02 5.284640284802509136e+00 1.484475238417693390e+02
1.013875922970337200e+02 4.969639977264029618e+00 1.492973532834270429e+02
1.008229950553272829e+02 4.667815436055292366e+00 1.501257475685983138e+02
1.002733468087874513e+02 4.378729684702140190e+00 1.509334322029609723e+02
9.973816300393936274e+01 4.101994932807733640e+00 1.517210611882174192e+02
9.921697532157007515e+01 3.837224801035719501e+00 1.524892827370188115e+02
9.870933110418751255e+01 3.584041181894504380e+00 1.532387298718024624e+02
9.821479153099200232e+01 3.342079604773962931e+00 1.539700134088234051e+02
9.773293159940207886e+01 3.110987095931514013e+00 1.546837249346407646e+02
9.726334014150175733e+01 2.890422192177643179e+00 1.553804367832275091e+02
9.680561926746236168e+01 2.680054477843798022e+00 1.560607028105282268e+02
9.635921223255503776e+01 2.479408325790197321e+00 1.567252737834227219e+02
9.592291503386623219e+01 2.287418081463676867e+00 1.573757060226423334e+02
9.549625174522910243e+01 2.103676603993890559e+00 1.580126406051010974e+02
9.507890307568519006e+01 1.927918103603553535e+00 1.586365210780238328e+02
9.467060104637680240e+01 1.759922605267271178e+00 1.592477253701348729e+02
9.427109335941894130e+01 1.599483729131089715e+00 1.598466105885900390e+02
9.388012076077373536e+01 1.446388176423402561e+00 1.604335414041309207e+02
9.349743479195332441e+01 1.300431835360732702e+00 1.610088678346477877e+02
9.312279392184032645e+01 1.161416302176135895e+00 1.615729301426239601e+02
9.275596350589189854e+01 1.029148847510393150e+00 1.621260588925878494e+02
9.239671576001137510e+01 9.034423948900895951e-01 1.626685749879077889e+02
9.204482943074167167e+01 7.841152490236780181e-01 1.632007901352523902e+02
9.170008936406181022e+01 6.709907405705594075e-01 1.637230074518421929e+02
9.136228648993430568e+01 5.638972134106052803e-01 1.642355214872104909e+02
9.103121778406924136e+01 4.626679931451943006e-01 1.647386182770542007e+02
9.070668610230937645e+01 3.671412506614089022e-01 1.652325755764600217e+02
9.038849978480601521e+01 2.771596760453226560e-01 1.657176634173368370e+02
9.007647258736972162e+01 1.925704220282177248e-01 1.661941442050926980e+02
8.977042363913064094e+01 1.132250691060598252e-01 1.666622727782593927e+02
8.947017723082119289e+01 3.897945112480567798e-02 1.671222967066505021e+02
8.917556257984237789e+01 -3.030653826195969097e-02 1.675744566222111871e+02
8.888641378248404123e+01 -9.476898495458674354e-02 1.680189862863074950e+02
8.860256970607517246e+01 -1.545400432546147063e-01 1.684561127416060629e+02
8.832387373458541902e+01 -2.097481454419891089e-01 1.688860566703387178e+02
8.805017370440582170e+01 -2.605180546803986252e-01 1.693090324847422892e+02
