2.540000000000000000e+02 7.000000000000000000e+00 0.000000000000000000e+00
2.527950559335196772e+02 7.504423165931965123e+00 7.700944622357549507e-01
2.515765301483311873e+02 8.012327287523604014e+00 1.551072358217377545e+00
2.503442963279498770e+02 8.523745886143833772e+00 2.343035879815133171e+00
2.490982269448205386e+02 9.038712805581175402e+00 3.146088196646636526e+00
2.478381932531964935e+02 9.557262213938365392e+00 3.960333461825802370e+00
2.465640652744320960e+02 1.007942860754632974e+01 4.785876823837182492e+00
2.452742065245217873e+02 1.060526500198553634e+01 5.623966748896292778e+00
2.439623219796869193e+02 1.113448649870260354e+01 6.479848906045329038e+00
2.426156072065949729e+02 1.166299092883202349e+01 7.368230792579348432e+00
2.412298496548858395e+02 1.218950671611654890e+01 8.293907501135223015e+00
2.398011407495083915e+02 1.271437107098505415e+01 9.260060726027338873e+00
2.383193504586251095e+02 1.323628552078672449e+01 1.027547271266473494e+01
2.367817053716533451e+02 1.375436311471768924e+01 1.134288062051198054e+01
2.351850382711527345e+02 1.426879584937238654e+01 1.246450047631189584e+01
2.335241885677210121e+02 1.478017340093125398e+01 1.364358667875286635e+01
2.317966075688076728e+02 1.528847836032724672e+01 1.488214651174268610e+01
2.299993181079346414e+02 1.579378322992967121e+01 1.618260884105347586e+01
2.281296093822906244e+02 1.629581972656951905e+01 1.754661654163098916e+01
2.261867958760156512e+02 1.679381008877023262e+01 1.897441337983472565e+01
2.241694253043844469e+02 1.728734545293027125e+01 2.046722280967178520e+01
2.220756444820170827e+02 1.777617422733456820e+01 2.202673648730552713e+01
2.199048482092374570e+02 1.826021314990558508e+01 2.365386757836174070e+01
2.176648429948453440e+02 1.874054411139232101e+01 2.534420686597164263e+01
2.153576003560204413e+02 1.921745715048586334e+01 2.709700927121479452e+01
2.129822184812205421e+02 1.969084875922477096e+01 2.891334817601994445e+01
2.105369294509571603e+02 2.016049646440351495e+01 3.079485237328205827e+01
2.080202721985734229e+02 2.062621884349859869e+01 3.274296919170760134e+01
2.054307054327576338e+02 2.108782310178644082e+01 3.475920698046351731e+01
2.027666579167818668e+02 2.154511179756966044e+01 3.684510397641225410e+01
2.000263840258181745e+02 2.199790286110892978e+01 3.900233310849924351e+01
1.972203218490785162e+02 2.244431258315196587e+01 4.122373827088789255e+01
1.943913730083223754e+02 2.287807848573033809e+01 4.347847814382994613e+01
1.915458378935957455e+02 2.329820134167639623e+01 4.576236555370802250e+01
1.886868057905737714e+02 2.370360960145887574e+01 4.808170300142644038e+01
1.858125331792913357e+02 2.408811931444490995e+01 5.044565596709676214e+01
1.829216306785837958e+02 2.444371173413802723e+01 5.285994166275283135e+01
1.800141844145922505e+02 2.477368047493749970e+01 5.532740774952522855e+01
1.770903881317954074e+02 2.507356386970375084e+01 5.785001482596584310e+01
1.741513285181287074e+02 2.534177278681450929e+01 6.042732587377871312e+01
1.711964930434608902e+02 2.557802089171693183e+01 6.305929835193479249e+01
1.682402852880385637e+02 2.577547423865484078e+01 6.573669288695404589e+01
1.653419350136641981e+02 2.591327408009476230e+01 6.842502355324938890e+01
1.625219725317443533e+02 2.598430310934947940e+01 7.110965863285774446e+01
1.597866448179327676e+02 2.598774534149840321e+01 7.378485793525194936e+01
1.571371669098052166e+02 2.592568357863559569e+01 7.644878341593795312e+01
1.545682821106433948e+02 2.579590043208381900e+01 7.909746652272902168e+01
1.520754023022824413e+02 2.559649284279599257e+01 8.172691470149544557e+01
1.496554625999180814e+02 2.533383336820052989e+01 8.433715129830636670e+01
1.473016382552018229e+02 2.502075970216908729e+01 8.693195157509880744e+01
1.450144207831152983e+02 2.465859150259800714e+01 8.950973337468209934e+01
1.427943774668517847e+02 2.424845496328208228e+01 9.206885310200792105e+01
1.406420152682336209e+02 2.379149252850620755e+01 9.460770995106207693e+01
1.385578230611820629e+02 2.328877567078427546e+01 9.712480898132908180e+01
1.365412369368890495e+02 2.274339218698260012e+01 9.961726983377069189e+01
1.345867893249826466e+02 2.216764637999845533e+01 1.020759521091615341e+02
1.326938841940275893e+02 2.156353731110586125e+01 1.044993051498440906e+02
1.308622772861242822e+02 2.093187347420990818e+01 1.068868720982735994e+02
1.291052375565825230e+02 2.027261325715318918e+01 1.092253661752742318e+02
1.274653209763469732e+02 1.958405991495844134e+01 1.114733643540402426e+02
1.259396904426405968e+02 1.886925312406014399e+01 1.136311183615012510e+02
1.245350987502459361e+02 1.813419783010264652e+01 1.156895982890999193e+02
1.232652906934291224e+02 1.737980369334481168e+01 1.176336656988776497e+02
1.221043977610683839e+02 1.661585038065062747e+01 1.194778408838575672e+02
1.209919618386564792e+02 1.586812585557445132e+01 1.212529129034152078e+02
1.199114464363969148e+02 1.514330478663131352e+01 1.229678500384157189e+02
1.188619792150254852e+02 1.444063301522474774e+01 1.246244594559550478e+02
1.178426100521133861e+02 1.375943166937010709e+01 1.262245375843567388e+02
1.168524166569783631e+02 1.309904176471357928e+01 1.277698282135585259e+02
1.158905043395688494e+02 1.245882403938386318e+01 1.292620229322302805e+02
1.149560060494480211e+02 1.183815898184875159e+01 1.307027610540427247e+02
1.140480823507553083e+02 1.123644984521403245e+01 1.320936319048247753e+02
1.131657185103928782e+02 1.065483186843886187e+01 1.334371272565633717e+02
1.123075418663671172e+02 1.009603891386114682e+01 1.347363626903697593e+02
1.114729060018212436e+02 9.560740108205166621e+00 1.359942758201308664e+02
1.106613821430541975e+02 9.048267066522736712e+00 1.372131421297946474e+02
1.098721300533974130e+02 8.557855560769279890e+00 1.383942688280973243e+02
1.091043677438872379e+02 8.088751502145210992e+00 1.395389641503355449e+02
1.083573400821163943e+02 7.640226731642587588e+00 1.406484913748304564e+02
1.076303191425606656e+02 7.211579358265667317e+00 1.417240682365043938e+02
1.069226013275503533e+02 6.802130979498262953e+00 1.427668717461527024e+02
1.062335067977997340e+02 6.411226131513471316e+00 1.437780391436929790e+02
1.055627658885534430e+02 6.038164098457323270e+00 1.447593427458927238e+02
1.049110082159037063e+02 5.682113320043123750e+00 1.457140460069446704e+02
1.042777104044366894e+02 5.342365718105885897e+00 1.466434580617007555e+02
1.036620358378979319e+02 5.018009523427796381e+00 1.475486147061809277e+02
1.030633213195345661e+02 4.708414862422005243e+00 1.484304053990093166e+02
1.024810044079516729e+02 4.413123734465442816e+00 1.492896152005367298e+02
1.019145237344595785e+02 4.131659774971448762e+00 1.501270199004006543e+02
1.013633390342826743e+02 3.863567158212422470e+00 1.509433671805746826e+02
1.008269284065695359e+02 3.608405586854547931e+00 1.517393793171178800e+02
1.003047878364459962e+02 3.365749887869177392e+00 1.525157538414063367e+02
9.979642962510372683e+01 3.135188685216305338e+00 1.532731657121058504e+02
9.930138230899683549e+01 2.916324331527460068e+00 1.540122674269628078e+02
9.881919062458055691e+01 2.708772878296348274e+00 1.547336890715870652e+02
9.834941454535857019e+01 2.512163261728427965e+00 1.554380396516976646e+02
9.789163464305616458e+01 2.326142239927136313e+00 1.561259004959229628e+02
9.744535232019340754e+01 2.150283286412342676e+00 1.567979495788267172e+02
9.700939747568297378e+01 1.983544347482940839e+00 1.574556971829357792e+02
9.658307817930163708e+01 1.825317581914182918e+00 1.581000530952022416e+02
9.616608923220464078e+01 1.675347368110563062e+00 1.587314433287360771e+02
9.575814371533856217e+01 1.533394126919600753e+00 1.593502697781555923e+02
9.535896356616490266e+01 1.399225705557810340e+00 1.599569219394655306e+02
9.496827891524334575e+01 1.272616821485542671e+00 1.605517778388388024e+02
9.458582777082042981e+01 1.153348798005735754e+00 1.611352044741918235e+02
9.421135597635220904e+01 1.041209528655954841e+00 1.617075578746551230e+02
9.384461717537476488e+01 9.359934477644406003e-01 1.622691831497465955e+02
9.348537242471084596e+01 8.375012062080846587e-01 1.628204150308918088e+02
9.313338969500729547e+01 7.455392527289446125e-01 1.633615785706646761e+02
9.278844384941469059e+01 6.599198160623300780e-01 1.638929891726356516e+02
9.245031659772854482e+01 5.804608664945212215e-01 1.644149526555791567e+02
9.211879626625305661e+01 5.069859229486093355e-01 1.649277655756582135e+02
9.179367735243917537e+01 4.393236796498786734e-01 1.654317158499334823e+02
9.147476045485323937e+01 3.773079474215681461e-01 1.659270828544066489e+02
9.116185222539432687e+01 3.207776136306387804e-01 1.664141374909163460e+02
9.085476512537667304e+01 2.695764377205709939e-01 1.668931425286226897e+02
9.055331709126589601e+01 2.235527710088635323e-01 1.673643530719760690e+02
9.025733150351030076e+01 1.825595305600007934e-01 1.678280166043529391e+02
8.996663710133320535e+01 1.464541277597262714e-01 1.682843731073485003e+02
8.968106768767779613e+01 1.150982209810342827e-01 1.687336554738517975e+02
8.940046198861557514e+01 8.835759773165366426e-02 1.691760897048744710e+02
8.912466359464397669e+01 6.610212544669963330e-02 1.696118949917358236e+02
8.885352074178379667e+01 4.820556799162379474e-02 1.700412840225241382e+02
8.858688617126858844e+01 3.454546804593567472e-02 1.704644631785329238e+02
