2.540000000000000000e+02 7.000000000000000000e+00 0.000000000000000000e+00
2.527926677154972026e+02 7.504261514134962674e+00 7.596523178000276211e-01
2.515712377694337931e+02 8.012080491300171303e+00 1.530420892084790152e+00
2.503355748380448915e+02 8.523492197683365745e+00 2.312413294932610608e+00
2.490855422641753307e+02 9.038532247951268417e+00 3.105738156501177460e+00
2.478210020474692215e+02 9.557236607812454210e+00 3.910505172812092756e+00
2.465418281419126743e+02 1.007964128119604652e+01 4.726815048982701661e+00
2.452440922761269348e+02 1.060587118984962629e+01 5.557643296614337203e+00
2.439217977274677480e+02 1.113531471233176617e+01 6.408457660327332661e+00
2.425616959805583122e+02 1.166377771335137581e+01 7.294618453020613735e+00
2.411610105005364915e+02 1.219052536154917910e+01 8.219233199709396587e+00
2.397189115598546891e+02 1.271544498232149856e+01 9.183132786850203289e+00
2.382299319338417263e+02 1.323728326314521730e+01 1.019128673315669076e+01
2.366841969600498601e+02 1.375553020720715303e+01 1.125199145044440741e+01
2.350793416904276967e+02 1.427011447780887821e+01 1.236733101214229436e+01
2.334101863279958877e+02 1.478162871996732264e+01 1.354056043380413854e+01
2.316726722816796666e+02 1.529037905147201037e+01 1.477444611119990370e+01
2.298649514132395950e+02 1.579615562545126473e+01 1.607067770730266787e+01
2.279867591270751177e+02 1.629810910825036885e+01 1.742913968388381818e+01
2.260375744571322230e+02 1.679554017132486265e+01 1.885009867793258209e+01
2.240140034758497904e+02 1.728855233868447172e+01 2.033619138086249833e+01
2.219137800943561274e+02 1.777743163244689839e+01 2.188927031875284257e+01
2.197457359208767969e+02 1.826306796100102048e+01 2.350420377378850390e+01
2.175118864106975138e+02 1.874567016127083363e+01 2.518018420977896454e+01
2.152105837862916928e+02 1.922504744286167622e+01 2.691875268324688264e+01
2.128403684411193524e+02 1.970102782983287071e+01 2.872134105887894506e+01
2.103997222563843081e+02 2.017343198221492884e+01 3.058942892585554674e+01
2.078870969028901641e+02 2.064207615118224837e+01 3.252452587387008975e+01
2.053009133102979149e+02 2.110677209470863858e+01 3.452817202474937375e+01
2.026395610114722956e+02 2.156732697329565696e+01 3.660193868924578453e+01
1.999013268058968436e+02 2.202355317023386405e+01 3.874747973951271973e+01
1.971032880932241937e+02 2.247264138395948407e+01 4.095294820357788268e+01
1.942866243111212725e+02 2.290859604929968540e+01 4.318898956073567064e+01
1.914532980168577296e+02 2.333101995549534990e+01 4.545428896811709052e+01
1.886047360486005573e+02 2.373937064109864181e+01 4.774977160386250574e+01
1.857434508615148161e+02 2.413473670507595870e+01 5.008390286044301121e+01
1.828673884760680721e+02 2.452095815063169582e+01 5.246372254675479496e+01
1.799752831812087095e+02 2.489647990521832455e+01 5.489297835272999038e+01
1.770645497434998390e+02 2.525143306812080723e+01 5.737848389705128227e+01
1.741305028049364694e+02 2.557779705719157448e+01 5.992298735356420281e+01
1.711735183227398238e+02 2.587109871794039151e+01 6.252649203534708988e+01
1.681985294433093827e+02 2.612967608105312678e+01 6.518632691318219941e+01
1.652610467280923103e+02 2.633410526951620412e+01 6.787118619174349021e+01
1.623961273814560116e+02 2.647219212368424124e+01 7.055906291771958649e+01
1.596157254092963456e+02 2.654059009057346685e+01 7.324054377857679299e+01
1.569173444921322016e+02 2.653881713328559400e+01 7.591238036817522072e+01
1.542941777165031851e+02 2.646350929809166175e+01 7.856972526278663338e+01
1.517465923867558217e+02 2.631605430036120197e+01 8.120995373692541364e+01
1.492756437291794214e+02 2.609816233324864854e+01 8.383065966345382947e+01
1.468777641704219832e+02 2.581828810751157022e+01 8.643282768580669995e+01
1.445470044527405094e+02 2.548782913614058643e+01 8.901944813968025016e+01
1.422837621460218429e+02 2.510824906029901271e+01 9.158897488808351284e+01
1.400885856789300874e+02 2.468070300506770209e+01 9.413975009354187762e+01
1.379619617771091384e+02 2.420636231129954297e+01 9.667015956687126277e+01
1.359043160897063274e+02 2.368641353830846796e+01 9.917863313781553813e+01
1.339138497835613464e+02 2.312651703941892123e+01 1.016604474173303458e+02
1.319859550594993891e+02 2.253746298061374631e+01 1.041075078836713317e+02
1.301196355896533134e+02 2.192048524681835886e+01 1.065195950200408959e+02
1.283416426312332419e+02 2.127492291002828750e+01 1.088706765034062585e+02
1.266860697877598909e+02 2.060053577849898332e+01 1.111271217506385938e+02
1.251436631864783351e+02 1.990269890464118774e+01 1.132945562160726922e+02
1.237237167187915503e+02 1.918640935897218824e+01 1.153624630787666803e+02
1.224417113310699392e+02 1.845139493721675450e+01 1.173140697355302535e+02
1.212687339587544386e+02 1.770876100371280160e+01 1.191646495757941437e+02
1.201533881260219090e+02 1.697987966909612112e+01 1.209406046872035176e+02
1.190719532958473224e+02 1.627472635502662257e+01 1.226541435834658529e+02
1.180223564070501681e+02 1.559299868553326895e+01 1.243077277126846809e+02
1.170038170502984514e+02 1.493381924059911192e+01 1.259031900683128384e+02
1.160152951410101281e+02 1.429647476521942906e+01 1.274424326234676386e+02
1.150558198473377587e+02 1.368025785603997768e+01 1.289272800086858126e+02
1.141244518644098207e+02 1.308448408325486412e+01 1.303594975949326056e+02
1.132202824505496039e+02 1.250849128830310342e+01 1.317407933051740372e+02
1.123424364663073050e+02 1.195163240588262354e+01 1.330728233563817469e+02
1.114903517178418184e+02 1.141392865492334074e+01 1.343582454087231781e+02
1.106626932116103177e+02 1.089994776976044122e+01 1.356018648411104834e+02
1.098584545489657103e+02 1.040963849429575738e+01 1.368055933506137194e+02
1.090767744190205804e+02 9.942167926094363395e+00 1.379708804566398328e+02
1.083168239456062167e+02 9.496723252962402384e+00 1.390991183420393043e+02
1.075776736830221409e+02 9.072548133173407692e+00 1.401914195938844330e+02
1.068586969296997466e+02 8.668855922662549673e+00 1.412493337015704640e+02
1.061605597355289206e+02 8.284621148615800124e+00 1.422765984772483989e+02
1.054832938155328321e+02 7.918987836492343391e+00 1.432757337636714681e+02
1.048261252269334847e+02 7.571308294107520709e+00 1.442477354692500171e+02
1.041881310064422621e+02 7.241075951850273640e+00 1.451931506611215070e+02
1.035685547125787025e+02 6.927404929932108324e+00 1.461132056452347854e+02
1.029665913667642769e+02 6.629442577121303692e+00 1.470089573423844342e+02
1.023815581337291860e+02 6.346543374682974026e+00 1.478813312463620377e+02
1.018128738626952838e+02 6.078231057990362451e+00 1.487311422473837013e+02
1.012599529356691477e+02 5.824001027773504369e+00 1.495592022936374974e+02
1.007222561444597488e+02 5.583391288941185415e+00 1.503662629247353948e+02
1.001991789704223379e+02 5.355880620154058747e+00 1.511531548463932495e+02
9.968930943244237142e+01 5.140207539129678871e+00 1.519217099996559739e+02
9.919166324597622975e+01 4.935498837465051025e+00 1.526732208874044545e+02
9.870576347569569009e+01 4.741343434531077428e+00 1.534083436674522432e+02
9.823123471328953826e+01 4.557422371275269946e+00 1.541276061488093205e+02
9.776771244375565573e+01 4.383425918911549424e+00 1.548315206733218190e+02
9.731484339793141203e+01 4.219053946505685992e+00 1.555205837853349067e+02
9.687228591501460073e+01 4.064016230267480267e+00 1.561952757224244408e+02
9.643970869797064438e+01 3.918031391703414634e+00 1.568560621638042676e+02
9.601679046802458117e+01 3.780826602839886696e+00 1.575033947156970839e+02
9.560321994089963482e+01 3.652137565950670517e+00 1.581377109447159626e+02
9.519869571788254348e+01 3.531708420622440503e+00 1.587594345308933725e+02
9.480292621283383880e+01 3.419291681480506551e+00 1.593689753702217615e+02
9.441562858234532030e+01 3.314647325436249403e+00 1.599667310775702163e+02
9.403652856523821413e+01 3.217542654752687081e+00 1.605530872121586867e+02
9.366536044800062655e+01 3.127752267557454946e+00 1.611284173261109629e+02
9.330186700481647222e+01 3.045058006682810792e+00 1.616930830487055744e+02
9.294579931180436461e+01 2.969248801178479891e+00 1.622474343473308238e+02
9.259691587953626879e+01 2.900119926210896093e+00 1.627918107461284194e+02
9.225498257058762874e+01 2.837472932720207730e+00 1.633265414418192449e+02
9.191977255580353301e+01 2.781115610109330394e+00 1.638519453651409208e+02
9.159106629491138563e+01 2.730861969707878867e+00 1.643683312080847543e+02
9.126865125672831880e+01 2.686532006062674505e+00 1.648759978169488818e+02
9.095232124574290822e+01 2.647951122407212754e+00 1.653752351383606083e+02
9.064187636453053187e+01 2.614950098596103611e+00 1.658663242720758149e+02
9.033712296281734666e+01 2.587365047650644900e+00 1.663495375425330849e+02
9.003787364820573202e+01 2.565037424912200770e+00 1.668251384837917044e+02
8.974394693736014972e+01 2.547813730449615566e+00 1.672933823295423110e+02
8.945516675604797285e+01 2.535545082518778859e+00 1.677545167154560488e+02
8.917136242524777856e+01 2.528087205710975560e+00 1.682087816986999371e+02
8.889236860209936708e+01 2.525300380576334991e+00 1.686564098408903192e+02
8.861802531678623041e+01 2.527049475094591102e+00 1.690976261562813363e+02
8.834817758234748908e+01 2.533203611783922060e+00 1.695326486599036571e+02
8.808267503205911453e+01 2.543635858336783073e+00 1.699616888769748471e+02
