2.540000000000000000e+02 7.000000000000000000e+00 0.000000000000000000e+00
2.528162216529036641e+02 7.475318530823102492e+00 7.131150841373199434e-01
2.516187403534033251e+02 7.953920468949812417e+00 1.436870928373036982e+00
2.504074226918903889e+02 8.435839142604899976e+00 2.171371817477263821e+00
2.491821339155702049e+02 8.921108216354358689e+00 2.916723083997788901e+00
2.479427378984156576e+02 9.409761698625541015e+00 3.673031131700135621e+00
2.466890971411668261e+02 9.901833941707144149e+00 4.440403435567565893e+00
2.454210727713314384e+02 1.039735964174922778e+01 5.218948541801076146e+00
2.441375715383805698e+02 1.089639960491122395e+01 6.009495906330026394e+00
2.428326469087880923e+02 1.139914886729692611e+01 6.816541946061737356e+00
2.414991657845606596e+02 1.190374494496797020e+01 7.647992559280095470e+00
2.401260648624497662e+02 1.240672589557636663e+01 8.516777800550499933e+00
2.387122883056940452e+02 1.290794286447570904e+01 9.423980684339955616e+00
2.372564374428194753e+02 1.340708197359483123e+01 1.037096492874956866e+01
2.357534205214180076e+02 1.390226776179507340e+01 1.136261690925640799e+01
2.341949487976615387e+02 1.439373001019482068e+01 1.240534980837559154e+01
2.325722337874781545e+02 1.488249101138611330e+01 1.350495735827525934e+01
2.308831409511982713e+02 1.536843962730883462e+01 1.466324027050672463e+01
2.291258367905690250e+02 1.585137969993979290e+01 1.588190199955880288e+01
2.272997583503725139e+02 1.633064182560268662e+01 1.716120819324881452e+01
2.254045071890896281e+02 1.680551654702858499e+01 1.850125678224015502e+01
2.234383624268396886e+02 1.727576465416838047e+01 1.990363961715024388e+01
2.214045678164241053e+02 1.774146129637760083e+01 2.136680291883849137e+01
2.193092932123531398e+02 1.820340434309229849e+01 2.288713651204060895e+01
2.171511502454509355e+02 1.866199250712322311e+01 2.446580570341699357e+01
2.149287049077892675e+02 1.911720343683685286e+01 2.610415135940072773e+01
2.126405470495384691e+02 1.956874065944908736e+01 2.780359854850526347e+01
2.102852236185159995e+02 2.001644969172540200e+01 2.956556072271786562e+01
2.078612537700832945e+02 2.046015068986045904e+01 3.139148692136561891e+01
2.053671267006882317e+02 2.089965803402829536e+01 3.328285656708380458e+01
2.028013013587225544e+02 2.133478165715439800e+01 3.524117924013096825e+01
2.001622057683583193e+02 2.176532693823593689e+01 3.726799535787501583e+01
1.974481693398392110e+02 2.219110306199678107e+01 3.936492453311286255e+01
1.946938255944473042e+02 2.260717280949757679e+01 4.150793797462960555e+01
1.919239747230230080e+02 2.301010302109262540e+01 4.367970000672389830e+01
1.891388803529091263e+02 2.340012779539057775e+01 4.588004081386682742e+01
1.863389203167598396e+02 2.378168943478551967e+01 4.811258504244940326e+01
1.835266926048010419e+02 2.415680133433304633e+01 5.038404512754303255e+01
1.807025286203922008e+02 2.452485973901607252e+01 5.269718788931054121e+01
1.778614940514535192e+02 2.488410279839277450e+01 5.505799671316216859e+01
1.749984563811404428e+02 2.522601107623021477e+01 5.747381246448644276e+01
1.721126001743668610e+02 2.554473104200187450e+01 5.994863272056780801e+01
1.692045670770947368e+02 2.583648994405435673e+01 6.248263842348890762e+01
1.662757455507160387e+02 2.609462578176177416e+01 6.507577730598551113e+01
1.633754422389987155e+02 2.630186231060799074e+01 6.770122119832875285e+01
1.605501746724539487e+02 2.644219886593624480e+01 7.033135803860557189e+01
1.578109641837324943e+02 2.651322308381324788e+01 7.295791106203927257e+01
1.551541950792275770e+02 2.651380353445738436e+01 7.557724472255409864e+01
1.525737468679719768e+02 2.644112273126334500e+01 7.818468130026069218e+01
1.500698541972997475e+02 2.629655080437153813e+01 8.077754851934646751e+01
1.476432226515321133e+02 2.608213002543476122e+01 8.335356370087752964e+01
1.452872903005885519e+02 2.581023385268913728e+01 8.591554738071806696e+01
1.429983935812694256e+02 2.548836067367887992e+01 8.846463417106417637e+01
1.407771155823134563e+02 2.511764605885493751e+01 9.099910443860936482e+01
1.386239768562401764e+02 2.469924288583674254e+01 9.351728059139931304e+01
1.365394361247907398e+02 2.423432049937268928e+01 9.601752726465029752e+01
1.345238911888914970e+02 2.372406299130456730e+01 9.849825221195521863e+01
1.325773363174438657e+02 2.317039775722304284e+01 1.009573515724404160e+02
1.306951697218149491e+02 2.258459922909496953e+01 1.033857990830472460e+02
1.288756043222231540e+02 2.197119506953534440e+01 1.057800436626535685e+02
1.271187086076546819e+02 2.133110848812661686e+01 1.081391129945384648e+02
1.254613300368964417e+02 2.066433824632402150e+01 1.104271441451917326e+02
1.239206892349288864e+02 1.997511306933061803e+01 1.126246789260078174e+02
1.225038501919225382e+02 1.926835724264210370e+01 1.147238248682930646e+02
1.212152625121323268e+02 1.854577070753752821e+01 1.167190433454832146e+02
1.200399091428843121e+02 1.781640789216594456e+01 1.186119250904146725e+02
1.189314078562648405e+02 1.709869219699559650e+01 1.204252354011844517e+02
1.178575701005985508e+02 1.640628586720378834e+01 1.221745705582479076e+02
1.168165831365907508e+02 1.573863483118033635e+01 1.238623713203697889e+02
1.158072763862171399e+02 1.509492856338204980e+01 1.254907449538992807e+02
1.148285880415020443e+02 1.447435130684457327e+01 1.270616973228614910e+02
1.138795001238353137e+02 1.387611233216515316e+01 1.285771616692629209e+02
1.129590044585841611e+02 1.329945948364792407e+01 1.300390163414825224e+02
1.120661331317209317e+02 1.274366243621150474e+01 1.314490742847433467e+02
1.111999478041636564e+02 1.220856471137497934e+01 1.328095309013326073e+02
1.103592102744888734e+02 1.169836491904027120e+01 1.341255563061950511e+02
1.095427118184643405e+02 1.121417703194044790e+01 1.353999953756924981e+02
1.087495337806076066e+02 1.075494056071704563e+01 1.366343760517389114e+02
1.079787746109644928e+02 1.031975033196041203e+01 1.378302269625107783e+02
1.072295693798194662e+02 9.907723633343390901e+00 1.389890114607377711e+02
1.065010854633232924e+02 9.518010838085945835e+00 1.401121381808156627e+02
1.057925203911334791e+02 9.149793201183728186e+00 1.412009646841015069e+02
1.051030912966364070e+02 8.802270026394653613e+00 1.422567972360706676e+02
1.044321134270157074e+02 8.474754112228024994e+00 1.432808922727275558e+02
1.037787089138478933e+02 8.166237073400674618e+00 1.442745600997645852e+02
1.031429748589118134e+02 7.875446036353393353e+00 1.452408105106014489e+02
1.025251691603066320e+02 7.601532738699245506e+00 1.461823103112534739e+02
1.019245897398832028e+02 7.343911042613420648e+00 1.470999342943295858e+02
1.013405972813589813e+02 7.102006883015045346e+00 1.479945920258258241e+02
1.007725706905576573e+02 6.875268057222728046e+00 1.488671521406148486e+02
1.002199114449588251e+02 6.663162541510263104e+00 1.497184517323170212e+02
9.968204364419656827e+01 6.465178536236262374e+00 1.505492962827280508e+02
9.915841151572347201e+01 6.280822236971967953e+00 1.513604631476147802e+02
9.864847908961988310e+01 6.109617543919235061e+00 1.521527020111636830e+02
9.815173024679928915e+01 5.951106104993593604e+00 1.529267348186158983e+02
9.766766790490004269e+01 5.804846588371290750e+00 1.536832569139758107e+02
9.719572433660322019e+01 5.670332732802659592e+00 1.544230502060756010e+02
9.673470525382933261e+01 5.546484806299895709e+00 1.551476816147717841e+02
9.628386084882669138e+01 5.432628346706382949e+00 1.558581523950873304e+02
9.584270067312969843e+01 5.328325551360210355e+00 1.565551344584293929e+02
9.541088116651059181e+01 5.233272524548817195e+00 1.572391123501496395e+02
9.498813064325605637e+01 5.147230811125522720e+00 1.579104782548218111e+02
9.457412478494032371e+01 5.069913702918499077e+00 1.585696894116363183e+02
9.416856342128265567e+01 5.001056325942920822e+00 1.592171709658204861e+02
9.377115573482660693e+01 4.940402158983945746e+00 1.598533348412536839e+02
9.338162023921826460e+01 4.887703013824709508e+00 1.604785797683506132e+02
9.299968462824956816e+01 4.842718900610507582e+00 1.610932914975438450e+02
9.262508591520835921e+01 4.805218152149414834e+00 1.616978426022189694e+02
9.225756941293778368e+01 4.774976514151019202e+00 1.622925939210809361e+02
9.189688835918640564e+01 4.751776811053816552e+00 1.628778950879721492e+02
9.154280391324785171e+01 4.735408943028349249e+00 1.634540845366242934e+02
9.119508502216268653e+01 4.725669766649670755e+00 1.640214896898770860e+02
9.085350855705422646e+01 4.722363216506766825e+00 1.645804267668741261e+02
9.051785840399942629e+01 4.725299494296986147e+00 1.651312020687276743e+02
9.018792515706293500e+01 4.734294795031230407e+00 1.656741124126216675e+02
8.986350611755450757e+01 4.749171306371685830e+00 1.662094451328610489e+02
8.954440517122222332e+01 4.769757099110700338e+00 1.667374782545476251e+02
8.923043294479052179e+01 4.795886266798819797e+00 1.672584802722066115e+02
8.892140605480464899e+01 4.827398255757724854e+00 1.677727112120525419e+02
8.861714677218192548e+01 4.864137565888187353e+00 1.682804231063739451e+02
8.831748302221156166e+01 4.905953750670071223e+00 1.687818599935331179e+02
8.802224829623233404e+01 4.952701338396434672e+00 1.692772580428729725e+02
8.773128176349642615e+01 5.004239931963350152e+00 1.697668453965234505e+02
8.744442783171245992e+01 5.060433816900555826e+00 1.702508427908725253e+02
