2.540000000000000000e+02 7.000000000000000000e+00 0.000000000000000000e+00
2.571815899355986517e+02 -4.156612580653485622e+01 -1.002015849446048534e+01
2.568676153047507569e+02 -8.713293566189753392e+01 -1.461581078084989649e+01
2.530976995254150950e+02 -1.284573717036345784e+02 -1.413780506564905615e+01
2.460201567757530654e+02 -1.644978977047811384e+02 -9.062927484229456709e+00
2.358809719976763688e+02 -1.944342023848885788e+02 2.749486919047794756e-02
2.230104764624268228e+02 -2.176790968693315165e+02 1.247092723043511064e+01
2.078082620949082866e+02 -2.338826907908292583e+02 2.754806574226095250e+01
1.907268900375003966e+02 -2.429291715799713813e+02 4.450758232863548614e+01
1.722549423630923400e+02 -2.449267046032887833e+02 6.259042837170157725e+01
1.528999865454898952e+02 -2.401911651715224991e+02 8.105295870190887797e+01
1.331719588063109825e+02 -2.292245475659515819e+02 9.918826522833589365e+01
1.135674401303284213e+02 -2.126890058974199462e+02 1.163451835097779110e+02
9.455525445364537518e+01 -1.913775643575144443e+02 1.319445224797705691e+02
7.656374599738175846e+01 -1.661825770929960413e+02 1.454921900091015914e+02
5.997002038590545681e+01 -1.380630162342010010e+02 1.565889996879400883e+02
4.509136095695575364e+01 -1.080116441122944764e+02 1.649370538763951970e+02
3.217895257422254929e+01 -7.702306486806706687e+01 1.703427087121533532e+02
2.141396964317022977e+01 -4.606357436594711885e+01 1.727162286605901613e+02
1.290600678225032816e+01 -1.604358875718681077e+01 1.720683308853695905e+02
6.693771359114319530e+00 1.220660492770622874e+01 1.685039044842336295e+02
2.747873858774767086e+00 3.795731846069084270e+01 1.622132586395777594e+02
9.755203698840682058e-01 6.059568042954057887e+01 1.534613064030930332e+02
1.226852346211643630e+00 7.963741461475170524e+01 1.425751225179455446e+02
3.302644659821203366e+00 9.473403804558016361e+01 1.299303570270546970e+02
6.963053907411915766e+00 1.056755533292571414e+02 1.159369701658756213e+02
1.193709227535457629e+01 1.123888023695810290e+02 1.010247603467544053e+02
1.793249231915598330e+01 1.149317881028643455e+02 8.562914280131104761e+01
2.464565683469181678e+01 1.134843611031267301e+02 7.017757209957409259e+01
3.177137064752657736e+01 1.083357719717253929e+02 5.507700671312463925e+01
3.901200516584805200e+01 9.986964307721963507e+01 4.070271806682239912e+01
4.608596945240673648e+01 8.854695556966700565e+01 2.738870168352720924e+01
5.273518965210600129e+01 7.488768723789726778e+01 1.541989568010474088e+01
5.873144938950249383e+01 5.945173267686835317e+01 5.026333369023408437e+00
6.388146623948593827e+01 4.281972151020234918e+01 -3.620706331888127405e+00
6.803062401174270235e+01 2.557431914988238830e+01 -1.041055007105890695e+01
7.106532567462879513e+01 8.282546619012579825e+00 -1.529304243354852666e+01
7.291397516929887956e+01 -8.520404828010374132e+00 -1.827663401977239488e+01
7.354663817058084874e+01 -2.434546392773777868e+01 -1.942480899091546220e+01
7.297346838096889599e+01 -3.876175575916261096e+01 -1.885105550020718468e+01
7.124201857783594960e+01 -5.140621497318642241e+01 -1.671261859255456272e+01
6.843357930849830950e+01 -6.199060986102369952e+01 -1.320328587195845671e+01
6.465871507545639929e+01 -7.030589420387369159e+01 -8.545489142813021743e+00
6.005217715912343124e+01 -7.622392163008920818e+01 -2.981994647573866342e+00
5.476738535203045188e+01 -7.969661876040277093e+01 3.232538120635304768e+00
4.897066348385027368e+01 -8.075279267803126970e+01 9.839877519547306051e+00
4.283542617529651153e+01 -7.949280482039982587e+01 1.658616173733346244e+01
3.653648431788086270e+01 -7.608138991978024990e+01 2.322925932165965079e+01
3.024464398614618332e+01 -7.073895283113066057e+01 2.954534626554860210e+01
2.412173889359250367e+01 -6.373168721596233866e+01 3.533455408905593487e+01
1.831622258675982806e+01 -5.536088570574940348e+01 4.042557059725271529e+01
1.295942064359205936e+01 -4.595180807854639227e+01 4.467911486001942478e+01
8.162518637564890156e+00 -3.584247172713202190e+01 4.799024578171718503e+01
4.014333310819331757e+00 -2.537270543175775117e+01 5.028950292118960874e+01
5.798892016057850540e-01 -1.487378304166745657e+01 5.154291239772669542e+01
-2.100203591364873112e+00 -4.658910447447221159e+00 5.175092300352022079e+01
-4.009596277421262123e+00 4.985184533118771633e+00 5.094636610913006081e+01
-5.155325198074184101e+00 1.380538065658803148e+01 4.919155929546284511e+01
-5.566279024300812672e+00 2.158786424978029572e+01 4.657468867772245602e+01
-5.291093320058508631e+00 2.816231779183273431e+01 4.320561932997873811e+01
-4.395570650639600174e+00 3.340454802899704134e+01 3.921129753018508524e+01
-2.959731035454761017e+00 3.723757253316396287e+01 3.473090458296135097e+01
-1.074601526519859629e+00 3.963121970659663873e+01 2.991092049744984038e+01
1.161140914813634240e+00 4.060033731948995950e+01 2.490025566886306052e+01
3.644563386115548642e+00 4.020174746678620181e+01 1.984559282169597694e+01
6.271805337504045674e+00 3.853011045252586797e+01 1.488706474558032689e+01
8.941242660572372714e+00 3.571288607394986769e+01 1.015438157811989761e+01
1.155640324852874201e+01 3.190459507367942393e+01 5.763496127794251578e+00
1.402855769236726680e+01 2.728059814908283087e+01 1.813880125162101953e+00
1.627892831086592196e+01 2.203060446146187346e+01 -1.613545082459667990e+00
1.824047091487558703e+01 1.635212265059325532e+01 -4.457797611025179130e+00
1.985920042402567987e+01 1.044405401922072052e+01 -6.678541395563640570e+00
2.109504626951796169e+01 4.500615255422099281e+00 -8.256127852583272642e+00
2.192223908146229050e+01 -1.294246580666792212e+00 -9.191009947598077545e+00
2.232924417830190933e+01 -6.771804251913209782e+00 -9.502583368897280280e+00
2.231827040700279952e+01 -1.178276062834292404e+01 -9.227521880835045209e+00
2.190439311242872122e+01 -1.620062345375370327e+01 -8.417687885274084181e+00
2.111434044337127247e+01 -1.992420003425234043e+01 -7.137704628603124490e+00
1.998499834414370113e+01 -2.287918452801594071e+01 -5.462282404340283115e+00
1.856169662082050209e+01 -2.501884124888257332e+01 -3.473395541557763533e+00
1.689633889172620584e+01 -2.632381727151428308e+01 -1.257401249868500326e+00
1.504544447475618796e+01 -2.680113922064800391e+01 1.097805030183732322e+00
1.306816377139064045e+01 -2.648247317289932212e+01 3.505518400294663550e+00
1.102432894564745425e+01 -2.542174079216850657e+01 5.882760692508977485e+00
8.972598989396612268e+00 -2.369220389331214704e+01 8.152555668888046725e+00
6.968745730954842621e+00 -2.138313126050421076e+01 1.024589476475125593e+01
5.064127995624899015e+00 -1.859617744456500432e+01 1.210334729057773018e+01
3.304387190840629263e+00 -1.544159686545841481e+01 1.367628941925756436e+01
1.728391184790342594e+00 -1.203441739921345643e+01 1.492773647900953016e+01
3.674440295320248184e-01 -8.490691379999997679e+00 1.583277630199216368e+01
-7.552300701789979032e-01 -4.923932426832940301e+00 1.637861364681711152e+01
-1.624728671793606027e+00 -1.441835583325545178e+00 1.656424671512507629e+01
-2.234447826918917190e+00 1.856638012859105347e+00 1.639980706768309560e+01
-2.585809147282123188e+00 4.883744204164323754e+00 1.590560165585162444e+01
-2.687760484884469836e+00 7.564955655430368964e+00 1.511090424168732582e+01
-2.556078081624806764e+00 9.840448159389977079e+00 1.405254621518603031e+01
-2.212502392470490520e+00 1.166605766000820310e+01 1.277336050624876762e+01
-1.683744022210157620e+00 1.301370824911202284e+01 1.132053549390623459e+01
-1.000396839929446502e+00 1.387133051264416572e+01 9.743932705561856977e+00
-1.957964243535808002e-01 1.424230150143733376e+01 8.094421261316552929e+00
6.951380598882308526e-01 1.414445099167453179e+01 6.422279076016516264e+00
1.637043729005668746e+00 1.360868892650557882e+01 4.775703529227696365e+00
2.595200679597425619e+00 1.267731807250965836e+01 3.199472494533383671e+00
3.536537617977893344e+00 1.140209932231262435e+01 1.733784938904438411e+00
4.430528822580727777e+00 9.842144814291112098e+00 4.133081739685849354e-01
5.249963231257713581e+00 8.061710268436026894e+00 -7.335534675781805181e-01
5.971569151773585382e+00 6.127959466002058875e+00 -1.685158312434120731e+00
6.576484019626588129e+00 4.108770933654687596e+00 -2.426893816301292528e+00
7.050564201393537900e+00 2.070649592311851084e+00 -2.951215408811411756e+00
7.384534647426251652e+00 7.680049158022483891e-02 -3.257469606718689903e+00
7.573983157240085085e+00 -1.814586261561641711e+00 -3.351519329078619602e+00
7.619208394843894894e+00 -3.551800882017749572e+00 -3.245193919136021954e+00
7.524934861042028800e+00 -5.090797513353747306e+00 -2.955591367221223287e+00
7.299910701627492671e+00 -6.396079967179047365e+00 -2.504260993494109133e+00
6.956407613551530922e+00 -7.441277251831521333e+00 -1.916299333831915419e+00
6.509643555446167795e+00 -8.209410564535827959e+00 -1.219391237551673779e+00
5.977149914033602407e+00 -8.692861762680006876e+00 -4.428278813612583353e-01
5.378105917923910795e+00 -8.893061016740144709e+00 3.834664564979279322e-01
4.732661508426523334e+00 -8.819919693997888999e+00 1.229871271972616364e+00
4.061270542511540071e+00 -8.491040262452298037e+00 2.067942957730208420e+00
3.384053383312440655e+00 -7.930739713023873705e+00 2.871202181520494445e+00
2.720206331747171635e+00 -7.168926665862165315e+00 3.615816816705030412e+00
2.087473512970456913e+00 -6.239875152761621635e+00 4.281165201003535259e+00
1.501693051055500883e+00 -5.180937388286166012e+00 4.850270262663828547e+00
