2.540000000000000000e+02 7.000000000000000000e+00 0.000000000000000000e+00
2.506902730519398403e+02 1.358927973416439272e+01 2.321730172084313537e+00
2.476543634562430611e+02 1.817530893306782147e+01 4.283372595260443561e+00
2.448189895340001669e+02 2.134778238285757013e+01 5.988100657824079853e+00
2.421323417981833472e+02 2.352301030880230925e+01 7.508778747522962149e+00
2.395577709189919631e+02 2.499489313635879739e+01 8.896872785482496937e+00
2.370693300819543197e+02 2.597092047655408820e+01 1.018874295433482224e+01
2.346486308739236790e+02 2.659756227356244551e+01 1.141008214778462460e+01
2.322826198783046436e+02 2.697822445443663497e+01 1.257905467515309894e+01
2.299620119636473987e+02 2.718590123107688328e+01 1.370850792642768745e+01
2.276801830014163102e+02 2.727211712809800304e+01 1.480753547137388004e+01
2.254323878533606091e+02 2.727324218764533015e+01 1.588258098285724706e+01
2.232152087622670251e+02 2.721494647567888592e+01 1.693821690498727506e+01
2.210261658069136104e+02 2.711534578585312616e+01 1.797769433900939617e+01
2.188634418137228579e+02 2.698722301148239566e+01 1.900333135341819357e+01
2.167256880433219521e+02 2.683959719415580381e+01 2.001678726612521686e+01
2.146118873000861811e+02 2.667882883582874243e+01 2.101925586414513702e+01
2.125212573511093410e+02 2.650939968055621776e+01 2.201160171961425860e+01
2.104531821714573994e+02 2.633446777766064884e+01 2.299445722431809003e+01
2.084071631694461644e+02 2.615626118840645375e+01 2.396829141871379676e+01
2.063827867312539013e+02 2.597633990885937294e+01 2.493345578443051380e+01
2.043796986304275833e+02 2.579580234908332415e+01 2.589022034523225813e+01
2.023975873978026527e+02 2.561541944882253219e+01 2.683879711867436413e+01
2.004361732118855741e+02 2.543572422867189431e+01 2.777935577700709757e+01
1.984951977283744782e+02 2.525709372743570924e+01 2.871203797841364747e+01
1.965744200529975387e+02 2.507978137528550278e+01 2.963696303225091455e+01
1.946736107209972317e+02 2.490396540733833675e+01 3.055423637063692510e+01
1.927925498584490356e+02 2.472976357125678248e+01 3.146395212535589181e+01
1.909310249126199039e+02 2.455725126866547825e+01 3.236619630697511951e+01
1.890888280992916464e+02 2.438648198008843693e+01 3.326105038322046425e+01
1.872657572313648870e+02 2.421748047770741508e+01 3.414859009659281242e+01
1.854616132322836393e+02 2.405026264519693768e+01 3.502888893998760977e+01
1.836762000583968302e+02 2.388483597555456939e+01 3.590201824918236184e+01
1.819093252243083612e+02 2.372119525700509257e+01 3.676804645174681951e+01
1.801607983908873507e+02 2.355933366324324751e+01 3.762704101888240871e+01
1.784304312553797729e+02 2.339924351841101213e+01 3.847906860432549081e+01
1.767180382005195440e+02 2.324091101411001503e+01 3.932419412259840641e+01
1.750234357263630329e+02 2.308432059568138683e+01 4.016248152429893992e+01
1.733464420918004691e+02 2.292945754346257914e+01 4.099399426059403595e+01
1.716868773586805901e+02 2.277630756270073675e+01 4.181879521381077325e+01
1.700445637715380087e+02 2.262485365972788642e+01 4.263694615380865827e+01
1.684193254961369348e+02 2.247507821611866419e+01 4.344850810212770398e+01
1.668109883918119181e+02 2.232696429920962800e+01 4.425354158342342714e+01
1.652193800150841980e+02 2.218049559140823135e+01 4.505210661486613333e+01
1.636443296312652933e+02 2.203565623386645100e+01 4.584426268146616223e+01
1.620856684012969708e+02 2.189242915458947181e+01 4.663006845073086026e+01
1.605432292954190814e+02 2.175079716923712070e+01 4.740958194799764414e+01
1.590168469109727027e+02 2.161074354808512155e+01 4.818286069383619008e+01
1.575063574689769439e+02 2.147225191726035476e+01 4.894996169213677462e+01
1.560115988141284902e+02 2.133530625874083242e+01 4.971094143011020350e+01
1.545324104148020012e+02 2.119989091035571249e+01 5.046585587828793251e+01
1.530686333479241341e+02 2.106599019477870627e+01 5.121476044656083815e+01
1.516201104449110346e+02 2.093358789397035480e+01 5.195770986466209962e+01
1.501866862002396203e+02 2.080266816088280635e+01 5.269475833418928801e+01
1.487682066162991532e+02 2.067321539006794495e+01 5.342595956453536843e+01
1.473645192024000607e+02 2.054521421342231591e+01 5.415136677266448118e+01
1.459754729747735951e+02 2.041864950018715774e+01 5.487103268311190618e+01
1.446009184565719465e+02 2.029350635694838445e+01 5.558500952798408434e+01
1.432407076778683859e+02 2.016977012763661747e+01 5.629334904695854647e+01
1.418946941756570652e+02 2.004742639352713596e+01 5.699610248728401274e+01
1.405627328298036218e+02 1.992646089798875053e+01 5.769332064996690690e+01
1.392446802258645846e+02 1.980685895328121759e+01 5.838505368707691900e+01
1.379403946091442776e+02 1.968860586132788626e+01 5.907135117316850881e+01
1.366497355687797324e+02 1.957168718276595598e+01 5.975226224902222327e+01
1.353725640377235777e+02 1.945608873695306684e+01 6.042783562165085698e+01
1.341087422927441821e+02 1.934179660196731732e+01 6.109811956429955160e+01
1.328581339544257105e+02 1.922879711460724650e+01 6.176316191644571063e+01
1.316206039871678968e+02 1.911707687039184833e+01 6.242301008379906335e+01
1.303960186991861292e+02 1.900662272356055027e+01 6.307771103830161508e+01
1.291842457425116208e+02 1.889742178707325593e+01 6.372731131812768979e+01
1.279851541129912107e+02 1.878946143261029533e+01 6.437185702768388751e+01
1.267986141511647133e+02 1.868272927674678385e+01 6.501139383548002115e+01
1.256244976510616596e+02 1.857721206025084726e+01 6.564596678860300472e+01
1.244626778556590665e+02 1.847289608017524642e+01 6.627562037138825701e+01
1.233130292220592139e+02 1.836976824050388757e+01 6.690039872488895867e+01
1.221754274088220313e+02 1.826781579458990734e+01 6.752034561716058647e+01
1.210497492759649418e+02 1.816702634515571901e+01 6.813550444326087074e+01
1.199358728849630040e+02 1.806738784429295919e+01 6.874591822524988061e+01
1.188336774987487701e+02 1.796888859346251621e+01 6.935162961219002398e+01
1.177430435817124561e+02 1.787151724349453374e+01 6.995268088014597652e+01
1.166638528007269713e+02 1.777526274408093698e+01 7.054911392514914326e+01
1.155959881311963784e+02 1.768011294761413055e+01 7.114097004207674502e+01
1.145393339050669113e+02 1.758605544371688367e+01 7.172829001865090959e+01
1.134937755784257973e+02 1.749307833515118560e+01 7.231111431777115683e+01
1.124591997050606125e+02 1.740117001346161274e+01 7.288948305688255402e+01
1.114354939364593946e+02 1.731031915897528251e+01 7.346343600797575846e+01
1.104225470218106580e+02 1.722051474080188171e+01 7.403301259758694641e+01
1.094202488080033078e+02 1.713174601683367015e+01 7.459825190679781315e+01
1.084284902396267256e+02 1.704400253374546992e+01 7.515919267123568659e+01
1.074471633589706556e+02 1.695727412699465830e+01 7.571587328107334258e+01
1.064761613129184639e+02 1.687155043487286221e+01 7.626833171437195347e+01
1.055153785202484329e+02 1.678682006119026937e+01 7.681660536892005098e+01
1.045647105325070356e+02 1.670307194908874848e+01 7.736073129171563778e+01
1.036240538915271685e+02 1.662029534354332583e+01 7.790074622286840622e+01
1.026933061286290183e+02 1.653847978565501009e+01 7.843668659511918406e+01
1.017723657646200479e+02 1.645761511265080657e+01 7.896858853383980659e+01
1.008611323097951100e+02 1.637769145788369585e+01 7.949648785703328713e+01
9.995950626393633343e+01 1.629869925083267290e+01 8.002042007533370338e+01
9.906738911631320832e+01 1.622062921710270089e+01 8.054042039200616898e+01
9.818468334568251521e+01 1.614347237842474669e+01 8.105652370294693299e+01
9.731129244503128461e+01 1.606721947950126861e+01 8.156876451238140646e+01
9.644712110681653883e+01 1.599185994409350009e+01 8.207717673120049540e+01
9.559207503732638145e+01 1.591738352874901352e+01 8.258179395941245104e+01
9.474606082618328173e+01 1.584378035288400355e+01 8.308264953492113136e+01
9.390898594586316506e+01 1.577104089322391900e+01 8.357977653295544940e+01
9.308075875169549818e+01 1.569915598380345756e+01 8.407320776606951540e+01
9.226128848186323239e+01 1.562811681596655511e+01 8.456297578414253735e+01
9.145048525740280354e+01 1.555791493836640349e+01 8.504911287437877832e+01
9.064826008220423148e+01 1.548854225696544162e+01 8.553165106130764173e+01
8.985452484301100640e+01 1.541999103503534663e+01 8.601062210678365716e+01
8.906919243386174401e+01 1.535225271314936180e+01 8.648605731118851736e+01
8.829217688595061020e+01 1.528531704425263271e+01 8.695798735443982252e+01
8.752339299861701249e+01 1.521917494669922810e+01 8.742644280004941493e+01
8.676275637550193665e+01 1.515381767735721574e+01 8.789145397335063592e+01
8.601018342588443488e+01 1.508923681670246353e+01 8.835305095906790029e+01
8.526559136468172539e+01 1.502542426881864479e+01 8.881126360131658259e+01
8.452889821244922075e+01 1.496237226139722054e+01 8.926612150360307396e+01
8.380002279538034315e+01 1.490007334573746434e+01 8.971765402882473950e+01
8.307888475234616976e+01 1.483852030559158841e+01 9.016589028479674539e+01
8.236540469464146952e+01 1.477770459570459138e+01 9.061085886287784774e+01
8.165950411650062790e+01 1.471761769690329302e+01 9.105258804791435523e+01
8.096110525174617578e+01 1.465825156971252596e+01 9.149110592748643001e+01
8.027013108143708564e+01 1.459959839155344419e+01 9.192644035452764228e+01
7.958650533386892789e+01 1.454165055674351414e+01 9.235861894732482824e+01
