2.540000000000000000e+02 7.000000000000000000e+00 0.000000000000000000e+00
2.500516570393388065e+02 1.352515593701264685e+01 2.769163357007611292e+00
2.463206323660719477e+02 1.799708693966068651e+01 5.244136692430230617e+00
2.427490384160881547e+02 2.103048080528218478e+01 7.509202638713672329e+00
2.392962419295708116e+02 2.305622234935991344e+01 9.623470002399685086e+00
2.359337052814735500e+02 2.437635119851887211e+01 1.162840061549667325e+01
2.326413695048874217e+02 2.520259514931927569e+01 1.355308674826055615e+01
2.294051208529586745e+02 2.568336004338073764e+01 1.541794756292257773e+01
2.262150122314065470e+02 2.592267762451981383e+01 1.723732415803752005e+01
2.230640183802593128e+02 2.599346709631013397e+01 1.902129583518134837e+01
2.199471627912363090e+02 2.594683639250025564e+01 2.077695397720601278e+01
2.168609052183845165e+02 2.581860721644282464e+01 2.250929570263954105e+01
2.138027126967633649e+02 2.563388507735163557e+01 2.422184976899020725e+01
2.107707588002039643e+02 2.541026313171954598e+01 2.591711536628297807e+01
2.077637127588479586e+02 2.516006870391411354e+01 2.759686979892164160e+01
2.047805915657986873e+02 2.489193875270828471e+01 2.926238426206981202e+01
2.018206565115337696e+02 2.461192202750579128e+01 3.091457479489864113e+01
1.988833406722712880e+02 2.432425145724505100e+01 3.255410806990090578e+01
1.959681977221789282e+02 2.403188936683767452e+01 3.418147606933450078e+01
1.930748658665792448e+02 2.373691160100221609e+01 3.579704869896982444e+01
1.902030439198584304e+02 2.344076226902366145e+01 3.740110868227705510e+01
1.873524727908425689e+02 2.314445087916744015e+01 3.899387856456819179e+01
1.845229232505849097e+02 2.284868254170676138e+01 4.057553855050811364e+01
1.817141881619593846e+02 2.255394064971261514e+01 4.214623783258243606e+01
1.789260750042683696e+02 2.226056639791744018e+01 4.370610548741118606e+01
1.761584032592117524e+02 2.196878654100265038e+01 4.525525428168830189e+01
1.734109998883027970e+02 2.167876144741156708e+01 4.679378725948511430e+01
1.706836984245510109e+02 2.139059469397544788e+01 4.832179906016730087e+01
1.679763369639506436e+02 2.110435434067852967e+01 4.983937883790710544e+01
1.652887568252108395e+02 2.082008710394503836e+01 5.134661220776870749e+01
1.626208028740986151e+02 2.053781483304213396e+01 5.284358076633955648e+01
1.599723217990415094e+02 2.025755272007501873e+01 5.433036459328854306e+01
1.573431623509256951e+02 1.997930668149183475e+01 5.580704189574986174e+01
1.547331754089890410e+02 1.970307258886297674e+01 5.727368890613867336e+01
1.521422130878853238e+02 1.942884559438835268e+01 5.873038116816682219e+01
1.495701288206612674e+02 1.915661918546357256e+01 6.017719341025182445e+01
1.470167777378524079e+02 1.888638112838093264e+01 6.161419899080991769e+01
1.444820161506891338e+02 1.861811878556971322e+01 6.304147063535973672e+01
1.419657014360589926e+02 1.835182020998512442e+01 6.445908059258401579e+01
1.394676921246687016e+02 1.808747315308803394e+01 6.586710050095189217e+01
1.369878481210971302e+02 1.782506274372035548e+01 6.726560106973235520e+01
1.345260304187562497e+02 1.756457434247880300e+01 6.865465247850563912e+01
1.320821010520479604e+02 1.730599382970020272e+01 7.003432442704611560e+01
1.296559230970955525e+02 1.704930759580563659e+01 7.140468613408751253e+01
1.272473607197603513e+02 1.679450191252349001e+01 7.276580625673028635e+01
1.248562792847668419e+02 1.654156190258459702e+01 7.411775274310539885e+01
1.224825451969096690e+02 1.629047307456997018e+01 7.546059304997100980e+01
1.201260258744337790e+02 1.604122122142375773e+01 7.679439414694974175e+01
1.177865897492947624e+02 1.579379241506192777e+01 7.811922251591383315e+01
1.154641062671589964e+02 1.554817300637227007e+01 7.943514415098495363e+01
1.131584458861598108e+02 1.530434953800782516e+01 8.074222455132370158e+01
1.108694801253529221e+02 1.506230802214095021e+01 8.204052863192083578e+01
1.085970815798588802e+02 1.482203455771179712e+01 8.333012077145869512e+01
1.063411238142338533e+02 1.458351546849561053e+01 8.461106487822756606e+01
1.041014813541043225e+02 1.434673725394485722e+01 8.588342438990730443e+01
1.018780296861672241e+02 1.411168658918921714e+01 8.714726227356717914e+01
9.967064525818985032e+01 1.387835032503559063e+01 8.840264102566601423e+01
9.747920547900993427e+01 1.364671548796808587e+01 8.964962267205213209e+01
9.530358871853547953e+01 1.341676928014804560e+01 9.088826876796333920e+01
9.314367424761182690e+01 1.318849899086471389e+01 9.211864042026010679e+01
9.099934237993475961e+01 1.296189157132887892e+01 9.334079817799729994e+01
8.887047446416920593e+01 1.273693397742247058e+01 9.455480206716572411e+01
8.675695273215282555e+01 1.251361335207043446e+01 9.576071168327361249e+01
8.465866029859387254e+01 1.229191702533829833e+01 9.695858619150681079e+01
8.257548116107112435e+01 1.207183251443218985e+01 9.814848432672890510e+01
8.050730020003391019e+01 1.185334752369881528e+01 9.933046439348103718e+01
7.845400317880216789e+01 1.163644994462547366e+01 1.005045842659821602e+02
7.641547674356633024e+01 1.142112785584005685e+01 1.016709013881287689e+02
7.439160842338748125e+01 1.120736952311103707e+01 1.028294727734951408e+02
7.238228663019719988e+01 1.099516339934748466e+01 1.039803550053331378e+02
7.038740067249298704e+01 1.078449788950581834e+01 1.051236042085889437e+02
6.840684082831593571e+01 1.057536051330220594e+01 1.062592759380760157e+02
6.644049823571788238e+01 1.036773917401834311e+01 1.073874253473932328e+02
6.448826484429706341e+01 1.016162205812150354e+01 1.085081072042614210e+02
6.255003341606762746e+01 9.956997589702446305e+00 1.096213758859965566e+02
6.062569752545984869e+01 9.753854430475449533e+00 1.107272853795100360e+02
5.871515155931995622e+01 9.552181479778271367e+00 1.118258892813084202e+02
5.681829071691021937e+01 9.351967874572171269e+00 1.129172407974936618e+02
5.493501100991156960e+01 9.153202988680599006e+00 1.140013927436934011e+02
5.306520929313505519e+01 8.955875763716738547e+00 1.150783974695526126e+02
5.120878332245443687e+01 8.759974658559677607e+00 1.161483068250996666e+02
4.936563164080246224e+01 8.565488539406000967e+00 1.172111722979347803e+02
4.753565355089007483e+01 8.372406463281134137e+00 1.182670450074924986e+02
4.571874911520632168e+01 8.180717678039352236e+00 1.193159757050418364e+02
4.391481915601842445e+01 7.990411622363769339e+00 1.203580147736861932e+02
4.212376525537170124e+01 7.801477925766358013e+00 1.213932122283633106e+02
4.034548975508966606e+01 7.613906408587923558e+00 1.224216177158454144e+02
3.857989575677392935e+01 7.427687081998128882e+00 1.234432805147390013e+02
3.682688712804461773e+01 7.242809756359503304e+00 1.244582494971896693e+02
3.508636857584969704e+01 7.059263729932260922e+00 1.254665730640994070e+02
3.335824556325761137e+01 6.877038582379443987e+00 1.264682992581754490e+02
3.164242425802790493e+01 6.696124077043547729e+00 1.274634757809970580e+02
2.993881153258476147e+01 6.516510160573393939e+00 1.284521499929955155e+02
2.824731496401705400e+01 6.338186962924120316e+00 1.294343689134541648e+02
2.656784283407828440e+01 6.161144797357188452e+00 1.304101792205083541e+02
2.490030412918664737e+01 5.985374160440382951e+00 1.313796272511453651e+02
2.324460854042494873e+01 5.810865732047807874e+00 1.323427590012046835e+02
2.160066646723585748e+01 5.637610295133844041e+00 1.332996201163199999e+02
1.996838907933787510e+01 5.465597889107075780e+00 1.342502557848034144e+02
1.834768827123211921e+01 5.294818702239443731e+00 1.351947108406174038e+02
1.673847659470186144e+01 5.125263198378500640e+00 1.361330298086739674e+02
1.514066725852617168e+01 4.956922006762182420e+00 1.370652568950888508e+02
1.355417412847990732e+01 4.789785922018798381e+00 1.379914359871816316e+02
1.197891172733371512e+01 4.623845904167041887e+00 1.389116106534757478e+02
1.041479523485402403e+01 4.459093078615980588e+00 1.398258241436984122e+02
8.861740487803055899e+00 4.295518736165062634e+00 1.407341193887806980e+02
7.319663989623836464e+00 4.133114070415809138e+00 1.416365389724204533e+02
5.788482957304716514e+00 3.971869809839741361e+00 1.425331250745003047e+02
4.268115257427441023e+00 3.811776997867915462e+00 1.434239195732537553e+02
2.758479372407437680e+00 3.652826814381472165e+00 1.443089640462158627e+02
1.259494400383740720e+00 3.495010567273493685e+00 1.451882997695209951e+02
-2.289199447810054133e-01 3.338319692449002396e+00 1.460619677179031157e+02
-1.706843333500544624e+00 3.182745753824959944e+00 1.469300085646953846e+02
-3.174354820465008942e+00 3.028280443330270799e+00 1.477924626818307274e+02
-4.631532844703754037e+00 2.874915579756204043e+00 1.486493701397692746e+02
-6.078455225157230579e+00 2.722642802985051791e+00 1.495007706778366412e+02
-7.515199121927413906e+00 2.571453606427678729e+00 1.503467036876466238e+02
-8.941841097144457962e+00 2.421339683198840298e+00 1.511872082747743207e+02
-1.035845713823658265e+01 2.272292834602877232e+00 1.520223232622464309e+02
-1.176512265793006939e+01 2.124304970133716886e+00 1.528520871905413401e+02
-1.316191249424927356e+01 1.977368107474872128e+00 1.536765383175891770e+02
-1.454890091051661294e+01 1.831474372499440451e+00 1.544957146187718138e+02
-1.592616159535256770e+01 1.686615999270104860e+00 1.553096537869226381e+02
-1.729376766270778631e+01 1.542785329645908865e+00 1.561183932323078238e+02
