2.540000000000000000e+02 7.000000000000000000e+00 0.000000000000000000e+00
2.493316779501951999e+02 1.357356562069780814e+01 1.464566063939012341e+00
2.448741959713157996e+02 1.802112119692246495e+01 2.696459863952730629e+00
2.405819612077550005e+02 2.098734066679612553e+01 3.765845472131883476e+00
2.364228660986055104e+02 2.292203825925897576e+01 4.721683297025789372e+00
2.323742179000931287e+02 2.413905532656815822e+01 5.598137789016480959e+00
2.284198979879911064e+02 2.485735505655304323e+01 6.419049116938865041e+00
2.245483797178354450e+02 2.522969582332574490e+01 7.201053228755909252e+00
2.207513452555774336e+02 2.536263882894656518e+01 7.955758963209565771e+00
2.170227205647962307e+02 2.533050600994840451e+01 8.691266866580443562e+00
2.133580012664135950e+02 2.518512972226075419e+01 9.413230096695583526e+00
2.097537828202833055e+02 2.496264640402941382e+01 1.012559367079977690e+01
2.062074323846375421e+02 2.468824053153041831e+01 1.083111067691943674e+01
2.027168597534631829e+02 2.437945519421003127e+01 1.153170251351438402e+01
1.992803574785636158e+02 2.404850177719735882e+01 1.222871021812880699e+01
1.958964892591149010e+02 2.370387137642438091e+01 1.292306981484184192e+01
1.925640119607074610e+02 2.335145972532663450e+01 1.361543472499795371e+01
1.892818210029631700e+02 2.299535407338377979e+01 1.430626139358191473e+01
1.860489124374524295e+02 2.263837865215345957e+01 1.499586864651849893e+01
1.828643566154122766e+02 2.228247254196699600e+01 1.568447881077051242e+01
1.797272789136783615e+02 2.192896541796445575e+01 1.637224772230097969e+01
1.766368469957364198e+02 2.157875880055705053e+01 1.705928445155943152e+01
1.735922620044714222e+02 2.123245061930663624e+01 1.774566486049553049e+01
1.705927511185615799e+02 2.089043974311532281e+01 1.843144297992324709e+01
1.676375643014575871e+02 2.055297046861810628e+01 1.911665585291605396e+01
1.647259696254960772e+02 2.022019688261472581e+01 1.980133054148320326e+01
1.618572523691900358e+02 1.989219372087725191e+01 2.048548531027067199e+01
1.590307120628605730e+02 1.956899563043557322e+01 2.116913390217935742e+01
1.562456622421147472e+02 1.925059883270548866e+01 2.185228572116352197e+01
1.535014290958733909e+02 1.893697744591315413e+01 2.253494761144177261e+01
1.507973505410259918e+02 1.862809411664127524e+01 2.321712501700075393e+01
1.481327764953055350e+02 1.832389471057131658e+01 2.389882140518062670e+01
1.455070676405498773e+02 1.802432197731360120e+01 2.458003975765384652e+01
1.429195952801969440e+02 1.772931567680673126e+01 2.526078258603604354e+01
1.403697415703889249e+02 1.743880846459635947e+01 2.594105148488695534e+01
1.378568986788529571e+02 1.715273327562334771e+01 2.662084793976018560e+01
1.353804685627533502e+02 1.687102435640406384e+01 2.730017344161145942e+01
1.329398631414271676e+02 1.659361386937312943e+01 2.797902911816501614e+01
1.305345041368424575e+02 1.632043312518225520e+01 2.865741586903624594e+01
1.281638224679464599e+02 1.605141508103514525e+01 2.933533464359528153e+01
1.258272582010478544e+02 1.578649430216940708e+01 3.001278643750129049e+01
1.235242604933156656e+02 1.552560561539260853e+01 3.068977214826469435e+01
1.212542878418785790e+02 1.526868348389822749e+01 3.136629250436062932e+01
1.190168074323017890e+02 1.501566376026947758e+01 3.204234826334167252e+01
1.168112948856316535e+02 1.476648359130780186e+01 3.271794020508428957e+01
1.146372342583958357e+02 1.452108141803285690e+01 3.339306913178882752e+01
1.124941179104785931e+02 1.427939673869303405e+01 3.406773584425308599e+01
1.103814465909839271e+02 1.404136911006071564e+01 3.474194103296597547e+01
1.082987297119407231e+02 1.380693920378494965e+01 3.541568538824041923e+01
1.062454843225076075e+02 1.357604875739098382e+01 3.608896960916715813e+01
1.042212350505855625e+02 1.334864053346917423e+01 3.676179440002350418e+01
1.022255141028180105e+02 1.312465831967497287e+01 3.743416047027335480e+01
1.002578612645907441e+02 1.290404692872892412e+01 3.810606853456718568e+01
9.831782371246796970e+01 1.268675214138784924e+01 3.877751930919489354e+01
9.640495543180178117e+01 1.247272015187132865e+01 3.944851346035611783e+01
9.451881943207561676e+01 1.226189804194730648e+01 4.011905162454277729e+01
9.265898564336247034e+01 1.205423381654255088e+01 4.078913444157791446e+01
9.082503051633977975e+01 1.184967634295799321e+01 4.145876255361186935e+01
8.901653702228955467e+01 1.164817535086873335e+01 4.212793660512234339e+01
8.723309465309829136e+01 1.144968143232402724e+01 4.279665724291432838e+01
8.547429942125695845e+01 1.125414604174729050e+01 4.346492511612018461e+01
8.373975385986111064e+01 1.106152149593610901e+01 4.413274087619959829e+01
8.202906702261071814e+01 1.087176097406222119e+01 4.480010517693956729e+01
8.034185437879335723e+01 1.068481850718276860e+01 4.546701867478076053e+01
7.867773720165030227e+01 1.050064856862605822e+01 4.613348199312970621e+01
7.703634455033117945e+01 1.031920593360921323e+01 4.679949567970571422e+01
7.541731145427323213e+01 1.014044616725560566e+01 4.746506028437843128e+01
7.382027842021125252e+01 9.964325658121094165e+00 4.813017636962680257e+01
7.224489143217755327e+01 9.790801618194004519e+00 4.879484451053912153e+01
7.069080195150195323e+01 9.619832082895133141e+00 4.945906529481294456e+01
6.915766691681183431e+01 9.451375911077766645e+00 5.012283932275519760e+01
6.764514874403215572e+01 9.285392785027646312e+00 5.078616720728209799e+01
6.615291532638531180e+01 9.121843210463010720e+00 5.144904957391918288e+01
6.468064003439133103e+01 8.960688516534560222e+00 5.211148706080129500e+01
6.322800173632112575e+01 8.801890516865475078e+00 5.277348028183072159e+01
6.179468500857619517e+01 8.645409987653758677e+00 5.343502965961319973e+01
6.038037963482059922e+01 8.491208997328241637e+00 5.409613568367446135e+01
5.898478015724455759e+01 8.339250522979758884e+00 5.475679887531904200e+01
5.760758586513938440e+01 8.189498301732195173e+00 5.541701977175883798e+01
5.624850079489752375e+01 8.041916830742502853e+00 5.607679892611310635e+01
5.490723373001254259e+01 7.896471367200690317e+00 5.673613690740846494e+01
5.358349820107912365e+01 7.753127928329830887e+00 5.739503430057887101e+01
5.227701236921982542e+01 7.611852903072445997e+00 5.805349166620225532e+01
5.098749918975794060e+01 7.472612265891606320e+00 5.871150945343470795e+01
4.971468647975189015e+01 7.335372995301835175e+00 5.936908815206624013e+01
4.845830623653608882e+01 7.200102693642536522e+00 6.002622826097198327e+01
4.721809461629163707e+01 7.066769553652247460e+00 6.068293028480439233e+01
4.599379193404628552e+01 6.935342358468637336e+00 6.133919473399323863e+01
4.478514266367449892e+01 6.805790481628506861e+00 6.199502212474560991e+01
4.359189543789741350e+01 6.678083887067794322e+00 6.265041297904588902e+01
4.241380297259664189e+01 6.552193081469515512e+00 6.330536782056693568e+01
4.125062182215950912e+01 6.428088587554404043e+00 6.395988712125849673e+01
4.010211331250604161e+01 6.305741375133630200e+00 6.461397133488630118e+01
3.896804253458667944e+01 6.185122973293911031e+00 6.526762092310332264e+01
3.784817815090811166e+01 6.066205417429087809e+00 6.592083635242265416e+01
3.674229239553319815e+01 5.948961249240112714e+00 6.657361809421740872e+01
3.565016107408102641e+01 5.833363516735063037e+00 6.722596662472082585e+01
3.457156356372685480e+01 5.719385774229126973e+00 6.787788242502621472e+01
3.350628281320215507e+01 5.607002082344615168e+00 6.852936598108698263e+01
3.245410534279458403e+01 5.496187008010954500e+00 6.918041778371653550e+01
3.141482109515103716e+01 5.386915516240653901e+00 6.983103831898743863e+01
3.038822354721436625e+01 5.279162455545523436e+00 7.048122801117676772e+01
2.937411012922484943e+01 5.172903040318908907e+00 7.113098726897747781e+01
2.837228134616857034e+01 5.068112977794710261e+00 7.178031651138655889e+01
2.738254073310151782e+01 4.964768459230892717e+00 7.242921616737464774e+01
2.640469485514956816e+01 4.862846159909497423e+00 7.307768667588588585e+01
2.543855330750850641e+01 4.762323239136632580e+00 7.372572848583793359e+01
2.448392871544400151e+01 4.663177340242478763e+00 7.437334205612205551e+01
2.354063673429164183e+01 4.565386590581284487e+00 7.502052785560309189e+01
2.260849604945689251e+01 4.468929601531372420e+00 7.566728636311933087e+01
2.168732838102905802e+01 4.373785207163666477e+00 7.631361803923299192e+01
2.077695858161356313e+01 4.279931523536751214e+00 7.695952322341339880e+01
1.987721440816785190e+01 4.187347510937870609e+00 7.760500230569805069e+01
1.898792626682342899e+01 4.096012632500138473e+00 7.825005569341563216e+01
1.810892720461143668e+01 4.005906771134357669e+00 7.889468380234170297e+01
1.724005290946263713e+01 3.917010229529020116e+00 7.953888705669858439e+01
1.638114171020742305e+01 3.829303730150307228e+00 8.018266588915557236e+01
1.553203457657582298e+01 3.742768415242087254e+00 8.082602074082861066e+01
1.469257503835536127e+01 3.657385505712613227e+00 8.146895202561177030e+01
1.386260935610426515e+01 3.573136152845155955e+00 8.211146011181590154e+01
1.304198637900393898e+01 3.490002067963041910e+00 8.275354539205090987e+01
1.223055727961622097e+01 3.407965286124532422e+00 8.339520826142319265e+01
1.142817555313637534e+01 3.327008164639304599e+00 8.403644911738568624e+01
1.063469701739309237e+01 3.247113383068455317e+00 8.467726835973789434e+01
