2.540000000000000000e+02 7.000000000000000000e+00 0.000000000000000000e+00
2.506133312679958465e+02 1.333131640762887393e+01 3.121627792191373985e+00
2.473583811764992220e+02 1.764215198267768869e+01 6.121651031106067009e+00
2.442011903937130626e+02 2.055016249941171580e+01 9.035203412890435715e+00
2.411181065697089139e+02 2.248438623864082686e+01 1.188672756680962905e+01
2.380926372784108764e+02 2.374284507916465614e+01 1.469323968266898639e+01
2.351132643713484356e+02 2.453254862854984708e+01 1.746659680704742712e+01
2.321719254961833769e+02 2.499728707059624000e+01 2.021507204875819852e+01
2.292629594367199104e+02 2.523693457336842272e+01 2.294444863398193846e+01
2.263823731452063726e+02 2.532086468421681857e+01 2.565878025037055465e+01
2.235273331416770759e+02 2.529725908075470286e+01 2.836091864156666631e+01
2.206958118925107613e+02 2.519957970058500152e+01 3.105288043237499451e+01
2.178863421502614699e+02 2.505106483100928116e+01 3.373610195916816679e+01
2.150978463774515603e+02 2.486785092057728619e+01 3.641161621117881708e+01
2.123295182298843145e+02 2.466114153456192071e+01 3.908017576733689680e+01
2.095807402758427713e+02 2.443871307851364705e+01 4.174233814348109206e+01
2.068510268520678892e+02 2.420596043943598730e+01 4.439852506371781260e+01
2.041399842972242880e+02 2.396662456558268772e+01 4.704906370514294878e+01
2.014472831229831229e+02 2.372330154911302103e+01 4.969421555894215459e+01
1.987726391209482983e+02 2.347778815815975406e+01 5.233419602191980147e+01
1.961158001965283404e+02 2.323132255416086878e+01 5.496918804731015484e+01
1.934765363806066887e+02 2.298476683208630433e+01 5.759935249870833474e+01
1.908546343719722813e+02 2.273870665941505465e+01 6.022483380468968761e+01
1.882498921538523575e+02 2.249354953590542294e+01 6.284576553593663562e+01
1.856621166158221286e+02 2.224956806892858197e+01 6.546227286535284406e+01
1.830911207309066810e+02 2.200695137154013636e+01 6.807447548909692614e+01
1.805367227682343980e+02 2.176581924064160845e+01 7.068248843703163686e+01
1.779987443630923849e+02 2.152625717794551718e+01 7.328642406654691399e+01
1.754770107641206209e+02 2.128831169977472015e+01 7.588639180164268794e+01
1.729713494680305530e+02 2.105201496781222303e+01 7.848249953950504221e+01
1.704815902607807345e+02 2.081738386183221934e+01 8.107485360309260614e+01
1.680075651386154902e+02 2.058442121709212458e+01 8.366355881742384781e+01
1.655491076208327286e+02 2.035312801080775458e+01 8.624871921186584700e+01
1.631060529509008177e+02 2.012349955188882333e+01 8.883043780801399691e+01
1.606782381371689894e+02 1.989552461097864722e+01 9.140881657409238414e+01
1.582655015519874269e+02 1.966919224909478459e+01 9.398395682704618537e+01
1.558676829281014591e+02 1.944449174215092668e+01 9.655595923245890333e+01
1.534846235622044048e+02 1.922140878292244892e+01 9.912492359145595344e+01
1.511161661652928672e+02 1.899992802183872698e+01 1.016909489905903285e+02
1.487621547319783986e+02 1.878003485764886804e+01 1.042541339211655185e+02
1.464224345414966137e+02 1.856171537663432503e+01 1.068145762770465410e+02
1.440968522202242070e+02 1.834495494342074906e+01 1.093723732826777137e+02
1.417852557926903501e+02 1.812973763587967824e+01 1.119276214501318805e+02
1.394874945379259543e+02 1.791604804572977372e+01 1.144804167057689739e+02
1.372034189724376176e+02 1.770387116932379712e+01 1.170308543965494437e+02
1.349328808502074537e+02 1.749319240764861760e+01 1.195790292900343417e+02
1.326757331608432935e+02 1.728399747768758488e+01 1.221250355730105213e+02
1.304318301633300337e+02 1.707627136987628802e+01 1.246689668051047448e+02
1.282010274126125751e+02 1.686999906638454050e+01 1.272109159236394476e+02
1.259831816451798687e+02 1.666516586247908194e+01 1.297509753146040055e+02
1.237781507666705210e+02 1.646175728362978674e+01 1.322892368171779935e+02
1.215857938518726513e+02 1.625975908550962501e+01 1.348257917237314985e+02
1.194059711447238925e+02 1.605915725399465543e+01 1.373607307798247632e+02
1.172385440583114189e+02 1.585993800516404484e+01 1.398941441842084998e+02
1.150833751196261687e+02 1.566208758647899835e+01 1.424261216137269059e+02
1.129403280856558922e+02 1.546559187851179651e+01 1.449567521493319759e+02
1.108092679420896189e+02 1.527043691111044232e+01 1.474861242905639926e+02
1.086900607483653403e+02 1.507660891280007398e+01 1.500143260415386521e+02
1.065825736369766901e+02 1.488409431007813488e+01 1.525414449113069963e+02
1.044866748134729875e+02 1.469287972741435411e+01 1.550675679138552425e+02
1.024022335564590378e+02 1.450295198725077128e+01 1.575927815681050959e+02
1.003291202175954027e+02 1.431429811000171171e+01 1.601171718979136642e+02
9.826720622159822938e+01 1.412690531405379879e+01 1.626408244320732308e+02
9.621636406623927940e+01 1.394076101576595761e+01 1.651638242043117089e+02
9.417646730267625799e+01 1.375585267911205101e+01 1.676862557602878780e+02
9.214739057880602502e+01 1.357216719351935375e+01 1.702082031175804673e+02
9.012900965728486824e+01 1.338969153219800390e+01 1.727297497726006554e+02
8.812120128026320742e+01 1.320841292744595385e+01 1.752509787798207128e+02
8.612384316479716517e+01 1.302831886343876988e+01 1.777719727541230554e+02
8.413681400284879430e+01 1.284939707622962857e+01 1.802928138708007566e+02
8.215999346128593572e+01 1.267163555374930972e+01 1.828135838655571774e+02
8.019326218188228950e+01 1.249502253580621058e+01 1.853343640345059953e+02
7.823650178131730115e+01 1.231954651408633694e+01 1.878552352341715448e+02
7.628959485086134862e+01 1.214519622492514195e+01 1.903762778814749197e+02
7.435242496219781572e+01 1.197195978113433590e+01 1.928975719279190741e+02
7.242487673445269536e+01 1.179982478977943927e+01 1.954191968254923779e+02
7.050683571780345460e+01 1.162877929983542558e+01 1.979412316158065721e+02
6.859818835416982097e+01 1.145881163175482698e+01 2.004637549474448974e+02
6.669882197721355510e+01 1.128991037746771831e+01 2.029868450759620089e+02
6.480862481233862127e+01 1.112206440038172417e+01 2.055105798638842600e+02
6.292748597669103816e+01 1.095526283538201895e+01 2.080350367807094187e+02
6.105529547915904942e+01 1.078949508883132680e+01 2.105602929029066956e+02
5.919194421997154620e+01 1.062475082957060835e+01 2.130864249139061997e+02
5.733732399727541207e+01 1.046101906602179277e+01 2.156135090764518338e+02
5.549132758305511715e+01 1.029828826245659634e+01 2.181416211933923819e+02
5.365384860624521934e+01 1.013654731032626266e+01 2.206708366979772791e+02
5.182478151317752690e+01 9.975785363490148328e+00 2.232012306715817260e+02
5.000402156758101313e+01 9.815991838215740728e+00 2.257328778437066319e+02
4.819146485058190876e+01 9.657156413178647369e+00 2.282658525919786143e+02
4.638700826070363803e+01 9.499269029462594105e+00 2.308002289421500564e+02
4.459054951386683285e+01 9.342319890559432238e+00 2.333360805680991064e+02
4.280198714338934707e+01 9.186299462369142077e+00 2.358734807918295076e+02
4.102122050382648411e+01 9.031197788410729288e+00 2.384125025636825228e+02
3.924814984463079526e+01 8.877004044041633790e+00 2.409532184095875209e+02
3.748267621838164843e+01 8.723707850541833508e+00 2.434957005163309702e+02
3.572470142543296845e+01 8.571299094949289099e+00 2.460400207579315577e+02
3.397412801390079551e+01 8.419767929808527285e+00 2.485862506956404445e+02
3.223085927966337039e+01 8.269104773170651512e+00 2.511344615779410674e+02
3.049479926636110605e+01 8.119300308593336624e+00 2.536847243405494510e+02
2.876585276539656988e+01 7.970345485140835962e+00 2.562371096064139806e+02
2.704392531593452986e+01 7.822231517383968935e+00 2.587916876857156012e+02
2.532892320843291500e+01 7.674949409734567851e+00 2.613485285617256864e+02
2.362075355405706389e+01 7.528489028500708002e+00 2.639077018279344884e+02
2.191932421880261828e+01 7.382840643029690675e+00 2.664692767645966001e+02
2.022454375285698447e+01 7.237994806784404211e+00 2.690333223755631025e+02
1.853632138988536937e+01 7.093942342992980876e+00 2.715999073883169217e+02
1.685456704703081954e+01 6.950674344648811065e+00 2.741691002539736246e+02
1.517919132491421230e+01 6.808182174510527318e+00 2.767409691472813051e+02
1.351010550763425222e+01 6.666457465102020308e+00 2.793155819666201864e+02
1.184722156276747818e+01 6.525492118712425516e+00 2.818930063340029619e+02
1.019045215629982337e+01 6.385277896346486237e+00 2.844733095761795312e+02
8.539710716858079920e+00 6.245805168657285300e+00 2.870565586564987939e+02
6.894911330898254143e+00 6.107065024921578988e+00 2.896428202879188234e+02
5.255968716407334540e+00 5.969048843343807143e+00 2.922321609370671922e+02
3.622798224618096974e+00 5.831748207245223803e+00 2.948246468211448814e+02
1.995315840009104225e+00 5.695154905063891881e+00 2.974203439079259397e+02
3.734381803047080450e-01 5.559260930354695596e+00 3.000193179157582222e+02
-1.242917503524960887e+00 5.424058481789330699e+00 3.026216343135625948e+02
-2.853833321797210498e+00 5.289539624398186035e+00 3.052273583091867977e+02
-4.459390710179255812e+00 5.155695808999889884e+00 3.078365548168134751e+02
-6.059670480993453623e+00 5.022518899905661804e+00 3.104492885121704262e+02
-7.654752856878591416e+00 4.890000901970041447e+00 3.130656238448937643e+02
-9.244717471016798527e+00 4.758133947085780413e+00 3.156856250383179940e+02
-1.082964336713355635e+01 4.626910294183848471e+00 3.183093560894761254e+02
