2.540000000000000000e+02 7.000000000000000000e+00 0.000000000000000000e+00
2.513642492529588424e+02 1.407606934246866359e+01 3.268303512766396413e+00
2.488530800480924654e+02 1.893507898123986166e+01 6.471730667313679852e+00
2.464377369742933013e+02 2.225177458202018954e+01 9.628161740362019216e+00
2.440981137712327893e+02 2.449586793214148273e+01 1.275011967364527088e+01
2.418201260706991889e+02 2.599434268634084333e+01 1.584639760178897916e+01
2.395938830642840855e+02 2.697481322104446022e+01 1.892319146394059715e+01
2.374124138389270229e+02 2.759572929776355821e+01 2.198488901160831688e+01
2.352707816780206826e+02 2.796737995699962198e+01 2.503461848089365205e+01
2.331654664786783542e+02 2.816653892434667128e+01 2.807463117304084932e+01
2.310939355667956363e+02 2.824664208758625961e+01 3.110656732696949334e+01
2.290543446260383291e+02 2.824487927187908554e+01 3.413164138929289493e+01
2.270453294749980842e+02 2.818713151879946821e+01 3.715077100604691651e+01
2.250658611177173327e+02 2.809140781777607643e+01 4.016466681807408179e+01
2.231151448563341830e+02 2.797023689356776899e+01 4.317389496098394375e+01
2.211925500647060687e+02 2.783233186372870094e+01 4.617892057138928408e+01
2.192975612932829961e+02 2.768374902551172312e+01 4.918013807895601275e+01
2.174297441200561991e+02 2.752869694148928303e+01 5.217789236364514238e+01
2.155887212976933824e+02 2.737010134853737497e+01 5.517249353476157836e+01
2.137741566794174446e+02 2.720998561464865162e+01 5.816422689123621126e+01
2.119857433501585717e+02 2.704975146545313436e+01 6.115336027689942000e+01
2.102231954355282539e+02 2.689037247460880664e+01 6.414014915756082758e+01
2.084862432057437616e+02 2.673250949196647852e+01 6.712483965670739394e+01
2.067746281829779491e+02 2.657662588043540453e+01 7.010767158956646483e+01
2.050881015000908008e+02 2.642302581838431763e+01 7.308887948242075083e+01
2.034264208957056326e+02 2.627192472917607091e+01 7.606869443755603299e+01
2.017893504425645119e+02 2.612345519264495053e+01 7.904734430389368072e+01
2.001766586691900329e+02 2.597771058720480752e+01 8.202505484449200424e+01
1.985881185524440014e+02 2.583474479906352173e+01 8.500204974333283303e+01
1.970235068519858146e+02 2.569458720882613889e+01 8.797855102129135219e+01
1.954826034584668548e+02 2.555725736951918847e+01 9.095477944349579502e+01
1.939651917607848759e+02 2.542275601348665504e+01 9.393095429340799285e+01
1.924710580356455694e+02 2.529107849123816365e+01 9.690729375596274053e+01
1.909999912491286125e+02 2.516221879969971198e+01 9.988401504381191387e+01
1.895517833366354523e+02 2.503616276040161281e+01 1.028613342251694434e+02
1.881262289390963360e+02 2.491289345501430930e+01 1.058394663915045157e+02
1.867231251952809714e+02 2.479239503040911785e+01 1.088186257919114297e+02
1.853422717813502629e+02 2.467465145994331266e+01 1.117990258103922940e+02
1.839834710689268888e+02 2.455964283507572787e+01 1.147808788683119303e+02
1.826465279101644796e+02 2.444734942104323849e+01 1.177643965632447305e+02
1.813312495490573326e+02 2.433775239639732391e+01 1.207497897314578807e+02
1.800374456214113650e+02 2.423083382508715999e+01 1.237372684480958611e+02
1.787649281827180801e+02 2.412657515680583487e+01 1.267270420155685713e+02
1.775135117895652002e+02 2.402495663160060602e+01 1.297193189058541236e+02
1.762830133220488165e+02 2.392595919801346582e+01 1.327143068841151603e+02
1.750732519333155892e+02 2.382956435126993000e+01 1.357122130482322291e+02
1.738840490495626057e+02 2.373575413327898431e+01 1.387132438288037974e+02
1.727152283700013413e+02 2.364451113245840830e+01 1.417176049891762943e+02
1.715666158148723071e+02 2.355581778221368694e+01 1.447255016718147829e+02
1.704380396859134805e+02 2.346965602332511480e+01 1.477371382772135462e+02
1.693293305357387624e+02 2.338600833975122839e+01 1.507527185579573938e+02
1.682403210329048306e+02 2.330485758251091255e+01 1.537724457252917318e+02
1.671708459619109135e+02 2.322618696968336494e+01 1.567965224491226195e+02
1.661207422231990165e+02 2.314998008640811022e+01 1.598251508580166274e+02
1.650898488331536953e+02 2.307622088488499301e+01 1.628585325392009793e+02
1.640780069241021977e+02 2.300489368437419557e+01 1.658968685385635240e+02
1.630850596027300412e+02 2.293598306242574481e+01 1.689403594775561999e+02
1.621108521487464316e+02 2.286947321635354413e+01 1.719892054031637656e+02
1.611552321782797605e+02 2.280534839785850920e+01 1.750436056495061621e+02
1.602180492266462295e+02 2.274359322400837513e+01 1.781037591720973126e+02
1.592991547427394607e+02 2.268419267821969498e+01 1.811698645523894982e+02
1.583984020890304691e+02 2.262713211025787885e+01 1.842421199977729316e+02
1.575156465415677189e+02 2.257239723623712990e+01 1.873207233415762687e+02
1.566507452899768396e+02 2.251997413862048347e+01 1.904058720430661822e+02
1.558035574374611656e+02 2.246984926621981415e+01 1.934977631874475037e+02
1.549739440008011968e+02 2.242200943419580739e+01 1.965965934858633943e+02
1.541617679103549392e+02 2.237644182405798432e+01 1.997025592753951173e+02
1.533668939968660254e+02 2.233313359603055304e+01 2.028158565451576578e+02
1.525891890619448077e+02 2.229207080684600228e+01 2.059366809018362687e+02
1.518285218079763297e+02 2.225323996993870423e+01 2.090652275768989909e+02
1.510847626774630896e+02 2.221662810036990621e+01 2.122016915795238958e+02
1.503577838494061041e+02 2.218222269376807532e+01 2.153462677008354547e+02
1.496474592393052774e+02 2.215001172632895532e+01 2.184991505139047092e+02
1.489536644991589753e+02 2.211998365481551687e+01 2.216605343737489591e+02
1.482762770174644231e+02 2.209212741655799306e+01 2.248306134173322448e+02
1.476151759192173927e+02 2.206643242945385808e+01 2.280095815635648080e+02
1.469702420396864682e+02 2.204288814797736151e+01 2.311976325463884621e+02
1.463413580089226400e+02 2.202148245560781703e+01 2.343949598673025037e+02
1.457284082786795238e+02 2.200220360425878496e+01 2.376017567330806344e+02
1.451312788969040639e+02 2.198504037225417207e+01 2.408182162632276686e+02
1.445498574993729335e+02 2.196998202692455138e+01 2.440445314985087748e+02
1.439840333096926486e+02 2.195701832460715508e+01 2.472808954009494187e+02
1.434336971392993405e+02 2.194613951064584967e+01 2.505275008538354768e+02
1.428987413874590402e+02 2.193733631939116790e+01 2.537845406617129242e+02
1.423790600412674223e+02 2.193059997420029461e+01 2.570522075503881752e+02
1.418745486739237833e+02 2.192592216587433285e+01 2.603306941692018199e+02
1.413851044340267720e+02 2.192329345495068083e+01 2.636201931400153740e+02
1.409106262090884911e+02 2.192270329628202674e+01 2.669208968894197369e+02
1.404510144134638097e+02 2.192414183834456054e+01 2.702329978215649930e+02
1.400061709117592272e+02 2.192759979492987554e+01 2.735566883992723319e+02
1.395759990188330733e+02 2.193306844514493292e+01 2.768921611440337642e+02
1.391604034997952795e+02 2.194053963341209368e+01 2.802396086360125764e+02
1.387592905700074937e+02 2.195000576946910087e+01 2.835992235140431603e+02
1.383725678950831650e+02 2.196145982836910093e+01 2.869711984756308993e+02
1.380001445908873734e+02 2.197489535048059750e+01 2.903557262769523959e+02
1.376419312368691408e+02 2.199030572919776105e+01 2.937529997367103647e+02
1.372978399857975660e+02 2.200768152628752361e+01 2.971632116853998014e+02
1.369677844380692591e+02 2.202701437276341778e+01 3.005865550017192049e+02
1.366516795351773510e+02 2.204829660080136478e+01 3.040232227387688795e+02
1.363494415584961814e+02 2.207152108587371941e+01 3.074734081294766384e+02
1.360609881292811565e+02 2.209668124674931278e+01 3.109373045865969516e+02
1.357862382086686921e+02 2.212377104549341311e+01 3.144151057027115144e+02
1.355251120976764412e+02 2.215278498746775782e+01 3.179070052502289059e+02
1.352775314371307900e+02 2.218371810989319215e+01 3.214131971817790259e+02
1.350434192404810005e+02 2.221656408648328096e+01 3.249338756443033844e+02
1.348226999653425082e+02 2.225131563714200311e+01 3.284692348867050100e+02
1.346152993568270517e+02 2.228796645641747176e+01 3.320194693884433832e+02
1.344211444079383568e+02 2.232651066210772584e+01 3.355847739202089883e+02
1.342401633595721933e+02 2.236694279526073359e+01 3.391653435439231430e+02
1.340722857005164883e+02 2.240925782017439261e+01 3.427613736127382822e+02
1.339174421674509858e+02 2.245345112439652269e+01 3.463730597710376173e+02
1.337755647449477863e+02 2.249951851872486941e+01 3.500005979544354773e+02
1.336465866607252622e+02 2.254745611768199964e+01 3.536441843999409116e+02
1.335304424109503998e+02 2.259725873322480183e+01 3.573040156702447234e+02
1.334270678390302294e+02 2.264892100149746668e+01 3.609802885161724362e+02
1.333363999693608264e+02 2.270243807933877633e+01 3.646732000630648827e+02
1.332583769835786711e+02 2.275780551868071555e+01 3.683829478451800128e+02
1.331929382205604213e+02 2.281501926654845747e+01 3.721097298056923250e+02
1.331400241764231680e+02 2.287407566506039203e+01 3.758537442966934918e+02
1.330995765045243502e+02 2.293497145142807980e+01 3.796151900791920184e+02
1.330715380154615843e+02 2.299770375795629818e+01 3.833942663231135839e+02
1.330558526770729486e+02 2.306227011204300581e+01 3.871911726073001319e+02
1.330524655979982356e+02 2.312866768285647012e+01 3.910061089785912145e+02
1.330613231541087202e+02 2.319689220231202498e+01 3.948392758170000434e+02
