2.540000000000000000e+02 7.000000000000000000e+00 0.000000000000000000e+00
2.510341732104903940e+02 1.412623834803668288e+01 2.322402961016899248e+00
2.481240913345739045e+02 1.900935712914131770e+01 4.601255436730698811e+00
2.452585077688418664e+02 2.232524122092207719e+01 6.845131126482382200e+00
2.424295260046659450e+02 2.454631171541644719e+01 9.060052684774873910e+00
2.396315913297673319e+02 2.600277717703573543e+01 1.125025950320723034e+01
2.368607862793344623e+02 2.692543289746722124e+01 1.341874419852539901e+01
2.341143377204015792e+02 2.747560397391850628e+01 1.556762794987035292e+01
2.313902728890584513e+02 2.776603988783730870e+01 1.769842241403707206e+01
2.286871784779756922e+02 2.787554904250593779e+01 1.981221317177654129e+01
2.260040324870220161e+02 2.785921313158764789e+01 2.190978776773140169e+01
2.233400866688190547e+02 2.775552799652493263e+01 2.399172522421815756e+01
2.206947843231138506e+02 2.759139713621729584e+01 2.605845863821449271e+01
2.180677028423571358e+02 2.738562164507301233e+01 2.811031893121699099e+01
2.154585135594450946e+02 2.715133909200897122e+01 3.014756542416206742e+01
2.128669536871362311e+02 2.689772786168067853e+01 3.217040720497132611e+01
2.102928066947765728e+02 2.663119895368624768e+01 3.417901807141245030e+01
2.077358885494265337e+02 2.635623153467977886e+01 3.617354700842849269e+01
2.051960381453302489e+02 2.607595406118828762e+01 3.815412547620289985e+01
2.026731107184910456e+02 2.579254406966749258e+01 4.012087242516565055e+01
2.001669729724852118e+02 2.550752401027371619e+01 4.207389800796526913e+01
1.976774998777254382e+02 2.522195542290931058e+01 4.401330601716571067e+01
1.952045724994732439e+02 2.493657063662523399e+01 4.593919553956641977e+01
1.927480761182093261e+02 2.465188667691183966e+01 4.785166238795315508e+01
1.903078994663104311e+02 2.436825141405799755e+01 4.975079968272564201e+01
1.878839335599075469e+02 2.408591423275688470e+01 5.163669874191513998e+01
1.854760715157609923e+02 2.380503696129622426e+01 5.350944922096498146e+01
1.830842078562860706e+02 2.352573577654903403e+01 5.536913964248017095e+01
1.807082384359597711e+02 2.324808549134077751e+01 5.721585745258735756e+01
1.783480602160666706e+02 2.297213296319076647e+01 5.904968919294002916e+01
1.760035709938957211e+02 2.269791325891016243e+01 6.087072070742734553e+01
1.736746695368348128e+02 2.242544139354303212e+01 6.267903704026812761e+01
1.713612553496398903e+02 2.215472609346371158e+01 6.447472261388419668e+01
1.690632286111086557e+02 2.188577340709780827e+01 6.625786127753592325e+01
1.667804902796661963e+02 2.161858021667226737e+01 6.802853622705018211e+01
1.645129419768325079e+02 2.135314095461131600e+01 6.978683009419334837e+01
1.622604859314173495e+02 2.108945065981510325e+01 7.153282498974857617e+01
1.600230250152094129e+02 2.082750267120191268e+01 7.326660247658202252e+01
1.578004627771638582e+02 2.056728659750341492e+01 7.498824354352726118e+01
1.555927033651602187e+02 2.030879245830677959e+01 7.669782866603542004e+01
1.533996515177483673e+02 2.005201091983408546e+01 7.839543781292510971e+01
1.512212125678061341e+02 1.979693298153035386e+01 8.008115044375698233e+01
1.490572924777968637e+02 1.954354773316278227e+01 8.175504548215876355e+01
1.469077978134183695e+02 1.929184404176786316e+01 8.341720133574258966e+01
1.447726357166502282e+02 1.904181120373733549e+01 8.506769591834833477e+01
1.426517139056486485e+02 1.879343887325894613e+01 8.670660665026017000e+01
1.405449406747467549e+02 1.854671706231645345e+01 8.833401045820637876e+01
1.384522248951235213e+02 1.830163562771408436e+01 8.994998377567121395e+01
1.363734760363169869e+02 1.805818356606058117e+01 9.155460252546154720e+01
1.343086041428742021e+02 1.781635021197853774e+01 9.314794213787132549e+01
1.322575198144240289e+02 1.757612508170946342e+01 9.473007756823831471e+01
1.302201342055996633e+02 1.733749786885157818e+01 9.630108329701869252e+01
1.281963590260386354e+02 1.710045844435980200e+01 9.786103332978697722e+01
1.261861065403829514e+02 1.686499685654575842e+01 9.941000119723594253e+01
1.241892895640941106e+02 1.663110329708363366e+01 1.009480599588641780e+02
1.222058214517067256e+02 1.639876758912636845e+01 1.024752822140389696e+02
1.202356161547482003e+02 1.616797941673218020e+01 1.039917400513833314e+02
1.182785881613154686e+02 1.593872862454586681e+01 1.054975051006441049e+02
1.163346524842257139e+02 1.571100519852049793e+01 1.069926485429988645e+02
1.144037246610164260e+02 1.548479926591741318e+01 1.084772411110559318e+02
1.124857207539453015e+02 1.526010109530622572e+01 1.099513530888542903e+02
1.105805573499903574e+02 1.503690109656481333e+01 1.114150543118636705e+02
1.086881515608499171e+02 1.481518982087933445e+01 1.128684141669845644e+02
1.068084210229425111e+02 1.459495796074421037e+01 1.143115015925480265e+02
1.049412838953826821e+02 1.437619633405082631e+01 1.157443850800956255e+02
1.030866588467965244e+02 1.415889539009453379e+01 1.171671326866226082e+02
1.012444651024653552e+02 1.394304524855781580e+01 1.185798119936941362e+02
9.941462239391471201e+01 1.372863621608329687e+01 1.199824901502350514e+02
9.759705094462924535e+01 1.351565879261111824e+01 1.213752338848892407e+02
9.579167147005267680e+01 1.330410367137893957e+01 1.227581095060197640e+02
9.399840517758772762e+01 1.309396173892193360e+01 1.241311829017086836e+02
9.221717376659627519e+01 1.288522407507278800e+01 1.254945195397572775e+02
9.044789942839916819e+01 1.267788195296170173e+01 1.268481844676857975e+02
8.869050484627643982e+01 1.247192683901639931e+01 1.281922423127337538e+02
8.694491319480600566e+01 1.226735033801722530e+01 1.295267572825250113e+02
8.521104814341168776e+01 1.206414313520849468e+01 1.308517931637799734e+02
8.348883387148644886e+01 1.186229575088308685e+01 1.321674133079585260e+02
8.177819502883490088e+01 1.166179906111365661e+01 1.334736806646182572e+02
8.007905672868943725e+01 1.146264416417830745e+01 1.347706577876847689e+02
7.839134454771034655e+01 1.126482238056059693e+01 1.360584068354515637e+02
7.671498452598572726e+01 1.106832525294952418e+01 1.373369895705802719e+02
7.504990316703154463e+01 1.087314454623955839e+01 1.386064673601005097e+02
7.339602743779160221e+01 1.067927224753060322e+01 1.398669011754097937e+02
7.175328476787066734e+01 1.048670051440833006e+01 1.411183515930247268e+02
7.012160305229716073e+01 1.029542059602353987e+01 1.423608787940173954e+02
6.850091067312600046e+01 1.010542352383517795e+01 1.435945425441518353e+02
6.689113645834922295e+01 9.916700669320320571e+00 1.448194022284934022e+02
6.529220967375938756e+01 9.729243609779997470e+00 1.460355168586762318e+02
6.370406002294976133e+01 9.543044128339198906e+00 1.472429450729030691e+02
6.212661764731412006e+01 9.358094213946866802e+00 1.484417451359454674e+02
6.055981312604689037e+01 9.174386061375898294e+00 1.496319749391436176e+02
5.900357747614308579e+01 8.991912071223143954e+00 1.508136920004064336e+02
5.745784215233515368e+01 8.810664846801381955e+00 1.519869534642709539e+02
5.592253904532116593e+01 8.630636406526678073e+00 1.531518161047608828e+02
5.439760050658981072e+01 8.451818167497521017e+00 1.543083363039451399e+02
5.288295931627118307e+01 8.274201925888560183e+00 1.554565700780895838e+02
5.137854866766611650e+01 8.097779680495829524e+00 1.565965730913314644e+02
4.988430216724623989e+01 7.922543632736773311e+00 1.577284006556793088e+02
4.840015383465389220e+01 7.748486186650220375e+00 1.588521077310127509e+02
4.692603810270219356e+01 7.575599948896398317e+00 1.599677489250830149e+02
4.546188981737500967e+01 7.403877728756933507e+00 1.610753784935123178e+02
4.400764423782697321e+01 7.233312538134846648e+00 1.621750503397943532e+02
4.256323703453215046e+01 7.063897133000140549e+00 1.632668180176625583e+02
4.112860430907446840e+01 6.895623330902782122e+00 1.643507347151264639e+02
3.970368257775943732e+01 6.728483319499431126e+00 1.654268532664478641e+02
3.828840874701017327e+01 6.562469494347730858e+00 1.664952261736721937e+02
3.688272011315349630e+01 6.397574450583011441e+00 1.675559056068280199e+02
3.548655436241990913e+01 6.233790982918279155e+00 1.686089434039271282e+02
3.409984957094365399e+01 6.071112085644217338e+00 1.696543910709644933e+02
3.272254420476262737e+01 5.909530952629191702e+00 1.706922997819180523e+02
3.135457711981847950e+01 5.749040977319245904e+00 1.717227203787490737e+02
2.999588756356375896e+01 5.589635464499827400e+00 1.727457033704955336e+02
2.864641518901708750e+01 5.431306593769658519e+00 1.737612989228547917e+02
2.730610003606659930e+01 5.274047051540935449e+00 1.747695568716180503e+02
2.597488251514917579e+01 5.117849752511212991e+00 1.757705267372270725e+02
2.465270340700144303e+01 4.962707763595767041e+00 1.767642577251168916e+02
2.333950386265973265e+01 4.808614303927592815e+00 1.777507987257160664e+02
2.203522540346011382e+01 4.655562744857405733e+00 1.787301983144464828e+02
2.073980992103835774e+01 4.503546609953640534e+00 1.797025047517234384e+02
1.945319967665475502e+01 4.352559474769329029e+00 1.806677659837050385e+02
1.817533730669699565e+01 4.202594302747088229e+00 1.816260296386438711e+02
1.690616582439261961e+01 4.053644249012526402e+00 1.825773430240710979e+02
1.564562859738980727e+01 3.905702632303359234e+00 1.835217531461992451e+02
1.439366934586878344e+01 3.758762867392793972e+00 1.844593067116651923e+02
