2.540000000000000000e+02 7.000000000000000000e+00 0.000000000000000000e+00
2.512629562457661336e+02 1.378366485763016058e+01 1.482129747160899846e+00
2.485624840453001241e+02 1.846319223122205244e+01 2.950559030284700679e+00
2.458975374285435862e+02 2.166462796498471377e+01 4.406248171628369015e+00
2.432672651488847748e+02 2.382808318054070540e+01 5.849906890971582563e+00
2.406709542190004640e+02 2.526294975396321973e+01 7.282068320621173818e+00
2.381079901965109968e+02 2.618672078085548804e+01 8.703141048042615679e+00
2.355778292417816431e+02 2.675228840739827874e+01 1.011344571596448461e+01
2.330799784676945023e+02 2.706712566782598373e+01 1.151324074543787468e+01
2.306139821097503955e+02 2.720677167967303234e+01 1.290274042421121337e+01
2.281794117780880242e+02 2.722432180120332390e+01 1.428212764088284104e+01
2.257758595985157797e+02 2.715709050429759230e+01 1.565156282980431257e+01
2.234029333732475777e+02 2.703129783456856217e+01 1.701119026706661330e+01
2.210602531637045161e+02 2.686536446469211015e+01 1.836114250157931238e+01
2.187474488738411651e+02 2.667222797321184657e+01 1.970154347424107399e+01
2.164641585365395144e+02 2.646097150542052034e+01 2.103251071540403672e+01
2.142100270930806403e+02 2.623797026863120863e+01 2.235415689600475986e+01
2.119847055236786844e+02 2.600769500290896374e+01 2.366659091879681753e+01
2.097878502262387883e+02 2.577327327619677177e+01 2.496991868478094290e+01
2.076191225554874222e+02 2.553689409639104824e+01 2.626424364956428192e+01
2.054781884877966149e+02 2.530008927878894909e+01 2.754966721461393320e+01
2.033647183898478374e+02 2.506391622819750964e+01 2.882628898545662466e+01
2.012783868093233082e+02 2.482911575683002070e+01 3.009420699746054595e+01
1.992188723514020978e+02 2.459619072342190549e+01 3.135351783403977777e+01
1.971858575470070889e+02 2.436548947295718293e+01 3.260431675228658577e+01
1.951790287747811306e+02 2.413724072223064354e+01 3.384669774230847139e+01
1.931980761651964258e+02 2.391160120590280513e+01 3.508075360509950968e+01
1.912426935575034577e+02 2.368866269824766846e+01 3.630657597260288583e+01
1.893125784075457432e+02 2.346848789980003502e+01 3.752425537228938879e+01
1.874074317698951972e+02 2.325110392503186318e+01 3.873388122570909786e+01
1.855269582200297975e+02 2.303652184993368124e+01 3.993554189186436076e+01
1.836708658081831800e+02 2.282474293384566622e+01 4.112932468736337199e+01
1.818388660469408933e+02 2.261575255432309817e+01 4.231531588381228914e+01
1.800306738265047670e+02 2.240953310897469564e+01 4.349360074635217188e+01
1.782460073800102123e+02 2.220606530315776439e+01 4.466426354528958598e+01
1.764845882796900014e+02 2.200532242202482891e+01 4.582738755129805241e+01
1.747461413688745608e+02 2.180727629690671066e+01 4.698305506179145397e+01
1.730303946993594195e+02 2.161189972951350313e+01 4.813134742203360616e+01
1.713370795129514477e+02 2.141916513409441336e+01 4.927234502920882875e+01
1.696659302522827772e+02 2.122904166962607420e+01 5.040612732623850434e+01
1.680166844786346871e+02 2.104149894692198330e+01 5.153277283002161369e+01
1.663890827975307900e+02 2.085650745119979277e+01 5.265235915396424105e+01
1.647828688570002953e+02 2.067403852087605642e+01 5.376496300847304610e+01
1.631977892970989217e+02 2.049406290369371675e+01 5.487066021444536545e+01
1.616335938361386866e+02 2.031655051918918176e+01 5.596952567742158635e+01
1.600900351131200239e+02 2.014147200600463705e+01 5.706163343597070536e+01
1.585668686165666657e+02 1.996879857901869570e+01 5.814705668267059480e+01
1.570638526845258127e+02 1.979850202934641246e+01 5.922586776410799558e+01
1.555807485034964088e+02 1.963055472147038572e+01 6.029813818119359325e+01
1.541173199852875939e+02 1.946492888351941986e+01 6.136393862498682950e+01
1.526733340078632182e+02 1.930159651596044057e+01 6.242333890509519989e+01
1.512485602337554838e+02 1.914053018677429918e+01 6.347640800441110542e+01
1.498427709365693659e+02 1.898170286945788021e+01 6.452321413045386578e+01
1.484557410009825844e+02 1.882508794302409783e+01 6.556382471536970513e+01
1.470872479227457461e+02 1.867065919200188873e+01 6.659830641593173084e+01
1.457370718086821455e+02 1.851839080643620505e+01 6.762672511354007554e+01
1.444049953766879071e+02 1.836825738188803925e+01 6.864914591422162005e+01
1.430908036810933197e+02 1.822023372944204311e+01 6.966563322997302521e+01
1.417942845673986483e+02 1.807429446526407446e+01 7.067625064332492002e+01
1.405152286927335012e+02 1.793041448389611503e+01 7.168106090175926681e+01
1.392534290304398326e+02 1.778856905205501349e+01 7.268012606489367045e+01
1.380086808698141851e+02 1.764873380859432928e+01 7.367350750455796060e+01
1.367807818161079467e+02 1.751088476450435749e+01 7.466126590479407810e+01
1.355695317905270656e+02 1.737499830291209690e+01 7.564346126185637331e+01
1.343747330302322780e+02 1.724105117908128548e+01 7.662015288421126513e+01
1.331961900883389660e+02 1.710902052041236132e+01 7.759139939253742568e+01
1.320337098339172428e+02 1.697888382644250527e+01 7.855725871972575192e+01
1.308871014519919527e+02 1.685061896884561250e+01 7.951778811087937981e+01
1.297561763825300147e+02 1.672420385020055278e+01 8.047304414107571802e+01
1.286407483936837366e+02 1.659961573018828318e+01 8.142308269292175282e+01
1.275406335613487698e+02 1.647683233673402015e+01 8.236795896377417137e+01
1.264556500242640453e+02 1.635583183193917023e+01 8.330772753841496581e+01
1.253856179801799584e+02 1.623659280387450110e+01 8.424244239018075575e+01
1.243303596858583688e+02 1.611909426658020905e+01 8.517215688096297299e+01
1.232896994570725440e+02 1.600331566006584438e+01 8.609692376120777624e+01
1.222634636686071730e+02 1.588923685031036293e+01 8.701679516991610797e+01
1.212514807542584236e+02 1.577683812926209050e+01 8.793182263464352388e+01
1.202535811769805889e+02 1.566610011672788616e+01 8.884205708026216541e+01
1.192695973254185020e+02 1.555700254749445754e+01 8.974754885842425267e+01
1.182993638477243508e+02 1.544952507288615351e+01 9.064834764928070854e+01
1.173427172942749763e+02 1.534364784091283873e+01 9.154450256816102183e+01
1.163994960502950704e+02 1.523935142970622181e+01 9.243606218550868903e+01
1.154695403358570331e+02 1.513661684751986414e+01 9.332307452688111482e+01
1.145526922058811579e+02 1.503542553272918347e+01 9.420558707294972578e+01
1.136487955501355032e+02 1.493575935383144682e+01 9.508364675949987088e+01
1.127576960932359356e+02 1.483760060944577930e+01 9.595729997743082151e+01
1.118792413946461153e+02 1.474093202831315352e+01 9.682659257275588516e+01
1.110132808294009976e+02 1.464573652239382362e+01 9.769156985206969068e+01
1.101596655521854160e+02 1.455199543916870475e+01 9.855227659140291507e+01
1.093182486152643946e+02 1.445969060765081871e+01 9.940875700332757958e+01
1.084888847447269313e+02 1.436880443755505432e+01 1.002610548034947158e+02
1.076714303125568222e+02 1.427931975532306730e+01 1.011092132187568779e+02
1.068657433366325478e+02 1.419121980412330508e+01 1.019532749871679158e+02
1.060716834807274296e+02 1.410448824385099442e+01 1.027932823579832586e+02
1.052891120545094736e+02 1.401910915112815381e+01 1.036292770916597021e+02
1.045178920135414842e+02 1.393506701930358460e+01 1.044613004598555079e+02
1.037578879225395667e+02 1.385234638226725679e+01 1.052893932559487666e+02
1.030089659535534139e+02 1.377093048137414755e+01 1.061135957941983605e+02
1.022709939976907663e+02 1.369080316586746981e+01 1.069339478785385609e+02
1.015438414405589782e+02 1.361194869473942148e+01 1.077504888690489508e+02
1.008273791483149751e+02 1.353435166699758696e+01 1.085632576860234622e+02
1.001214794676650399e+02 1.345799702166493894e+01 1.093722928099705314e+02
9.942601622586502685e+01 1.338287003777983308e+01 1.101776322816130147e+02
9.874086473072026138e+01 1.330895633439600800e+01 1.109793137018882447e+02
9.806590177058548363e+01 1.323624187058259949e+01 1.117773742319479453e+02
9.740100557659945935e+01 1.316471272018043948e+01 1.125718506041375804e+02
9.674605581044883706e+01 1.309435402878836996e+01 1.133627791245500447e+02
9.610093371820975960e+01 1.302515123732942115e+01 1.141501956286141990e+02
9.546552188911914527e+01 1.295709014280225446e+01 1.149341355527826209e+02
9.483970423746458778e+01 1.289015685198779693e+01 1.157146339398606187e+02
9.422336600258441308e+01 1.282433778144927317e+01 1.164917254390060606e+02
9.361639374886746623e+01 1.275961965753217164e+01 1.172654443057295595e+02
9.301867536575333872e+01 1.269598951636426776e+01 1.180358244018943026e+02
9.243010006773225484e+01 1.263343470385561496e+01 1.188028991957161509e+02
9.185055839407735334e+01 1.257194287481044803e+01 1.195667017618419550e+02
9.127994212089146231e+01 1.251150131151526779e+01 1.203272648067592314e+02
9.071814442403814382e+01 1.245209661544629753e+01 1.210846206200987183e+02
9.016505979143174443e+01 1.239371579316521377e+01 1.218388011018025452e+02
8.962058389183111728e+01 1.233634617707714831e+01 1.225898378009992911e+02
8.908461357483960796e+01 1.227997542543066167e+01 1.233377619160040268e+02
8.855704687090502603e+01 1.222459152231776436e+01 1.240826042943183580e+02
8.803778299131971607e+01 1.217018277767390622e+01 1.248243954326303253e+02
8.752672232822050091e+01 1.211673782727797999e+01 1.255631654768145182e+02
8.702376645458869575e+01 1.206424563275231954e+01 1.262989442219319614e+02
