2.540000000000000000e+02 7.000000000000000000e+00 0.000000000000000000e+00
2.504609517495644297e+02 1.368064997492690260e+01 2.159358344016343523e+00
2.469098145324925326e+02 1.831203155645686564e+01 4.331367600746395041e+00
2.433614406986613687e+02 2.148895044793997755e+01 6.509686206931416308e+00
2.398262318912946967e+02 2.363394469244073548e+01 8.689860741752406526e+00
2.363114296475334015e+02 2.504716590240744623e+01 1.086877860928540507e+01
2.328220326101331636e+02 2.594183006617628351e+01 1.304427906525366332e+01
2.293614476832658511e+02 2.646938603394490741e+01 1.521487707104777698e+01
2.259319530402100327e+02 2.673741259338786236e+01 1.737956693640659012e+01
2.225350265425962277e+02 2.682231405437649840e+01 1.953768303755709823e+01
2.191715793663734928e+02 2.677835231463162557e+01 2.168880073473183501e+01
2.158421218736612843e+02 2.664406038853848457e+01 2.383266602249218735e+01
2.125468813709375695e+02 2.644679644459499102e+01 2.596914558386666982e+01
2.092858857706003448e+02 2.620598007031894738e+01 2.809819130405285748e+01
2.060590230094646245e+02 2.593539157608641688e+01 3.021981506505045090e+01
2.028660832582226874e+02 2.564480618487372965e+01 3.233407083827790984e+01
1.997067888640377760e+02 2.534115410643638100e+01 3.444104197933437206e+01
1.965808155215211457e+02 2.502934157161646667e+01 3.654083224268132568e+01
1.934878074059737969e+02 2.471283848733368060e+01 3.863355935686451659e+01
1.904273880121320417e+02 2.439410012332501765e+01 4.071935042091688928e+01
1.873991674936356446e+02 2.407485347640115947e+01 4.279833878493096933e+01
1.844027480726292367e+02 2.375630899844801291e+01 4.487066174917449501e+01
1.814377280890412294e+02 2.343931988530340504e+01 4.693645883973867683e+01
1.785037041920282661e+02 2.312446919284635527e+01 4.899587087300920984e+01
1.756002737908806068e+02 2.281216744011293684e+01 5.104903890892180840e+01
1.727270357888077399e+02 2.250268317341875601e+01 5.309610393414622820e+01
1.698835920738761160e+02 2.219620359678995314e+01 5.513720622212128575e+01
1.670695476030473117e+02 2.189283969377366645e+01 5.717248529262831624e+01
1.642845113109338797e+02 2.159266459824430839e+01 5.920207951810532876e+01
1.615280960764955012e+02 2.129571396790322879e+01 6.122612613353082622e+01
1.587999189998759562e+02 2.100199951985794655e+01 6.324476111178062609e+01
1.560996016737943535e+02 2.071152228603517642e+01 6.525811904147397513e+01
1.534267699684900208e+02 2.042426534642575575e+01 6.726633321550903588e+01
1.507810542532218108e+02 2.014020606992098550e+01 6.926953552774300249e+01
1.481620894267635151e+02 1.985931961452691041e+01 7.126785645413424675e+01
1.455695147514199732e+02 1.958157316266625969e+01 7.326142512148491903e+01
1.430029739139386606e+02 1.930693153880286417e+01 7.525036927328997649e+01
1.404621150178620610e+02 1.903536035976585694e+01 7.723481526419512022e+01
1.379465905087158433e+02 1.876682431621868474e+01 7.921488808874218535e+01
1.354560571228509502e+02 1.850128480843968859e+01 8.119071140406445863e+01
1.329901758526445121e+02 1.823870383330386247e+01 8.316240753131826580e+01
1.305486118783158247e+02 1.797904434388595263e+01 8.513009747697387297e+01
1.281310345465783485e+02 1.772227004424519237e+01 8.709390094029490115e+01
1.257371172872913547e+02 1.746834336738714200e+01 8.905393634566119943e+01
1.233665376844346184e+02 1.721722673622874211e+01 9.101032081624049397e+01
1.210189772614283754e+02 1.696888336910227579e+01 9.296317024188664391e+01
1.186941214538187808e+02 1.672327720308656041e+01 9.491259928823491521e+01
1.163916596092782356e+02 1.648037289400696537e+01 9.685872139670198067e+01
1.141112848810769833e+02 1.624013536627398580e+01 9.880164882037597351e+01
1.118526943299644500e+02 1.600252910654613814e+01 1.007414925926405687e+02
1.096155889205444538e+02 1.576751928914983125e+01 1.026783625254824841e+02
1.073996732041697300e+02 1.553507161818353133e+01 1.046123673132810268e+02
1.052046553156446436e+02 1.530515232108239765e+01 1.065436145338998841e+02
1.030302469732251325e+02 1.507772814861828969e+01 1.084722106486869535e+02
1.008761634786187358e+02 1.485276637489976537e+01 1.103982610024743281e+02
9.874212362774945007e+01 1.463023473560530796e+01 1.123218698528630028e+02
9.662784950459790423e+01 1.441010090980628355e+01 1.142431404389150629e+02
9.453306728870936126e+01 1.419233295984402510e+01 1.161621747165285967e+02
9.245750646409949525e+01 1.397689941967029092e+01 1.180790736163409775e+02
9.040089969672762038e+01 1.376376925746589208e+01 1.199939370838099677e+02
8.836298283449657731e+01 1.355291187564068878e+01 1.219068640792137614e+02
8.634349490725270471e+01 1.334429711083360282e+01 1.238179525776509422e+02
8.434217812678595294e+01 1.313789523391260516e+01 1.257272995690404542e+02
8.235877788682981304e+01 1.293367694997472661e+01 1.276350010581216736e+02
8.039304276306128827e+01 1.273161339834604888e+01 1.295411520644543941e+02
7.844472447142111093e+01 1.253167614116923190e+01 1.314458466360984232e+02
7.651357754799295208e+01 1.233383680607173893e+01 1.333491779555898233e+02
7.459936020175402405e+01 1.213806706360309207e+01 1.352512380608855267e+02
7.270183363308116498e+01 1.194433900115318004e+01 1.371521180671323634e+02
7.082076181515537883e+01 1.175262513473179915e+01 1.390519082381712224e+02
6.895591149396173591e+01 1.156289840896864618e+01 1.409506979865370226e+02
6.710705218828944396e+01 1.137513219711332546e+01 1.428485758734586568e+02
6.527395618973179126e+01 1.118930030103533646e+01 1.447456296088591330e+02
6.345639856268619639e+01 1.100537695122409332e+01 1.466419460513553190e+02
6.165415714435416561e+01 1.082333680678890175e+01 1.485376112082582551e+02
5.986701254474128575e+01 1.064315495545897861e+01 1.504327102355728982e+02
5.809474813542365013e+01 1.046480686385704928e+01 1.523273274418447727e+02
5.633714994834368639e+01 1.028826737525442958e+01 1.542215463245446188e+02
5.459400687933879937e+01 1.011351154363076255e+01 1.561154495005159788e+02
5.286511036302811561e+01 9.940515023245184878e+00 1.580091188114726890e+02
5.115025428409939678e+01 9.769253893844179970e+00 1.599026353536841043e+02
4.944923497730897566e+01 9.599704660661586786e+00 1.617960794779748994e+02
4.776185122748176326e+01 9.431844254418589202e+00 1.636895307897250404e+02
4.608790426951127017e+01 9.265650031323721336e+00 1.655830681488701543e+02
4.442719778835958522e+01 9.101099773072871102e+00 1.674767696699010173e+02
4.277953790558616021e+01 8.938171652238061426e+00 1.693707127263839141e+02
4.114473300020373614e+01 8.776843316535634543e+00 1.712649740123446804e+02
3.952259409312458871e+01 8.617092508530776129e+00 1.731596294143223531e+02
3.791293451535550929e+01 8.458897498323478814e+00 1.750547541191418475e+02
3.631556977100705552e+01 8.302236914556518244e+00 1.769504226593712701e+02
3.473031753729343052e+01 8.147089744415465518e+00 1.788467089133218337e+02
3.315699766453256814e+01 7.993435333628687189e+00 1.807436861050479138e+02
3.159543217614609389e+01 7.841253386467336384e+00 1.826414268043470486e+02
3.004544526865933918e+01 7.690523965745354573e+00 1.845400029267599677e+02
2.850686331170133769e+01 7.541227492819480460e+00 1.864394857335705069e+02
2.697951473330504868e+01 7.393344446669146919e+00 1.883399458704616336e+02
2.546323012706170985e+01 7.246854869429726342e+00 1.902414533336796012e+02
2.395784236516275101e+01 7.101739261200150644e+00 1.921440774302049590e+02
2.246318624324693047e+01 6.957978455045216393e+00 1.940478868950883964e+02
2.097909847442375053e+01 6.815553609273195868e+00 1.959529498934416551e+02
1.950541768927351427e+01 6.674446207435821954e+00 1.978593340204375863e+02
1.804198443584728651e+01 6.534638058328298804e+00 1.997671063013101502e+02
1.658864117966691154e+01 6.396111295989294732e+00 2.016763331913542743e+02
1.514523230372500961e+01 6.258848379700951092e+00 2.035870805759261373e+02
1.371160410848498223e+01 6.122832093988876956e+00 2.054994137704429136e+02
1.228760468156804109e+01 5.988045104709415867e+00 2.074133975647889088e+02
1.087308409149641442e+01 5.854469701534341652e+00 2.093290961600314120e+02
9.467894336313486647e+00 5.722088617594923932e+00 2.112465731829573485e+02
8.071889103122080300e+00 5.590884896859508402e+00 2.131658917659636359e+02
6.684923768009010558e+00 5.460841894005627140e+00 2.150871145470821659e+02
5.306855396045063067e+00 5.331943274420001266e+00 2.170103036699800043e+02
3.937542741285001480e+00 5.204173014198543612e+00 2.189355207839595892e+02
2.576846246767578119e+00 5.077515400146353386e+00 2.208628270439582479e+02
1.224628044515516212e+00 4.951955029777719730e+00 2.227922831105487660e+02
-1.192480457618744771e-01 4.827476802622588714e+00 2.247239491503943043e+02
-1.454916593255783486e+00 4.704065074566321059e+00 2.266578848641173920e+02
-2.782510444228213142e+00 4.581704141414578046e+00 2.285941494478117306e+02
-4.102160852236652389e+00 4.460378865228107337e+00 2.305328016344112996e+02
-5.413997565188177319e+00 4.340074366448412491e+00 2.324738997234592546e+02
-6.718148825339449459e+00 4.220776023897740536e+00 2.344175015811079845e+02
-8.014741369296716655e+00 4.102469474779094405e+00 2.363636646401191683e+02
-9.303900428015809965e+00 3.985140614676224935e+00 2.383124458998636612e+02
-1.058574972680215254e+01 3.868775597553632206e+00 2.402639019263215232e+02
-1.186041153004701165e+01 3.753360638572046160e+00 2.422180888675185315e+02
