2.540000000000000000e+02 7.000000000000000000e+00 0.000000000000000000e+00
2.508428088014517812e+02 1.417987717287555149e+01 1.945447465947785615e+00
2.476562017607546977e+02 1.923493896326683128e+01 3.899395178971363674e+00
2.444586989129001040e+02 2.275844570176052173e+01 5.855739383664264608e+00
2.412635361479065352e+02 2.517839343476175173e+01 7.810122168814328525e+00
2.380801384036559796e+02 2.680354126181370589e+01 9.759444683700122525e+00
2.349151831195360103e+02 2.785663766437339817e+01 1.170151574418449769e+01
2.317733664683385939e+02 2.849836106901974020e+01 1.363479864953970910e+01
2.286579571036388643e+02 2.884462199170601338e+01 1.555822821035640047e+01
2.255711951301264548e+02 2.897902964424272554e+01 1.747107891928789414e+01
2.225145799675232468e+02 2.896188735325448249e+01 1.937286983457881817e+01
2.194890781100235699e+02 2.883668534756138868e+01 2.126329593243535854e+01
2.164952729870988719e+02 2.863478466494816388e+01 2.314217859076764938e+01
2.135334730545050093e+02 2.837879607160542861e+01 2.500942987487425029e+01
2.106037897418736691e+02 2.808501722334575490e+01 2.686502678336552563e+01
2.077061936668499413e+02 2.776519081171901959e+01 2.870899267543191868e+01
2.048405551700658123e+02 2.742777283995174287e+01 3.054138387894038331e+01
2.020066736028618095e+02 2.707884949197357471e+01 3.236228001492612805e+01
1.992042985186990904e+02 2.672280104899486020e+01 3.417177699733350238e+01
1.964331445890635734e+02 2.636276969943668291e+01 3.596998210631600301e+01
1.936929026449108449e+02 2.600100628400138802e+01 3.775701034174758064e+01
1.909832478784214800e+02 2.563912836721023680e+01 3.953298171510072478e+01
1.883038449128569312e+02 2.527828030874404419e+01 4.129801957602629869e+01
1.856543524746737432e+02 2.491928103497226843e+01 4.305224907049838379e+01
1.830344258841727196e+02 2.456270353276358520e+01 4.479579631964102049e+01
1.804437194398975919e+02 2.420895103856140551e+01 4.652878763368205028e+01
1.778818876779497771e+02 2.385829806246102436e+01 4.825134909764918234e+01
1.753485867315053213e+02 2.351093456504517221e+01 4.996360612398117951e+01
1.728434746661858981e+02 2.316697787936064046e+01 5.166568334326788658e+01
1.703662125586258469e+02 2.282650843398209872e+01 5.335770425004373152e+01
1.679164642871729711e+02 2.248956416391538937e+01 5.503979127297008489e+01
1.654938972028574540e+02 2.215616372655793498e+01 5.671206555555572493e+01
1.630981822153486291e+02 2.182631051593186555e+01 5.837464692918593556e+01
1.607289936631277101e+02 2.149998950608395987e+01 6.002765395699059781e+01
1.583860096841459608e+02 2.117718151169065877e+01 6.167120381425618802e+01
1.560689121645461626e+02 2.085786261423751853e+01 6.330541230647763484e+01
1.537773865865703726e+02 2.054199984853596561e+01 6.493039392008651589e+01
1.515111221905533796e+02 2.022955921741262131e+01 6.654626177210577964e+01
1.492698119751981949e+02 1.992050708366669198e+01 6.815312761155020382e+01
1.470531525724655069e+02 1.961480698402582590e+01 6.975110186154400083e+01
1.448608442497597366e+02 1.931241984904754005e+01 7.134029361876304165e+01
1.426925908898573709e+02 1.901330746467149524e+01 7.292081066447235571e+01
1.405480999686425889e+02 1.871743252671342006e+01 7.449275947269083531e+01
1.384270824946013363e+02 1.842475777182535879e+01 7.605624523128530257e+01
1.363292529813356282e+02 1.813524423685109710e+01 7.761137185010137785e+01
1.342543294352851717e+02 1.784885359651741510e+01 7.915824196795377077e+01
1.322020332365420927e+02 1.756554827572446342e+01 8.069695699614131001e+01
1.301720891378432441e+02 1.728529144304198795e+01 8.222761711880710322e+01
1.281642252434364195e+02 1.700804691628581367e+01 8.375032130053077140e+01
1.261781729059180464e+02 1.673377798239304326e+01 8.526516732261939069e+01
1.242136669234767226e+02 1.646244816629270247e+01 8.677225171211858878e+01
1.222704452589475181e+02 1.619402163040784615e+01 8.827166984453492660e+01
1.203482489858124040e+02 1.592846308177194459e+01 8.976351596339632977e+01
1.184468222882003232e+02 1.566573777202892082e+01 9.124788318025203182e+01
1.165659124608871053e+02 1.540581149743312572e+01 9.272486347467270207e+01
1.147052698723078521e+02 1.514865055675724648e+01 9.419454770767258367e+01
1.128646477513007795e+02 1.489422116002946161e+01 9.565702569871547212e+01
1.110438027733309383e+02 1.464248987508999278e+01 9.711238601275843507e+01
1.092424945431138497e+02 1.439342377859484401e+01 9.856071614878625553e+01
1.074604854594276446e+02 1.414699038279784737e+01 1.000021025889539317e+02
1.056975407151130213e+02 1.390315763555066830e+01 1.014366307985866342e+02
1.039534282970733585e+02 1.366189392030279315e+01 1.028643852261797349e+02
1.022279189862746023e+02 1.342316805610154162e+01 1.042854493033988348e+02
1.005207863577452940e+02 1.318694929759205081e+01 1.056999054450797217e+02
9.883180678057655655e+01 1.295320733501728938e+01 1.071078350492283420e+02
9.716075907634458986e+01 1.272191226866247682e+01 1.085093186213596823e+02
9.550742480075946617e+01 1.249303423204386831e+01 1.099044356715446611e+02
9.387158898178955724e+01 1.226654351894519834e+01 1.112932644458013556e+02
9.225303908986376200e+01 1.204241083669382384e+01 1.126758823013102244e+02
9.065156501244733533e+01 1.182060730905590162e+01 1.140523657156740995e+02
8.906695905404200175e+01 1.160110447623639729e+01 1.154227902869181008e+02
8.749901593618582751e+01 1.138387429487908875e+01 1.167872307334897215e+02
8.594753279745334851e+01 1.116888913806655559e+01 1.181457608942588138e+02
8.441230919345547079e+01 1.095612179532019326e+01 1.194984537285175463e+02
8.289314709683958426e+01 1.074554547260019000e+01 1.208453813159804042e+02
8.138985089728937794e+01 1.053713379230555702e+01 1.221866148567842032e+02
7.990222740152506731e+01 1.033086079327410545e+01 1.235222246714881891e+02
7.843008583330316696e+01 1.012670093078245692e+01 1.248522802010738246e+02
7.697323783528254637e+01 9.924628439544440184e+00 1.261768500055790270e+02
7.553149746792441022e+01 9.724616934401151269e+00 1.274960017640691490e+02
7.410468101922067774e+01 9.526641055271582559e+00 1.288098023456848296e+02
7.269260692181998706e+01 9.330675876987594819e+00 1.301183178391808895e+02
7.129509575264117416e+01 9.136696896150386493e+00 1.314216135530526230e+02
6.991197023287338652e+01 8.944680031130479492e+00 1.327197540155356990e+02
6.854305522797596950e+01 8.754601622067744060e+00 1.340128029746063305e+02
6.718817774767857998e+01 8.566438430871381016e+00 1.353008233979811905e+02
6.584716691979099323e+01 8.380167554486712689e+00 1.365838774825591884e+02
6.451985386901586139e+01 8.195765559129430500e+00 1.378620266976135156e+02
6.320607202439571637e+01 8.013209425865737146e+00 1.391353316738692172e+02
6.190565680296148088e+01 7.832476581230416457e+00 1.404038523187187479e+02
6.061844554255316098e+01 7.653544772229895266e+00 1.416676478405465787e+02
5.934427750181986738e+01 7.476392066342254950e+00 1.429267767487293099e+02
5.808299386021980837e+01 7.300996851517225217e+00 1.441812968536356152e+02
5.683443771802027555e+01 7.127337836176182329e+00 1.454312652666262409e+02
5.559845409629771495e+01 6.955394049212152652e+00 1.466767384000539209e+02
5.437488992082486305e+01 6.785144829138594957e+00 1.479177719731194145e+02
5.316359379563129295e+01 6.616569482622179699e+00 1.491544210939449044e+02
5.196441653255389781e+01 6.449647418748033267e+00 1.503867400669178664e+02
5.077721080396378284e+01 6.284358373249940399e+00 1.516147825193694132e+02
4.960183097341222691e+01 6.120682365489071408e+00 1.528386014631895762e+02
4.843813309563063285e+01 5.958599698453971527e+00 1.540582492948269930e+02
4.728597491653058427e+01 5.798090958760578673e+00 1.552737777952891349e+02
4.614521587320384555e+01 5.639137016652203016e+00 1.564852381301422213e+02
4.501571709392232634e+01 5.481719025999542971e+00 1.576926808495113335e+02
4.389734139813804603e+01 5.325818424300680753e+00 1.588961558880801306e+02
4.278995329648328294e+01 5.171416932681073497e+00 1.600957125650911621e+02
4.169341898442296923e+01 5.018496537972223948e+00 1.612913995866379651e+02
4.060760625325779216e+01 4.867038996033019593e+00 1.624832650775312572e+02
3.953238467323642169e+01 4.717026211731476515e+00 1.636713565150410545e+02
3.846762538917579377e+01 4.568440461296872535e+00 1.648557208035478254e+02
3.741320104287837722e+01 4.421264285441780295e+00 1.660364043026752654e+02
3.636898577313231584e+01 4.275480489362055714e+00 1.672134528272900980e+02
3.533485521571130761e+01 4.131072142736849528e+00 1.683869116475022167e+02
3.431068650337467574e+01 3.988022579728603745e+00 1.695568254886645718e+02
3.329635826586737579e+01 3.846315398983045863e+00 1.707232385313733118e+02
3.229175062991991751e+01 3.705934463629197761e+00 1.718861944114675282e+02
3.129674515867482398e+01 3.566863756096277260e+00 1.730457362419280685e+02
3.031122486653388748e+01 3.429087020014181864e+00 1.742019066070839131e+02
2.933507437105976479e+01 3.292588353141225443e+00 1.753547475079471099e+02
2.836817962899061030e+01 3.157352096438569067e+00 1.765043004582073536e+02
2.741042792464315880e+01 3.023362818958468701e+00 1.776506064884379725e+02
2.646170786991273616e+01 2.890605317844288091e+00 1.787937061460964401e+02
2.552190940427323440e+01 2.759064618330484997e+00 1.799336394955239200e+02
2.459092379477713308e+01 2.628725973742620958e+00 1.810704461179455222e+02
