2.540000000000000000e+02 7.000000000000000000e+00 0.000000000000000000e+00
2.509555728722739900e+02 1.421625208296622844e+01 2.975352532608489753e+00
2.478573508394947282e+02 1.941354483965354660e+01 5.980248291172229891e+00
2.447263144554026155e+02 2.312877751051357933e+01 9.002731490912797341e+00
2.415778088129520143e+02 2.575628753293391782e+01 1.203406321508592747e+01
2.384230405843678113e+02 2.758570614427387824e+01 1.506786681658268101e+01
2.352701772858933964e+02 2.882975559997349535e+01 1.809950039350518125e+01
2.321251550301304860e+02 2.964467503279893990e+01 2.112559567748547451e+01
2.289922711960361426e+02 3.014520760821602963e+01 2.414371970388307176e+01
2.258746204044469437e+02 3.041562540664940073e+01 2.715212593256794094e+01
2.227744143990419161e+02 3.051781866524185460e+01 3.014957164242103005e+01
2.196932169949856188e+02 3.049723736597752932e+01 3.313518381027839155e+01
2.166321166846243500e+02 3.038725637843021232e+01 3.610836057895207318e+01
2.135918534055071802e+02 3.021238151913781778e+01 3.906869889212688918e+01
2.105729116468478423e+02 2.999060441994108572e+01 4.201594134527785229e+01
2.075755888642692639e+02 2.973513302238650624e+01 4.494993713208484820e+01
2.046000457449256658e+02 2.945566312597391700e+01 4.787061335172698051e+01
2.016463428892479897e+02 2.915930645197504489e+01 5.077795407035922892e+01
1.987144679461502790e+02 2.885127730327293349e+01 5.367198483231235429e+01
1.958043557903694989e+02 2.853540328393349057e+01 5.655276114326039760e+01
1.929159028415747912e+02 2.821448787520626666e+01 5.942036029759010063e+01
1.900489776102677979e+02 2.789057758446355706e+01 6.227487535969322607e+01
1.872034292437298291e+02 2.756517855216493373e+01 6.511641028705032852e+01
1.843790923746595638e+02 2.723937960674679815e+01 6.794507716376696749e+01
1.815757922787348093e+02 2.691398319129978489e+01 7.076099325795232176e+01
1.787933471619869294e+02 2.658956364164993502e+01 7.356427971734287041e+01
1.760315711984573284e+02 2.626654450605713365e+01 7.635505983684322473e+01
1.732902754095656519e+02 2.594522118452558956e+01 7.913345855781342664e+01
1.705692697516651606e+02 2.562581426960887399e+01 8.189960127813087354e+01
1.678683631008242401e+02 2.530846947418761417e+01 8.465361386187161941e+01
1.651873646858621782e+02 2.499329449011403881e+01 8.739562182323092543e+01
1.625260841308900979e+02 2.468036037270731242e+01 9.012575030321940517e+01
1.598843317424008035e+02 2.436970924592233700e+01 9.284412390719566588e+01
1.572619191901524971e+02 2.406137213234897132e+01 9.555086631812675080e+01
1.546586592281250603e+02 2.375536208129953408e+01 9.824610045647166601e+01
1.520743659380141537e+02 2.345168082846913649e+01 1.009299483427784736e+02
1.495088550521343507e+02 2.315032761121931060e+01 1.036025309154239693e+02
1.469619437931431492e+02 2.285129531860291863e+01 1.062639681227526864e+02
1.444334508339867682e+02 2.255456964483753879e+01 1.089143789464741019e+02
1.419231965302921310e+02 2.226013593950725422e+01 1.115538812720993604e+02
1.394310029250165144e+02 2.196797956447640132e+01 1.141825918870495542e+02
1.369566936144111082e+02 2.167808273581029255e+01 1.168006265579071794e+02
1.345000937742934184e+02 2.139042518809779025e+01 1.194081000154196204e+02
1.320610302302580124e+02 2.110498721454729321e+01 1.220051259184455716e+02
1.296393314499952680e+02 2.082174968101735857e+01 1.245918168590030177e+02
1.272348275162821949e+02 2.054069357052549805e+01 1.271682843784128920e+02
1.248473500457570395e+02 2.026179792758154008e+01 1.297346390136603418e+02
1.224767322617931171e+02 1.998504184210453971e+01 1.322909902562455216e+02
1.201228089484667549e+02 1.971040488797229528e+01 1.348374465835638603e+02
1.177854164464113040e+02 1.943786708591940737e+01 1.373741154614888558e+02
1.154643926528171107e+02 1.916740890353726456e+01 1.399011033443719327e+02
1.131595769667664371e+02 1.889901068822246089e+01 1.424185157088435574e+02
1.108708103105876290e+02 1.863265204695670363e+01 1.449264570379339432e+02
1.085979351501489703e+02 1.836831303872359200e+01 1.474250308116435519e+02
1.063407954052339335e+02 1.810597401384904970e+01 1.499143395648168564e+02
1.040992364492198874e+02 1.784561561211529934e+01 1.523944848873446745e+02
1.018731051090781392e+02 1.758721876276084473e+01 1.548655674241641407e+02
9.966224966537389207e+01 1.733076468448046725e+01 1.573276868752586211e+02
9.746651982135077219e+01 1.707623480348899037e+01 1.597809420155354587e+02
9.528576663372417954e+01 1.682361019339571939e+01 1.622254307381222702e+02
9.311984274684756713e+01 1.657287214514903440e+01 1.646612499036485531e+02
9.096860216771139562e+01 1.632400220556774073e+01 1.670884954869321462e+02
8.883190023449216710e+01 1.607698213539648435e+01 1.695072625973330389e+02
8.670959361655242503e+01 1.583179390930571806e+01 1.719176454787533146e+02
8.460154031444083955e+01 1.558841971589172637e+01 1.743197375096371218e+02
8.250759965989212219e+01 1.534684195767662374e+01 1.767136312029707881e+02
8.042763231582699746e+01 1.510704325110834567e+01 1.790994182062824507e+02
7.836150027635235915e+01 1.486900642656065408e+01 1.814771893016426816e+02
7.630906679553199012e+01 1.463271452151130347e+01 1.838470344520411288e+02
7.427019628069594148e+01 1.439815051513648392e+01 1.862090428700411451e+02
7.224475479993580507e+01 1.416529728866637150e+01 1.885633026870694380e+02
7.023260965913540588e+01 1.393413792223664238e+01 1.909099012298843263e+02
6.823362935037823718e+01 1.370465571003206762e+01 1.932489250542317620e+02
6.624768355194734681e+01 1.347683416028653092e+01 1.955804599448451881e+02
6.427464312832536564e+01 1.325065699528302154e+01 1.979045909154456240e+02
6.231438013019459987e+01 1.302610815135363609e+01 2.002214022087418073e+02
6.036676779443689611e+01 1.280317177887957847e+01 2.025309772964298816e+02
5.843168054413370527e+01 1.258183224229115460e+01 2.048333988791936804e+02
5.650899398856608968e+01 1.236207412006778839e+01 2.071287488867044715e+02
5.459858492321472312e+01 1.214388220473800040e+01 2.094171084776212979e+02
5.270033132975985524e+01 1.192724150287942386e+01 2.116985580395906368e+02
5.081411237229207956e+01 1.171213719304601142e+01 2.139731771915807599e+02
4.893980834474656660e+01 1.149855372651584418e+01 2.162410448152665765e+02
4.707730073591059750e+01 1.128647568575318871e+01 2.185022390154081791e+02
4.522647213852038561e+01 1.107588808629043875e+01 2.207568371800294642e+02
4.338720621775695463e+01 1.086677618107119514e+01 2.230049160003183601e+02
4.155938771124617404e+01 1.065912546045024634e+01 2.252465514706267982e+02
3.974290242905865256e+01 1.045292165219358971e+01 2.274818188884708547e+02
3.793763725370988027e+01 1.024815072147841910e+01 2.297107928545304958e+02
3.614348014016012911e+01 1.004479887089313550e+01 2.319335472726498892e+02
3.436032011581448131e+01 9.842852540437329267e+00 2.341501553498371777e+02
3.258804723031248329e+01 9.642298115835407302e+00 2.363606896280432466e+02
3.082655255778542980e+01 9.443121388730171262e+00 2.385652219809747123e+02
2.907572831351311393e+01 9.245308609232729680e+00 2.407638235414497956e+02
2.733546769296116352e+01 9.048846231707743826e+00 2.429565648054455664e+02
2.560566486605584302e+01 8.853720894043972223e+00 2.451435156357608776e+02
2.388621497718408193e+01 8.659919417654263540e+00 2.473247452620163074e+02
2.217701414519345349e+01 8.467428807475572583e+00 2.495003222806543022e+02
2.047795946339217465e+01 8.276236251968944302e+00 2.516703146549391477e+02
1.878894899954913100e+01 8.086329123119522677e+00 2.538347897149569121e+02
1.710988179589383407e+01 7.897694976436549830e+00 2.559938141576154749e+02
1.544065783093440380e+01 7.710321449620141543e+00 2.581474540711957957e+02
1.378117798767671331e+01 7.524195820454353090e+00 2.602957749546450827e+02
1.213134423299362474e+01 7.339305547764618076e+00 2.624388416024553408e+02
1.049105942849464768e+01 7.155638277492216481e+00 2.645767182278864311e+02
8.860227315036306450e+00 6.973181822302522370e+00 2.667094684729922278e+02
7.238752512722156141e+00 6.791924161584984354e+00 2.688371554086202764e+02
5.626540520902763909e+00 6.611853441453138913e+00 2.709598415344124760e+02
4.023497718175729432e+00 6.432957974744608620e+00 2.730775887788042269e+02
2.429531362385662252e+00 6.255226241021097700e+00 2.751904584990250555e+02
8.445495906242078687e-01 6.078646886568394692e+00 2.772985114810982168e+02
-7.315385807699825715e-01 5.903208724396373341e+00 2.794018079398413761e+02
-2.298823276419608153e+00 5.728900676441469386e+00 2.815004075318449281e+02
-3.857393823524103649e+00 5.555711280307336075e+00 2.835943693940481012e+02
-5.407338578093922266e+00 5.383629136947194027e+00 2.856837520319548958e+02
-6.948745079057595753e+00 5.212643049288196551e+00 2.877686134204746509e+02
-8.481700073775535031e+00 5.042741990973696353e+00 2.898490110204414805e+02
-1.000628951804002931e+01 4.873915106363232219e+00 2.919250017786145008e+02
-1.152259857607524118e+01 4.706151710532535226e+00 2.939966421276779442e+02
-1.303071162053721821e+01 4.539441289273521640e+00 2.960639879862409316e+02
-1.453071223251388133e+01 4.373773499094301798e+00 2.981270947588379840e+02
-1.602268320152503023e+01 4.209138167219174775e+00 3.001860173359283408e+02
-1.750670652552234685e+01 4.045525291588623951e+00 3.022408100938965276e+02
-1.898286341646234021e+01 3.882924978390711601e+00 3.042915268984838235e+02
