2.540000000000000000e+02 7.000000000000000000e+00 0.000000000000000000e+00
2.585393246824137918e+02 -3.851459671918956928e+01 -8.125583257315522445e+00
2.599018575604384864e+02 -8.060033768001186161e+01 -1.116969535705692174e+01
2.582163541683361814e+02 -1.182227558775268363e+02 -9.546504851018466908e+00
2.536962844523840488e+02 -1.505724863950047450e+02 -3.777105796548000605e+00
2.466260851368336660e+02 -1.770711199516124452e+02 5.535488856885769415e+00
2.373463891986638430e+02 -1.973694715438607545e+02 1.773176782723955114e+01
2.262387780961752242e+02 -2.113389481957224234e+02 3.212072873777574955e+01
2.137105608036030446e+02 -2.190568665060086460e+02 4.800374729579583288e+01
2.001800543140044510e+02 -2.207866867189434572e+02 6.469665581245970998e+01
1.860627578313460333e+02 -2.169541826269188505e+02 8.154953158134460978e+01
1.717587919704088222e+02 -2.081206478729504568e+02 9.796374671185184013e+01
1.576418676836198074e+02 -1.949541949642037650e+02 1.134060087513946371e+02
1.440499984863147915e+02 -1.782001941612457472e+02 1.274192088943219403e+02
1.312780947788465937e+02 -1.586518343935223641e+02 1.396300131216959244e+02
1.195725086749359036e+02 -1.371217001646166693e+02 1.497532383441513559e+02
1.091275322448587417e+02 -1.144151518217072692e+02 1.575931505121851046e+02
1.000837920650486979e+02 -9.130617585445679651e+01 1.630419044491262355e+02
9.252842902805176095e+01 -6.851623811115817375e+01 1.660754150036397618e+02
8.649690729115053500e+01 -4.669653653590194864e+01 1.667470030682091249e+02
8.197625921423446016e+01 -2.641391185435014322e+01 1.651791995967724347e+02
7.890954531729758514e+01 -8.140540379741180388e+00 1.615541150066357829e+02
7.720128960674824725e+01 7.752593597518865565e+00 1.561027910407603088e+02
7.672364156679275027e+01 2.099856443715003351e+01 1.490939470025292906e+02
7.732301023914865823e+01 3.143393008909615460e+01 1.408225243438637335e+02
7.882693394069201531e+01 3.899503143103194702e+01 1.315983845456863719e+02
8.105095284735251937e+01 4.371152558102708241e+01 1.217355009765547891e+02
8.380525866843979088e+01 4.569760799269754870e+01 1.115419560492516240e+02
8.690096067908611133e+01 4.514137314954606239e+01 1.013109425683958165e+02
9.015578884495143086e+01 4.229280221709210252e+01 9.131299350522866121e+01
9.339911360179289090e+01 3.745086306966102541e+01 8.178956246855578627e+01
9.647618415006441239e+01 3.095019517144347532e+01 7.294804062759060059e+01
9.925152345656864838e+01 2.314781559483925477e+01 6.495823907165780042e+01
1.016114407030843978e+02 1.441027108820746427e+01 5.795032836001589516e+01
1.034656663987089900e+02 5.101571844799586586e+00 5.201416562407928268e+01
1.047481279818547506e+02 -4.427772120361760599e+00 4.719992027780839550e+01
1.054169176647557578e+02 -1.385038153875351341e+01 4.351986659854641459e+01
1.054535203377154176e+02 -2.287010518151458882e+01 4.095118890677229473e+01
1.048613881996685535e+02 -3.122848068664663757e+01 3.943962973330258848e+01
1.036639608365751286e+02 -3.870949078048812453e+01 3.890379668418344039e+01
1.019022390433787422e+02 -4.514261162287371576e+01 3.923993873388151599e+01
9.963202371673381208e+01 -5.040420775476157189e+01 4.032700781245947752e+01
9.692093332689842100e+01 -5.441736738147733377e+01 4.203182483387858071e+01
9.384531051789491585e+01 -5.715031574058025399e+01 4.421418240804754163e+01
9.048712210718727533e+01 -5.861357559400209993e+01 4.673173306133308813e+01
8.693094821073314904e+01 -5.885606754907271210e+01 4.944453094742035404e+01
8.326114558653132747e+01 -5.796035948270015581e+01 5.221911654438692096e+01
7.955925786781413933e+01 -5.603728353854674538e+01 5.493205713495149922e+01
7.590173130868706153e+01 -5.322013986338495073e+01 5.747288046832042596e+01
7.235797968469300656e+01 -4.965869713642100436e+01 5.974636345765698309e+01
6.898882946649642633e+01 -4.551319528850996221e+01 6.167415874831497291e+01
6.584536030179009458e+01 -4.094853214868830094e+01 6.319576574448957729e+01
6.296814324445190891e+01 -3.612879772872226170e+01 6.426887137602672340e+01
6.038686657827718562e+01 -3.121229488980537070e+01 6.486910332147733982e+01
5.812032800177035341e+01 -2.634715839150231531e+01 6.498925288489608931e+01
5.617676246836004594e+01 -2.166765645191176048e+01 6.463803619919244170e+01
5.455446724520025015e+01 -1.729123088493129146e+01 6.383847083638956832e+01
5.324267985770372036e+01 -1.331630438564343422e+01 6.262595021781429949e+01
5.222266053718972501e+01 -9.820857155750349676e+00 6.104610051452151964e+01
5.146892877239176300e+01 -6.861752439812089932e+00 5.915250416124756327e+01
5.095060137035801517e+01 -4.474768755071244719e+00 5.700437400193582960e+01
5.063278808084535854e+01 -2.675271970781940123e+00 5.466424257206102766e+01
5.047798847544245859e+01 -1.459468471001565071e+00 5.219575402482786330e+01
5.044745265416577240e+01 -8.061325081043948515e-01 4.966160462426929456e+01
5.050246605163266622e+01 -6.787264408744848598e-01 4.712168635579274678e+01
5.060552534481783482e+01 -1.027813573060529118e+00 4.463147305491887806e+01
5.072137713396431025e+01 -1.793662444429073632e+00 4.224068016415937876e+01
5.081790047361046447e+01 -2.908948105977759102e+00 3.999221404544326930e+01
5.086681898063726237e+01 -4.301459414633036715e+00 3.792141930660161364e+01
5.084423441599046356e+01 -5.896726395662917675e+00 3.605562275557689844e+01
5.073098147409447023e+01 -7.620497700620422421e+00 3.441396182299655493e+01
5.051280687938758263e+01 -9.400999995267497411e+00 3.300747975742200424e+01
5.018038279873826468e+01 -1.117093149701299026e+01 3.183946153583118388e+01
4.972916795597436845e+01 -1.286914989169196133e+01 3.090597999301310850e+01
4.915913353762905302e+01 -1.444202848289130081e+01 3.019661767955630438e+01
4.847437362097072366e+01 -1.584446676185112857e+01 2.969532758012417517e+01
4.768262212570442671e+01 -1.704055301863894556e+01 2.938139393071051586e+01
4.679469988201616815e+01 -1.800388990584841054e+01 2.923045399861324256e+01
4.582391110541485091e+01 -1.871760216120040710e+01 2.921555067898711755e+01
4.478541510874914877e+01 -1.917404461759773326e+01 2.930817417690447613e+01
4.369559942813648235e+01 -1.937425590625332816e+01 2.947925535988941803e+01
4.257146201919056949e+01 -1.932719572101965610e+01 2.970010426730540942e+01
4.143002609627804844e+01 -1.904879069287733984e+01 2.994325722828250491e+01
4.028781133662243974e+01 -1.856085850671730952e+01 3.018320382229496701e+01
3.916035951186631792e+01 -1.788993841117988381e+01 3.039700213022715047e+01
3.806183111253144347e+01 -1.706607335630426547e+01 3.056476157701039753e+01
3.700467912292824479e+01 -1.612158771555304426e+01 3.066999056678049840e+01
3.599940334920633944e+01 -1.508989855714028749e+01 3.069980983031638999e+01
3.505438581702220091e+01 -1.400439643487483821e+01 3.064503707388995934e+01
3.417580462211969916e+01 -1.289741856180157775e+01 3.050015161150304266e+01
3.336762281687838083e+01 -1.179934122778903749e+01 3.026314977981862597e+01
3.263164685326292869e+01 -1.073780921345022676e+01 2.993530388464109038e+01
3.196764678052830533e+01 -9.737114508435043447e+00 2.952084049147856959e+01
3.137352860606608829e+01 -8.817731939844884792e+00 2.902655614381826510e+01
3.084554943015250572e+01 -7.996010840365133099e+00 2.846138670984048602e+01
3.037856451287753146e+01 -7.284017204196614692e+00 2.783594824529678391e+01
2.996629979892150075e+01 -6.689521394765383100e+00 2.716205976003707789e+01
2.960163191729676058e+01 -6.216124554149550896e+00 2.645227798911495043e+01
2.927687315127831980e+01 -5.863492863379161868e+00 2.571944296044935996e+01
2.898405051824304479e+01 -5.627701616810826479e+00 2.497625363788912622e+01
2.871516880105885861e+01 -5.501656829546833549e+00 2.423488551515843881e+01
2.846245168493212674e+01 -5.475577704383694844e+00 2.350665733826121695e+01
2.821855754644764502e+01 -5.537523102027261501e+00 2.280174993044608911e+01
2.797676283208789272e+01 -5.673939059164365695e+00 2.212898528577593282e+01
2.773111125973731816e+01 -5.870209962301991879e+00 2.149566587073298862e+01
2.747652690944681453e+01 -6.111195820631464493e+00 2.090747433599965177e+01
2.720889077542127055e+01 -6.381740238358601047e+00 2.036843160622121118e+01
2.692508156925822860e+01 -6.667135811183618088e+00 1.988090957662840097e+01
2.662298251776351776e+01 -6.953536641226600423e+00 1.944569351995346196e+01
2.630145687151048506e+01 -7.228309533126999753e+00 1.906208794944668838e+01
2.596029558445932395e+01 -7.480318556274904829e+00 1.872805895039672563e+01
2.560014054067914913e+01 -7.700140398891914373e+00 1.844040663308591022e+01
2.522238832349562898e+01 -7.880206670012470660e+00 1.819495831212097769e+01
2.482908009758706669e+01 -8.014877482543152354e+00 1.798677348842560519e+01
2.442277904668104682e+01 -8.100454551920933000e+00 1.781035960140944852e+01
2.400644309095524065e+01 -8.135124706550820761e+00 1.765988345828155914e+01
2.358329926764440998e+01 -8.118859718195713171e+00 1.752937189057294631e+01
2.315671241047859752e+01 -8.053261290382444315e+00 1.741291244535464600e+01
2.273007184766593625e+01 -7.941375434124651633e+00 1.730481717606918934e+01
2.230667784817435972e+01 -7.787475589390957964e+00 1.719978122652101504e+01
2.188964404450965517e+01 -7.596823922558536779e+00 1.709300964918749699e+01
2.148181559233254490e+01 -7.375428943728008058e+00 1.698031614665747568e+01
2.108569886415105543e+01 -7.129794331151274811e+00 1.685820013017356800e+01
2.070340968444045515e+01 -6.866674443485726087e+00 1.672389268423288655e+01
