2.540000000000000000e+02 7.000000000000000000e+00 0.000000000000000000e+00
2.502544707148696546e+02 1.355810494806429567e+01 2.725905497606389449e+00
2.464862477574063462e+02 1.834080312124837420e+01 5.450346606918099468e+00
2.427130907080576492e+02 2.179625015732762350e+01 8.168127639535903484e+00
2.389481271560755431e+02 2.425985665379462830e+01 1.087543788840363135e+01
2.352010202573159745e+02 2.598265266887318603e+01 1.356950213254142135e+01
2.314788420212783535e+02 2.715250398678600163e+01 1.624831923373698572e+01
2.277867273203361549e+02 2.791000182008327712e+01 1.891046637549485965e+01
2.241283634456722211e+02 2.836035770258573052e+01 2.155495253208573203e+01
2.205063561816918423e+02 2.858229882481372996e+01 2.418110890246192213e+01
2.169225039445029495e+02 2.863473009560956228e+01 2.678850686563907857e+01
2.133780029447725042e+02 2.856172066316414870e+01 2.937689658418993943e+01
2.098736007045222038e+02 2.839623585153026042e+01 3.194616106811884038e+01
2.064097109230112039e+02 2.816293018188918396e+01 3.449628180890764639e+01
2.029864994116330195e+02 2.788023758635692673e+01 3.702731307401247562e+01
1.996039483888377504e+02 2.756193592239478107e+01 3.953936267917576686e+01
1.962619046283168984e+02 2.721831922715333363e+01 4.203257759413307326e+01
1.929601155484048149e+02 2.685707702409337827e+01 4.450713315802853742e+01
1.896982558625484216e+02 2.648394428871903727e+01 4.696322512003452232e+01
1.864759476959372080e+02 2.610319266202668231e+01 4.940106363565804770e+01
1.832927760181131305e+02 2.571800790084176924e+01 5.182086866537039782e+01
1.801482994069818915e+02 2.533075382349659321e+01 5.422286677010847455e+01
1.770420585078673525e+02 2.494318021693595711e+01 5.660728859643677424e+01
1.739735826889372277e+02 2.455658706429219507e+01 5.897436690259293357e+01
1.709423939236553167e+02 2.417192104485048887e+01 6.132433541199257832e+01
1.679480111822149979e+02 2.378988485278732767e+01 6.365742751764276619e+01
1.649899520145172289e+02 2.341097763126412445e+01 6.597387582250897253e+01
1.620677354141995181e+02 2.303556728575876633e+01 6.827391130186599355e+01
1.591808823096471883e+02 2.266390413856217734e+01 7.055776316872868392e+01
1.563289173489057191e+02 2.229616715094833523e+01 7.282565836011796989e+01
1.535113691425282809e+02 2.193247144090656064e+01 7.507782147600038058e+01
1.507277709256174489e+02 2.157288686217560070e+01 7.731447459905595565e+01
1.479776612111780878e+02 2.121745629135478239e+01 7.953583711646365373e+01
1.452605835270222485e+02 2.086619038077030552e+01 8.174212580688660523e+01
1.425760870374962224e+02 2.051908595955313785e+01 8.393355467806608772e+01
1.399237265788257503e+02 2.017612859068405129e+01 8.611033496845472257e+01
1.373030624526558370e+02 1.983728843449360113e+01 8.827267521533761396e+01
1.347136607283827630e+02 1.950253133763911251e+01 9.042078119125302749e+01
1.321550932440939619e+02 1.917182050250170633e+01 9.255485591554911196e+01
1.296269373949068040e+02 1.884511189161320033e+01 9.467509972167134435e+01
1.271287762085755162e+02 1.852235868185906753e+01 9.678171025334920330e+01
1.246601983318993803e+02 1.820351441100753576e+01 9.887488249366130333e+01
1.222207979698749085e+02 1.788853226802781649e+01 1.009548087887760204e+02
1.198101747623169331e+02 1.757736222091704548e+01 1.030216788857807302e+02
1.174279337943426071e+02 1.726995412045162936e+01 1.050756799500310734e+02
1.150736854661809190e+02 1.696625874228458741e+01 1.071169966343522759e+02
1.127470454860618361e+02 1.666622775931366718e+01 1.091458110822115231e+02
1.104476347361567150e+02 1.636981247463352318e+01 1.111623029821527524e+02
1.081750793731646070e+02 1.607696344348081396e+01 1.131666495174008276e+02
1.059290106134932046e+02 1.578763211079210826e+01 1.151590254794600838e+02
1.037090646129205425e+02 1.550177077519325231e+01 1.171396033248962709e+02
1.015148824665950684e+02 1.521933258899933250e+01 1.191085531753367803e+02
9.934611016083425739e+01 1.494027143883015718e+01 1.210660428394595982e+02
9.720239845433073356e+01 1.466454093779944401e+01 1.230122378620572761e+02
9.508340317201468395e+01 1.439209523661249790e+01 1.249473013905750634e+02
9.298878470918724304e+01 1.412288924353526021e+01 1.268713944117364747e+02
9.091820796672264748e+01 1.385687856170577170e+01 1.287846757818068397e+02
8.887134235106853453e+01 1.359401948913415836e+01 1.306873022265932036e+02
8.684786177424567200e+01 1.333426901870264558e+01 1.325794283414446966e+02
8.484744460239139130e+01 1.307758480298870651e+01 1.344612066153902674e+02
8.286977329387134716e+01 1.282392461573555842e+01 1.363327875988027245e+02
8.091453537417014275e+01 1.257324680596142308e+01 1.381943194445620975e+02
7.898142260544706517e+01 1.232551038312286096e+01 1.400459483023018663e+02
7.707013073917681822e+01 1.208067492578295266e+01 1.418878184350021456e+02
7.518035951614936607e+01 1.183870058161131489e+01 1.437200722189896283e+02
7.331181266647000427e+01 1.159954806738407385e+01 1.455428501439378408e+02
7.146419790955938822e+01 1.136317866898388651e+01 1.473562908128669164e+02
6.963722695415346209e+01 1.112955424139993710e+01 1.491605309421436516e+02
6.783061549830357251e+01 1.089863720872792285e+01 1.509557053614815345e+02
6.604408289522866937e+01 1.067039044553100346e+01 1.527419471714751467e+02
6.427735225527145246e+01 1.044477704831823850e+01 1.545193876936315860e+02
6.253015158657412087e+01 1.022176080496352490e+01 1.562881559330556911e+02
6.080221238371689907e+01 1.000130600093281963e+01 1.580483792460521215e+02
5.909326955718721308e+01 9.783377402677546186e+00 1.598001833734372781e+02
5.740306143337971179e+01 9.567940257634580448e+00 1.615436924405394734e+02
5.573132975459626692e+01 9.354960294226259521e+00 1.632790289571989604e+02
5.407781967904594467e+01 9.144403721860372869e+00 1.650063138177677899e+02
5.244227978084503405e+01 8.936237230930180075e+00 1.667256663011099249e+02
5.082446205001703277e+01 8.730427992814384197e+00 1.684372040706012115e+02
4.922412189249267556e+01 8.526943659877154857e+00 1.701410431741293792e+02
4.764101813010987030e+01 8.325752365468114036e+00 1.718372980440939841e+02
4.607491278922876887e+01 8.126822633957569764e+00 1.735260815969579369e+02
4.452557118451851181e+01 7.930123150288634903e+00 1.752075051918746169e+02
4.299276262363696333e+01 7.735623142034270927e+00 1.768816782994129255e+02
4.147625936617043152e+01 7.543292272555863320e+00 1.785487089942570549e+02
3.997583656872340185e+01 7.353100627640147380e+00 1.802087039811388820e+02
3.849127228491851582e+01 7.165018715499213542e+00 1.818617685948378835e+02
3.702234746539664201e+01 6.979017466770506495e+00 1.835080068001807660e+02
3.556884595781679081e+01 6.795068234516818961e+00 1.851475211920419497e+02
3.413055450685615000e+01 6.613142794226299692e+00 1.867804129953433403e+02
3.270726275421012730e+01 6.433213343812447249e+00 1.884067820650543581e+02
3.129876323859225096e+01 6.255252503614114445e+00 1.900267268861918524e+02
2.990485139573428341e+01 6.079233316395507458e+00 1.916403445738202436e+02
2.852532546690992987e+01 5.905129111761974414e+00 1.932477309154375575e+02
2.715998654738113771e+01 5.732913171594769430e+00 1.948489803456052698e+02
2.580863882041402846e+01 5.562559364804933182e+00 1.964441858395878171e+02
2.447108898963510626e+01 5.394041952878487756e+00 1.980334391810206967e+02
2.314714624892296513e+01 5.227335565139648921e+00 1.996168309760041950e+02
2.183662228240832448e+01 5.062415198750825240e+00 2.011944506531036154e+02
2.053933126447402202e+01 4.899256218712618072e+00 2.027663864633492494e+02
1.925508985975497822e+01 4.737834357863824231e+00 2.043327254802361779e+02
1.798371722313826382e+01 4.578125716881432439e+00 2.058935535997245836e+02
1.672503499976303232e+01 4.420106764280623324e+00 2.074489555402394956e+02
1.547886732370210439e+01 4.263754335400875561e+00 2.089990148432883075e+02
1.424504057784642086e+01 4.109045333210780804e+00 2.105438139851274855e+02
1.302338386001180304e+01 3.955956872886057241e+00 2.120834341568624382e+02
1.181372874995156863e+01 3.804466532102375176e+00 2.136179553766855008e+02
1.061590897861839089e+01 3.654552198604291480e+00 2.151474566455520403e+02
9.429760428164321695e+00 3.506192070205246036e+00 2.166720159471806255e+02
8.255121131940795109e+00 3.359364654787563520e+00 2.181917102480528001e+02
7.091831274498591853e+00 3.214048770302451175e+00 2.197066154974132246e+02
5.939733191587889038e+00 3.070223544770001478e+00 2.212168066272696478e+02
4.798671370158222871e+00 2.927868416279190367e+00 2.227223575523930208e+02
3.668492448358504632e+00 2.786963132987877234e+00 2.242233411703172408e+02
2.549045201662416993e+00 2.647487724656964136e+00 2.257198293677116112e+02
1.440180492303523518e+00 2.509422240465522869e+00 2.272118930424636005e+02
3.417513997676254744e-01 2.372747110798023140e+00 2.286996020444260580e+02
-7.463870578488502883e-01 2.237443082077001488e+00 2.301830253070264405e+02
-1.824377972128133241e+00 2.103491161390603548e+00 2.316622308697583890e+02
-2.892362544331107621e+00 1.970872616492590712e+00 2.331372858781816149e+02
-3.950480085397317431e+00 1.839568975802331474e+00 2.346082565839220706e+02
-4.998868015944960774e+00 1.709562028404808531e+00 2.360752083446719780e+02
-6.037661866270892297e+00 1.580833824050614567e+00 2.375382056241895725e+02
-7.066995311732338969e+00 1.453366652530401870e+00 2.389973120089231600e+02
