2.540000000000000000e+02 7.000000000000000000e+00 0.000000000000000000e+00
2.516925951503877172e+02 1.285869910960544438e+01 2.640085803010950638e+00
2.493772521364938655e+02 1.720986510670044822e+01 5.256662578609106795e+00
2.470642034895338099e+02 2.042184281157074821e+01 7.853016770689675852e+00
2.447610961835842431e+02 2.277323295184275409e+01 1.043168556345356279e+01
2.424736223567790319e+02 2.447474492507276977e+01 1.299463880914664315e+01
2.402059970305949150e+02 2.568574893076815968e+01 1.554341683383623973e+01
2.379613188295776638e+02 2.652677473587347023e+01 1.807923450321009184e+01
2.357418430978150639e+02 2.708897548449807857e+01 2.060306002554241545e+01
2.335491885012481532e+02 2.744128716387616151e+01 2.311567457333277531e+01
2.313844931746840814e+02 2.763584006971045071e+01 2.561771735451870313e+01
2.292485328434158021e+02 2.771205289454136533e+01 2.810971971772573852e+01
2.271418101630261503e+02 2.769972967451282386e+01 3.059213095714840236e+01
2.250646222886669534e+02 2.762140249434864714e+01 3.306533783892894718e+01
2.230171119919188811e+02 2.749410419302442321e+01 3.552967938266182557e+01
2.209993062565274045e+02 2.733070726296736552e+01 3.798545803163024459e+01
2.190111454293407860e+02 2.714093552067349080e+01 4.043294809892793040e+01
2.170525053528285753e+02 2.693213260795263864e+01 4.287240218916386425e+01
2.151232142016340561e+02 2.670984701527518368e+01 4.530405609287402058e+01
2.132230648706243130e+02 2.647826294744462317e+01 4.772813239713592282e+01
2.113518244733418783e+02 2.624053104954909088e+01 5.014484326218833132e+01
2.095092419225775870e+02 2.599903274784314533e+01 5.255439264630334151e+01
2.076950528097809752e+02 2.575555086239625524e+01 5.495697774836789051e+01
2.059089839799688946e+02 2.551142977384266430e+01 5.735279036499436245e+01
2.041507563286724292e+02 2.526767391470079005e+01 5.974201773313043873e+01
2.024200872579669692e+02 2.502503440352361253e+01 6.212484327331537770e+01
2.007166923639609308e+02 2.478406913387008004e+01 6.450144711313718915e+01
1.990402868356383408e+02 2.454519272736374802e+01 6.687200652437907422e+01
1.973905862387115349e+02 2.430870519697751675e+01 6.923669618320052166e+01
1.957673076082320733e+02 2.407483149065066286e+01 7.159568852351041812e+01
1.941701694875729061e+02 2.384372391001996050e+01 7.394915377242602972e+01
1.925988928591079627e+02 2.361549644591516994e+01 7.629726026607046663e+01
1.910532010694821281e+02 2.339022305076799668e+01 7.864017444756599673e+01
1.895328201058732134e+02 2.316794885119165315e+01 8.097806098393044749e+01
1.880374789731540659e+02 2.294870507407846105e+01 8.331108291700465429e+01
1.865669094925157196e+02 2.273250262431134061e+01 8.563940161798869610e+01
1.851208464927652813e+02 2.251934053763353916e+01 8.796317688403681245e+01
1.836990279772262795e+02 2.230921368762351520e+01 9.028256703006181283e+01
1.823011949892713517e+02 2.210210869083877228e+01 9.259772886279962734e+01
1.809270916107540472e+02 2.189800468022235691e+01 9.490881769918300392e+01
1.795764650665568070e+02 2.169687991077419653e+01 9.721598746425222259e+01
1.782490657081647214e+02 2.149871183735404045e+01 9.951939070112413788e+01
1.769446469000321258e+02 2.130347366581690949e+01 1.018191785493919923e+02
1.756629650555660760e+02 2.111113644299114256e+01 1.041155007746939702e+02
1.744037796118561232e+02 2.092167171432313921e+01 1.064085058417625760e+02
1.731668530211304358e+02 2.073505152828770193e+01 1.086983409187943579e+02
1.719519506837747542e+02 2.055124727634744630e+01 1.109851518846270864e+02
1.707588409507465030e+02 2.037022845125376591e+01 1.132690832993538521e+02
1.695872950866092879e+02 2.019196503099068352e+01 1.155502784770814060e+02
1.684370871976437058e+02 2.001642759461118715e+01 1.178288795245686487e+02
1.673079942318474593e+02 1.984358732223721944e+01 1.201050273412266307e+02
1.661997959511106160e+02 1.967341581446672549e+01 1.223788616289973561e+02
1.651122748704526657e+02 1.950588380254283649e+01 1.246505208936660978e+02
1.640452163755244328e+02 1.934096222303996271e+01 1.269201424103396505e+02
1.629984085083385708e+02 1.917862254436564839e+01 1.291878623384798175e+02
1.619716419445908002e+02 1.901883671275299292e+01 1.314538157320679090e+02
1.609647099936599091e+02 1.886157715226069698e+01 1.337181365396044725e+02
1.599774085986076670e+02 1.870681676477299860e+01 1.359809576041096193e+02
1.590095362528946055e+02 1.855452873165817351e+01 1.382424107006756628e+02
1.580608940132860027e+02 1.840468591422657241e+01 1.405026265167035433e+02
1.571312857294560104e+02 1.825726166976929221e+01 1.427617345546001104e+02
1.562205176568859031e+02 1.811222974590012669e+01 1.450198633245433655e+02
1.553283984379233971e+02 1.796956425783830724e+01 1.472771403535212471e+02
1.544547391017827067e+02 1.782923968840844609e+01 1.495336921853317165e+02
1.535993530645445446e+02 1.769123088804058597e+01 1.517896443805827289e+02
1.527620561291561216e+02 1.755551307477017531e+01 1.540451215166923475e+02
1.519426664854311468e+02 1.742206183423807886e+01 1.563002471878883171e+02
1.511410045059685956e+02 1.729085301899484151e+01 1.585551441065667859e+02
1.503568927549103194e+02 1.716186244562326380e+01 1.608099340929294669e+02
1.495901568067343135e+02 1.703506633051065222e+01 1.630647376693884496e+02
1.488406243720130249e+02 1.691044121173635872e+01 1.653196745019715195e+02
1.481081252457021833e+02 1.678796393475514748e+01 1.675748634262301380e+02
1.473924913071406877e+02 1.666761165239712739e+01 1.698304224472389876e+02
1.466935565200505209e+02 1.654936182486783025e+01 1.720864687395962562e+02
1.460111569325369203e+02 1.643319221974813615e+01 1.743431186474236938e+02
1.453451306770882354e+02 1.631908091199432320e+01 1.766004876843663851e+02
1.446953179705760988e+02 1.620700628393803555e+01 1.788586905335929771e+02
1.440615611142551984e+02 1.609694702528631538e+01 1.811178410477954799e+02
1.434437044937634766e+02 1.598888213312157625e+01 1.833780522491894089e+02
1.428415945791105628e+02 1.588279091190106840e+01 1.856394363295200378e+02
1.422550795416227913e+02 1.577865285727944489e+01 1.879021048475195528e+02
1.416840099153642143e+02 1.567644740853930863e+01 1.901661683834657026e+02
1.411282386004328089e+02 1.557615423863122039e+01 1.924317365397920980e+02
1.405876202786833460e+02 1.547775331816328226e+01 1.946989182444972357e+02
1.400620114137278165e+02 1.538122491540112158e+01 1.969678217511448395e+02
1.395512702509354028e+02 1.528654959626789989e+01 1.992385546388637749e+02
1.390552568174322516e+02 1.519370822434430579e+01 2.015112238123477937e+02
1.385738329221016443e+02 1.510268196086856562e+01 2.037859355018559882e+02
1.381068621555841389e+02 1.501345226473642569e+01 2.060627952632125073e+02
1.376542098902771443e+02 1.492600089250117890e+01 2.083419079778065566e+02
1.372157432803352890e+02 1.484030989837363279e+01 2.106233778525923981e+02
1.367913312616703649e+02 1.475636163422214331e+01 2.129073084200896062e+02
1.363808445519511849e+02 1.467413874957257747e+01 2.151938025383826414e+02
1.359841556478864391e+02 1.459362417736419459e+01 2.174829623923760096e+02
1.356011387518598212e+02 1.451480030910260410e+01 2.197748895215928826e+02
1.352316699501051005e+02 1.443764955538862260e+01 2.220696847319629512e+02
1.348756269888097563e+02 1.436215487446605721e+01 2.243674482217077184e+02
1.345328891696506162e+02 1.428829951760786088e+01 2.266682796335292380e+02
1.342033373497932303e+02 1.421606702911616082e+01 2.289722780546102285e+02
1.338868539418921841e+02 1.414544124632222832e+01 2.312795420166139877e+02
1.335833229140910419e+02 1.407640629958650180e+01 2.335901694956843926e+02
1.332926297900222039e+02 1.400894661229857086e+01 2.359042579124460417e+02
1.330146616488071629e+02 1.394304690087719401e+01 2.382219041320039707e+02
1.327493071250561911e+02 1.387869217477028272e+01 2.405432044639439937e+02
1.324964563954893322e+02 1.381586770481538728e+01 2.428682546687992669e+02
1.322560009895174460e+02 1.375455821299794579e+01 2.451971500424828889e+02
1.320278342184129485e+02 1.369474853677398762e+01 2.475299852021734637e+02
1.318118508961898101e+02 1.363642393659581487e+01 2.498668542405088147e+02
1.316079472024020731e+02 1.357956991465742469e+01 2.522078507947396417e+02
1.314160206821437384e+02 1.352417221489451471e+01 2.545530680467291802e+02
1.312359702460487938e+02 1.347021682298448475e+01 2.569025987229533712e+02
1.310676961702912990e+02 1.341768996634644040e+01 2.592565350945008049e+02
1.309111000965851304e+02 1.336657811414118413e+01 2.616149689770727491e+02
1.307660850321844066e+02 1.331686797727121707e+01 2.639779917309831490e+02
1.306325553498829493e+02 1.326854650838074434e+01 2.663456942611587124e+02
1.305104167880148509e+02 1.322160090185567149e+01 2.687181670171385690e+02
1.303995763342871896e+02 1.317601840995684093e+01 2.710955000528465462e+02
1.302999422879769327e+02 1.313178588610208664e+01 2.734777829849668365e+02
1.302114245622390172e+02 1.308889047303873276e+01 2.758651048412167484e+02
1.301339342731116915e+02 1.304731954714502251e+01 2.782575542822351053e+02
1.300673837249572671e+02 1.300706070707953010e+01 2.806552196092773670e+02
1.300116864104623176e+02 1.296810177378117501e+01 2.830581887642158563e+02
1.299667570106373375e+02 1.293043079046920951e+01 2.854665493295393048e+02
1.299325113948171122e+02 1.289403602264322224e+01 2.878803885283533646e+02
