2.540000000000000000e+02 7.000000000000000000e+00 0.000000000000000000e+00
2.512844840557202417e+02 1.268337949331468373e+01 2.669885953967619852e+00
2.485542853297747286e+02 1.695099839088108240e+01 5.333243459455915492e+00
2.458204137884947897e+02 2.013914637401488861e+01 7.987923267944099237e+00
2.430911841667412432e+02 2.250443441438128644e+01 1.063233381658686838e+01
2.403728551183322395e+02 2.424266039387767790e+01 1.326530863604069133e+01
2.376701176784072800e+02 2.550322724727110213e+01 1.588600502258115377e+01
2.349864675431388434e+02 2.640013203044052759e+01 1.849382681535986350e+01
2.323244891872143967e+02 2.702035292019020574e+01 2.108836546519663102e+01
2.296860727291866056e+02 2.743025129406075635e+01 2.366935505652193328e+01
2.270725794073204895e+02 2.768045706536506856e+01 2.623663799132244634e+01
2.244849678188300857e+02 2.780959595861913414e+01 2.879013881363303540e+01
2.219238902414244308e+02 2.784713376733929735e+01 3.132984424110598454e+01
2.193897661038512297e+02 2.781554616296072524e+01 3.385578793747080795e+01
2.168828380433122902e+02 2.773197455063785455e+01 3.636803889765934628e+01
2.144032146676543960e+02 2.760948950850011840e+01 3.886669259119559428e+01
2.119509032464389975e+02 2.745805696993292599e+01 4.135186419496530164e+01
2.095258346879049327e+02 2.728527672074151766e+01 4.382368342639316694e+01
2.071278822229600109e+02 2.709693512968332740e+01 4.628229068188349515e+01
2.047568760369063909e+02 2.689743827247107788e+01 4.872783401594241326e+01
2.024126145886084487e+02 2.669014730495275245e+01 5.116046680778183031e+01
2.000948724346268648e+02 2.647761059607497103e+01 5.358034615205983187e+01
1.978034071668980403e+02 2.626176975428074911e+01 5.598763143419947852e+01
1.955379640547647853e+02 2.604409786621122791e+01 5.838248338161915285e+01
1.932982796985729976e+02 2.582570848408106912e+01 6.076506331912921155e+01
1.910840851147635817e+02 2.560744797349257595e+01 6.313553254390481584e+01
1.888951075465955398e+02 2.538995000307919980e+01 6.549405196199967349e+01
1.867310723916136226e+02 2.517369375021757705e+01 6.784078170378508332e+01
1.845917042828815511e+02 2.495903683774117354e+01 7.017588091155289476e+01
1.824767279416481358e+02 2.474624168296549698e+01 7.249950757638706023e+01
1.803858692375892474e+02 2.453550805216132957e+01 7.481181833288577820e+01
1.783188551448180590e+02 2.432697250363003860e+01 7.711296847692391054e+01
1.762754147166539553e+02 2.412073878771846935e+01 7.940311178239873868e+01
1.742552790569278045e+02 2.391687768983612372e+01 8.168240051521844691e+01
1.722581814595601770e+02 2.371543215673425209e+01 8.395098541606979836e+01
1.702838579025348622e+02 2.351643351813350336e+01 8.620901561705632332e+01
1.683320468906748602e+02 2.331989733531993991e+01 8.845663868001734897e+01
1.664024894947225164e+02 2.312582540342213022e+01 9.069400059830401517e+01
1.644949296233440350e+02 2.293421571996656638e+01 9.292124576294834526e+01
1.626091139742332530e+02 2.274506158554036261e+01 9.513851697914141425e+01
1.607447918929642583e+02 2.255834764097433975e+01 9.734595549788689084e+01
1.589017155268935539e+02 2.237405638165640553e+01 9.954370100703610547e+01
1.570796398425981693e+02 2.219216995074575749e+01 1.017318916425644346e+02
1.552783225700221124e+02 2.201266897882593199e+01 1.039106640058456748e+02
1.534975241206533951e+02 2.183553000245018438e+01 1.060801531786899403e+02
1.517370076455637786e+02 2.166072926083521111e+01 1.082404927355734969e+02
1.499965389991030236e+02 2.148824343088287847e+01 1.103918147722148575e+02
1.482758867364047717e+02 2.131804960511265179e+01 1.125342499066926507e+02
1.465748220259984294e+02 2.115012383191071166e+01 1.146679273106196888e+02
1.448931186957088073e+02 2.098444084002742116e+01 1.167929746806287028e+02
1.432305531641580956e+02 2.082097586153284396e+01 1.189095182973709655e+02
1.415869043919068417e+02 2.065970461726546148e+01 1.210176830522824076e+02
1.399619538814538942e+02 2.050060331683216219e+01 1.231175924475835899e+02
1.383554856595466731e+02 2.034364856763108875e+01 1.252093686049730650e+02
1.367672861881515587e+02 2.018881624369132410e+01 1.272931323015345271e+02
1.351971445262601605e+02 2.003608221986574378e+01 1.293690028890854933e+02
1.336448521221914234e+02 1.988542282400658578e+01 1.314370984139503094e+02
1.321102027728601627e+02 1.973681476073056729e+01 1.334975356385282055e+02
1.305929926237772065e+02 1.959023511141889173e+01 1.355504300412933389e+02
1.290930201690491117e+02 1.944566133421723464e+01 1.375958958167948367e+02
1.276100862452057783e+02 1.930307125497730425e+01 1.396340458789543959e+02
1.261439938380533334e+02 1.916244253139044318e+01 1.416649919613179236e+02
1.246945484730550930e+02 1.902375285430115426e+01 1.436888444041694299e+02
1.232615579730967710e+02 1.888698032320118969e+01 1.457057122924575197e+02
1.218448322799063135e+02 1.875210332279448977e+01 1.477157035528163931e+02
1.204441834540538707e+02 1.861910052299715446e+01 1.497189249535662157e+02
1.190594256749517967e+02 1.848795087893742206e+01 1.517154821047128053e+02
1.176903752408547206e+02 1.835863363095571543e+01 1.537054794579478312e+02
1.163368505688593757e+02 1.823112830460461353e+01 1.556890203066485867e+02
1.149986721949048274e+02 1.810541471064884789e+01 1.576662067858782734e+02
1.136756626200614448e+02 1.798147288319877646e+01 1.596371399564200431e+02
1.123676461489691008e+02 1.785928277906822359e+01 1.616019198903709935e+02
1.110744498879817428e+02 1.773882464241088641e+01 1.635606451250257862e+02
1.097959028764331322e+02 1.762007897684197388e+01 1.655134131415542811e+02
1.085318359938500095e+02 1.750302652494508848e+01 1.674603204159239453e+02
1.072820819599521656e+02 1.738764826827217291e+01 1.694014624188999107e+02
1.060464753346523423e+02 1.727392542734355985e+01 1.713369336160448029e+02
1.048248525180563036e+02 1.716183946164794705e+01 1.732668274677192244e+02
1.036170517504628350e+02 1.705137206964239027e+01 1.751912364290811581e+02
1.024229131123636733e+02 1.694250518875232814e+01 1.771102519500863650e+02
1.012422785244435772e+02 1.683522099537155015e+01 1.790239644754881567e+02
1.000749917475803272e+02 1.672950190486223931e+01 1.809324634448376230e+02
9.892089838284466907e+01 1.662533057155492244e+01 1.828358372924833475e+02
9.777984583054447398e+01 1.652268989443463454e+01 1.847341734702265512e+02
9.665168278120196987e+01 1.642156294343392986e+01 1.866275587272279779e+02
9.553626046658045823e+01 1.632193257658058272e+01 1.885160784156038005e+02
9.443343201046046431e+01 1.622378180754310861e+01 1.903998168527151336e+02
9.334305209129212244e+01 1.612709389719395503e+01 1.922788575082832381e+02
9.226497694219507650e+01 1.603185235360949790e+01 1.941532830043893796e+02
9.119906435095859365e+01 1.593804093207005046e+01 1.960231751154749702e+02
9.014517366004143639e+01 1.584564363505984375e+01 1.978886147683414265e+02
8.910316576657204735e+01 1.575464471226704255e+01 1.997496820421501980e+02
8.807290312234839291e+01 1.566502866058374366e+01 2.016064561684230227e+02
8.705424973383796328e+01 1.557678022410597052e+01 2.034590155310414161e+02
8.604707116217792873e+01 1.548988439413368035e+01 2.053074376662472389e+02
8.505123452317488386e+01 1.540432640917075346e+01 2.071517992626422711e+02
8.406660848730516022e+01 1.532009175492500752e+01 2.089921761611883539e+02
8.309306327971454209e+01 1.523716616430818327e+01 2.108286433552075891e+02
8.213047068004189555e+01 1.515553560646837106e+01 2.126612749903531778e+02
8.117870403170370253e+01 1.507518512903672736e+01 2.144901443461220083e+02
8.023763824399934208e+01 1.499609972940154989e+01 2.163153238447336832e+02
7.930714962339801843e+01 1.491826516028480221e+01 2.181368851535083593e+02
7.838711583507269154e+01 1.484166742218186386e+01 2.199548992002341663e+02
7.747741590289999181e+01 1.476629276336150909e+01 2.217694361731672643e+02
7.657793020946027696e+01 1.469212767986591572e+01 2.235805655210318150e+02
7.568854049603757517e+01 1.461915891551066160e+01 2.253883559530200102e+02
7.480912986261957087e+01 1.454737346188473168e+01 2.271928754387920435e+02
7.393958276789763318e+01 1.447675855835051451e+01 2.289941912084761384e+02
7.307978502926688691e+01 1.440730169204379330e+01 2.307923697526685487e+02
7.222962369847223840e+01 1.433899008626177896e+01 2.325874768850834755e+02
7.138898722035456501e+01 1.427181059345097047e+01 2.343795776537388917e+02
7.055776548183892771e+01 1.420575062519351661e+01 2.361687363247507676e+02
6.973584956925319034e+01 1.414079777223078338e+01 2.379550165117894949e+02
6.892313176764791649e+01 1.407693980265289291e+01 2.397384811764340498e+02
6.811950556079611374e+01 1.401416466189871812e+01 2.415191926281718793e+02
6.732486563119340417e+01 1.395246047275589341e+01 2.432972125243991570e+02
6.653910786005795330e+01 1.389181553536080749e+01 2.450726018704206126e+02
6.576212932733047012e+01 1.383221832719860345e+01 2.468454210194495317e+02
6.499382831167426389e+01 1.377365750310318404e+01 2.486157296726078130e+02
6.423410429047520154e+01 1.371612189525720993e+01 2.503835868789260246e+02
6.348285772481001743e+01 1.365960030883248777e+01 2.521490511516231834e+02
6.273999040143478112e+01 1.360408142444878976e+01 2.539121802782808857e+02
6.200540547866263097e+01 1.354955414418277115e+01 2.556730312995450731e+02
6.127900715102092022e+01 1.349600752407426896e+01 2.574316606933707590e+02
