2.540000000000000000e+02 7.000000000000000000e+00 0.000000000000000000e+00
2.512224533233539887e+02 1.171453406570834055e+01 1.215501748171373242e+00
2.484436469205130322e+02 1.522251857001603170e+01 2.399560640906819753e+00
2.456724526679705889e+02 1.781349935308311316e+01 3.558451535927659393e+00
2.429155162475435361e+02 1.970776187455507511e+01 4.696960060447629814e+00
2.401777905057931832e+02 2.107288580368091857e+01 5.818738431696076852e+00
2.374629419165324009e+02 2.203636141032985307e+01 6.926576632315274651e+00
2.347736593607174882e+02 2.269517440168299771e+01 8.022608427440877321e+00
2.321118891359898555e+02 2.312310131292498383e+01 9.108468173861316686e+00
2.294790137875594098e+02 2.337626139866515729e+01 1.018541015547321571e+01
2.268759881561660166e+02 2.349734075668149202e+01 1.125439938049529154e+01
2.243034428416229673e+02 2.351880518781281637e+01 1.231618064316370820e+01
2.217617629192537549e+02 2.346534501994341326e+01 1.337133107769264662e+01
2.192511478026691805e+02 2.335573479543481312e+01 1.442030013561608115e+01
2.167716567633484317e+02 2.320424780278513666e+01 1.546343999516897405e+01
2.143232435528543363e+02 2.302173239071546007e+01 1.650102870116169029e+01
2.119057827709344792e+02 2.281643209828766672e+01 1.753328779853019981e+01
2.095190899858068008e+02 2.259461187683458050e+01 1.856039579811554319e+01
2.071629367596480051e+02 2.236102615614835187e+01 1.958249824300618869e+01
2.048370622217504717e+02 2.211927974593798396e+01 2.059971547147144832e+01
2.025411821596722461e+02 2.187211173869632574e+01 2.161214872503871831e+01
2.002749952903047301e+02 2.162159179606692661e+01 2.261988437306742483e+01
1.980381885468477208e+02 2.136928591029060698e+01 2.362299748129440502e+01
1.958304409922352249e+02 2.111637958337459509e+01 2.462155446529979841e+01
1.936514264111234809e+02 2.086375978248934615e+01 2.561561485720206477e+01
1.915008159693928746e+02 2.061209929000296270e+01 2.660523312485068104e+01
1.893782793707645169e+02 2.036189395724823825e+01 2.759045947719892666e+01
1.872834865940063764e+02 2.011351849730077390e+01 2.857134106993193257e+01
1.852161084439156582e+02 1.986724483178442568e+01 2.954792240408411175e+01
1.831758174818965017e+02 1.962327279364437871e+01 3.052024599220331069e+01
1.811622885583090294e+02 1.938174807951225276e+01 3.148835274912250881e+01
1.791751989508124439e+02 1.914276782184974124e+01 3.245228211611488689e+01
1.772142290475628101e+02 1.890640387219038843e+01 3.341207256847332019e+01
1.752790621920505885e+02 1.867269872829254496e+01 3.436776153052215221e+01
1.733693849633772572e+02 1.844167610261115442e+01 3.531938560919124370e+01
1.714848874149502649e+02 1.821335009848688458e+01 3.626698079731669111e+01
1.696252628936403823e+02 1.798772012143859556e+01 3.721058236606593539e+01
1.677902081882679397e+02 1.776477739741761042e+01 3.815022501159722168e+01
1.659794236406216044e+02 1.754451039570371407e+01 3.908594297840729581e+01
1.641926130354941051e+02 1.732690202267389523e+01 4.001777000109922255e+01
1.624294835763397487e+02 1.711192946391129865e+01 4.094573930304179754e+01
1.606897459465369593e+02 1.689956929364056393e+01 4.186988371720723734e+01
1.589731142955782275e+02 1.668979776249882008e+01 4.279023569481662292e+01
1.572793061437049573e+02 1.648258855306187698e+01 4.370682725955659720e+01
1.556080423948768043e+02 1.627791325353006613e+01 4.461969001800420642e+01
1.539590472875207183e+02 1.607574384743885432e+01 4.552885522694176501e+01
1.523320483752883661e+02 1.587605277052937147e+01 4.643435379682578201e+01
1.507267764918189812e+02 1.567881253292376442e+01 4.733621628612520738e+01
1.491429657055076348e+02 1.548399416104416915e+01 4.823447286730411321e+01
1.475803533376657413e+02 1.529156879857502638e+01 4.912915336479507289e+01
1.460386798283823566e+02 1.510150811526108861e+01 5.002028727949054598e+01
1.445176887311778557e+02 1.491378428852168092e+01 5.090790378885451872e+01
1.430171267108496806e+02 1.472836999701684846e+01 5.179203174699163270e+01
1.415367434344144613e+02 1.454523771915456187e+01 5.267269967878996795e+01
1.400762917315606728e+02 1.436435967245609824e+01 5.354993576130165422e+01
1.386355274220150022e+02 1.418570857605596380e+01 5.442376786115760012e+01
1.372142092003878986e+02 1.400925756093211483e+01 5.529422354460789535e+01
1.358120986361732321e+02 1.383498016990595758e+01 5.616133007752176098e+01
1.344289601737484645e+02 1.366285035764233591e+01 5.702511442538764186e+01
1.330645611285729046e+02 1.349284248669101061e+01 5.788560325361981995e+01
1.317186714768764659e+02 1.332493091423917519e+01 5.874282293968674651e+01
1.303910642683100036e+02 1.315909008972896643e+01 5.959679953154163456e+01
1.290815153752739661e+02 1.299529489973795826e+01 6.044755878294965612e+01
1.277898032623305085e+02 1.283352055692038363e+01 6.129512617530920693e+01
1.265157089862036486e+02 1.267374260000712916e+01 6.213952691765195624e+01
1.252590161957792247e+02 1.251593689380575114e+01 6.298078594664278285e+01
1.240195111321048245e+02 1.236007962920045244e+01 6.381892792657980351e+01
1.227969826283899124e+02 1.220614732315209849e+01 6.465397724939441559e+01
1.215912221100057025e+02 1.205411681869822083e+01 6.548595803465120468e+01
1.204020231842398516e+02 1.190396514021857222e+01 6.631489416970023854e+01
1.192291821789311257e+02 1.175566939731406180e+01 6.714080924983589682e+01
1.180724985638906190e+02 1.160920708123920697e+01 6.796372654073610420e+01
1.169317740593105839e+02 1.146455595834330232e+01 6.878366907090051541e+01
1.158068126297831242e+02 1.132169406878026408e+01 6.960065963225680719e+01
1.146974204843002241e+02 1.118059972650861056e+01 7.041472078016072089e+01
1.136034060762536342e+02 1.104125151929146753e+01 7.122587483339600567e+01
1.125245801034350137e+02 1.090362830869658062e+01 7.203414387417447529e+01
1.114607555080358026e+02 1.076770923009629399e+01 7.283954974813600813e+01
1.104117474766473492e+02 1.063347369266757170e+01 7.364211406434840512e+01
1.093773734402607545e+02 1.050090137939197632e+01 7.444185819530765968e+01
1.083574530742669850e+02 1.036997224705569032e+01 7.523880327693768777e+01
1.073518082984569020e+02 1.024066652624950535e+01 7.603297020859045574e+01
1.063602628725397068e+02 1.011296469456426195e+01 7.682437969555677171e+01
1.053826428511256381e+02 9.986847238250041059e+00 7.761305219459539728e+01
1.044187772161217822e+02 9.862294773457028541e+00 7.839900784942764744e+01
1.034684968519577382e+02 9.739288178541789520e+00 7.918226660339976775e+01
1.025316345313890452e+02 9.617808594777327968e+00 7.996284820101556079e+01
1.016080249154973103e+02 9.497837426353081369e+00 8.074077218793667043e+01
1.006975045536900950e+02 9.379356340374917167e+00 8.151605791098236864e+01
9.979991188370104283e+01 9.262347266865145201e+00 8.228872451812959810e+01
9.891508723158975158e+01 9.146792398762501719e+00 8.305879095851301486e+01
9.804287281174187285e+01 9.032674191922167140e+00 8.382627598242498834e+01
9.718311272686902669e+01 8.919975365115750066e+00 8.459119814131551607e+01
9.633565296800887268e+01 8.808678900031296166e+00 8.535357578779235155e+01
9.550034141452508152e+01 8.698768041273288176e+00 8.611342707562091903e+01
9.467702783410734924e+01 8.590226296362637015e+00 8.687076995972435611e+01
9.386556388280564533e+01 8.483037431595411348e+00 8.762562219607730185e+01
9.306580314241656993e+01 8.377184665337914282e+00 8.837800131767696143e+01
9.227760110210716960e+01 8.272651216895587467e+00 8.912792465013021115e+01
9.150081493289961543e+01 8.169420958082334039e+00 8.987540935192107838e+01
9.073530345201281477e+01 8.067478006092205334e+00 9.062047240811062920e+01
8.998092712286253914e+01 7.966806723499379572e+00 9.136313063033684045e+01
8.923754805506133891e+01 7.867391718258191169e+00 9.210340065681482713e+01
8.850503000441857182e+01 7.769217843703102311e+00 9.284129895233660079e+01
8.778323837294043130e+01 7.672270198548723386e+00 9.357684180827122589e+01
8.707204020882986129e+01 7.576534126889804988e+00 9.431004534256486238e+01
8.637130419650222279e+01 7.481995200291875925e+00 9.504092550036101272e+01
8.568090048483209387e+01 7.388638695514877952e+00 9.576949805933382720e+01
8.500070106600543340e+01 7.296450063827479404e+00 9.649577860092205128e+01
8.433057951863197843e+01 7.205415091205732203e+00 9.721978254175294865e+01
8.367041087132180621e+01 7.115519750174134295e+00 9.794152514452130731e+01
8.302007160268510688e+01 7.026750199805626096e+00 9.866102151798952491e+01
8.237943964133239660e+01 6.939092785721594936e+00 9.937828661698749499e+01
8.174839436587434705e+01 6.852534040091867062e+00 1.000933352424127776e+02
8.112681660492189906e+01 6.767060681634717412e+00 1.008061820412303433e+02
8.051458863708620584e+01 6.682659615616859838e+00 1.015168415064728720e+02
7.991159419097864713e+01 6.599317933853454221e+00 1.022253279772405108e+02
7.931771833726510579e+01 6.517022877889576904e+00 1.029316556493189836e+02
7.873284736606713352e+01 6.435761645201353076e+00 1.036358385834594031e+02
7.815686951218292222e+01 6.355521610675403110e+00 1.043378906334067153e+02
7.758967432387588303e+01 6.276290322926596943e+00 1.050378255132455934e+02
7.703115259281779004e+01 6.198055491869565614e+00 1.057356568045766778e+02
7.648119635408899342e+01 6.120804988718703932e+00 1.064313979565165340e+02
7.593969888617817787e+01 6.044526845988173136e+00 1.071250622856976804e+02
