2.540000000000000000e+02 7.000000000000000000e+00 0.000000000000000000e+00
2.515036529792954241e+02 1.264547894879095757e+01 2.474245719306127800e+00
2.489932084751997365e+02 1.692237702808076349e+01 4.922781858523851639e+00
2.464758780882187637e+02 2.014533922056840254e+01 7.349066560416060767e+00
2.439571861350390805e+02 2.255678537412449813e+01 9.755783270185641953e+00
2.414413570754544196e+02 2.434348314022996362e+01 1.214501834439668748e+01
2.389316141666302826e+02 2.564932357967063936e+01 1.451839796588661535e+01
2.364304096259113805e+02 2.658516698200215345e+01 1.687719366169639557e+01
2.339396018049491772e+02 2.723642204354873542e+01 1.922240353057853213e+01
2.314605917621107380e+02 2.766888826767698717e+01 2.155481485835287003e+01
2.289944284884685715e+02 2.793325749087301446e+01 2.387505236379165652e+01
2.265418899715252508e+02 2.806858184342043927e+01 2.618361536829913305e+01
2.241035456436765969e+02 2.810494542202275170e+01 2.848090643215585871e+01
2.216798044909392331e+02 2.806552256496140885e+01 3.076725341727026830e+01
2.192709521262223404e+02 2.796816407213319522e+01 3.304292649112558422e+01
2.168771793882908412e+02 2.782662092671027665e+01 3.530815124599254062e+01
2.144986043357269239e+02 2.765148547910496646e+01 3.756311879029632905e+01
2.121352890631232526e+02 2.745091114150845968e+01 3.980799346632620939e+01
2.097872528723880237e+02 2.723117616821087239e+01 4.204291889707674557e+01
2.074544824707206203e+02 2.699712025159474749e+01 4.426802267016275749e+01
2.051369393751749612e+02 2.675246161096711717e+01 4.648341974080901196e+01
2.028345661409321394e+02 2.650006377226938525e+01 4.868921529581336216e+01
2.005472909746258665e+02 2.624213327038331300e+01 5.088550687729046018e+01
1.982750309771750494e+02 2.598035869381239493e+01 5.307238587734694590e+01
1.960176953408535780e+02 2.571604782382885190e+01 5.524993901305905553e+01
1.937751868899201497e+02 2.545019383860679341e+01 5.741824904017411058e+01
1.915474042776781971e+02 2.518356969115420441e+01 5.957739577005194320e+01
1.893342426547629600e+02 2.491675696998960987e+01 6.172745638277675795e+01
1.871355951528804269e+02 2.465020978341417646e+01 6.386850611759020779e+01
1.849513531875879835e+02 2.438426795941908409e+01 6.600061841781042915e+01
1.827814072832826469e+02 2.411919274276813141e+01 6.812386531907725384e+01
1.806256474846737490e+02 2.385518469822375565e+01 7.023831764543197664e+01
1.784839634637053223e+02 2.359238855014632108e+01 7.234404506489676123e+01
1.763562451316255135e+02 2.333091983366449540e+01 7.444111638164169165e+01
1.742423825420802643e+02 2.307086091398880257e+01 7.652959949562283271e+01
1.721422660938680735e+02 2.281227002546706473e+01 7.860956150456765101e+01
1.700557868185639450e+02 2.255519401707798011e+01 8.068106884673996149e+01
1.679828362612193189e+02 2.229966337778801844e+01 8.274418724942283632e+01
1.659233065663461275e+02 2.204569622690383568e+01 8.479898177604910359e+01
1.638770906621440417e+02 2.179330674116389943e+01 8.684551692414727597e+01
1.618440822236839551e+02 2.154250373590848966e+01 8.888385661231862400e+01
1.598241755974288481e+02 2.129328749573835822e+01 9.091406414709965134e+01
1.578172659360672867e+02 2.104565619177198599e+01 9.293620230081465650e+01
1.558232492228333399e+02 2.079960725121574328e+01 9.495033333085250149e+01
1.538420222381144811e+02 2.055513609588626522e+01 9.695651896848050910e+01
1.518734825107259212e+02 2.031223399258051643e+01 9.895482039489586157e+01
1.499175283878298330e+02 2.007089175260604819e+01 1.009452982907744740e+02
1.479740590375274110e+02 1.983110032743726237e+01 1.029280128494296918e+02
1.460429744474452036e+02 1.959285077327792735e+01 1.049030237767835843e+02
1.441241753816738935e+02 1.935613274116064630e+01 1.068703902798236669e+02
1.422175633921507654e+02 1.912093451434978419e+01 1.088301710607260588e+02
1.403230408283770316e+02 1.888724465718885526e+01 1.107824243517572569e+02
1.384405108289178372e+02 1.865505200043582335e+01 1.127272079199939583e+02
1.365698773214020605e+02 1.842434564126310903e+01 1.146645790673231033e+02
1.347110450139264799e+02 1.819511478599336129e+01 1.165945946316976176e+02
1.328639193640086091e+02 1.796734765338265305e+01 1.185173109786167487e+02
1.310284066201971598e+02 1.774103241997380209e+01 1.204327839995930702e+02
1.292044137829583690e+02 1.751615750366315538e+01 1.223410691425374210e+02
1.273918485993131497e+02 1.729271151881562574e+01 1.242422214138562850e+02
1.255906195628378015e+02 1.707068327626470960e+01 1.261362953784515923e+02
1.238006359136634416e+02 1.685006178331247284e+01 1.280233451597209751e+02
1.220218076286277409e+02 1.663083617039211859e+01 1.299034244436344920e+02
1.202540453884110008e+02 1.641299509680047208e+01 1.317765864837071490e+02
1.184972606603367637e+02 1.619652732077152280e+01 1.336428840655761974e+02
1.167513656205691035e+02 1.598142177876043846e+01 1.355023695554700964e+02
1.150162731410295436e+02 1.576766753621618733e+01 1.373550949068144860e+02
1.132918967893969437e+02 1.555525378758154353e+01 1.392011116602319589e+02
1.115781508291077415e+02 1.534416985629310304e+01 1.410404709435424024e+02
1.098749502193557248e+02 1.513440519478127300e+01 1.428732234717626000e+02
1.081822106150921456e+02 1.492594938447027531e+01 1.446994195471065723e+02
1.064998483567643461e+02 1.471879211807523191e+01 1.465191090646829934e+02
1.048277803883301544e+02 1.451292291153325742e+01 1.483323415543931389e+02
1.031659244648425897e+02 1.430833133640855159e+01 1.501391660625741622e+02
1.015141990224328339e+02 1.410500710642621414e+01 1.519396312318606022e+02
9.987252313144247751e+01 1.390294003486052965e+01 1.537337853281508160e+02
9.824081649642361924e+01 1.370212003453497474e+01 1.555216762406069222e+02
9.661899945613878060e+01 1.350253711782220911e+01 1.573033514816548859e+02
9.500699298356099121e+01 1.330418139664407917e+01 1.590788581869844904e+02
9.340471868587368931e+01 1.310704308247162331e+01 1.608482431155493089e+02
9.181209880447077865e+01 1.291111248632506303e+01 1.626115526495666757e+02
9.022905621495664263e+01 1.271638001877381008e+01 1.643688327945177718e+02
8.865551442714617281e+01 1.252283618993645398e+01 1.661201291791476820e+02
8.709139758506459827e+01 1.233047160948078336e+01 1.678654870554651097e+02
8.553663031898942393e+01 1.213927699808543181e+01 1.696049513874771435e+02
8.399113795802099958e+01 1.194924293965122786e+01 1.713385667179942402e+02
8.245484662235757867e+01 1.176035998019872153e+01 1.730663771159061355e+02
8.092768299407991606e+01 1.157261877156866525e+01 1.747884263167605354e+02
7.940957431699980873e+01 1.138601007148304944e+01 1.765047577228546345e+02
7.790044839665993948e+01 1.120052474354508298e+01 1.782154144032352860e+02
7.640023360033391953e+01 1.101615375723920565e+01 1.799204390936989739e+02
7.490885885702631697e+01 1.083288818793107211e+01 1.816198741967916135e+02
7.342625365747264254e+01 1.065071921686758394e+01 1.833137617818089495e+02
7.195234805413932122e+01 1.046963813117684694e+01 1.850021435847962152e+02
7.048707266122370640e+01 1.028963632386820670e+01 1.866850610085482174e+02
6.903035865465415100e+01 1.011070529383223260e+01 1.883625551226093933e+02
6.758213777208987949e+01 9.932836645840716017e+00 1.900346666632737538e+02
6.614234231292108745e+01 9.756022090546681014e+00 1.917014360335850540e+02
6.471090513826892732e+01 9.580253444484373659e+00 1.933629033033364806e+02
6.328775967098543020e+01 9.405522630069263812e+00 1.950191082090708505e+02
6.187283988945802804e+01 9.231821351946734922e+00 1.966700901497935661e+02
6.046608032475349859e+01 9.059140733036027626e+00 1.983158881796908588e+02
5.906741604829320380e+01 8.887472469774438721e+00 1.999565410440260962e+02
5.767678264096076646e+01 8.716808395669453091e+00 2.015920871868289055e+02
5.629411619234078046e+01 8.547140457291074966e+00 2.032225647507580675e+02
5.491935330071883214e+01 8.378460714271874110e+00 2.048480115771016017e+02
5.355243107308141504e+01 8.210761339306941409e+00 2.064684652057765391e+02
5.219328712511603641e+01 8.044034618153922622e+00 2.080839628753290640e+02
5.084185958121111071e+01 7.878272949632996180e+00 2.096945415229347702e+02
4.949808707445603773e+01 7.713468845626887394e+00 2.113002377843979218e+02
4.816190873646952753e+01 7.549614869350284252e+00 2.129010879987077374e+02
4.683326415981267843e+01 7.386703186450018777e+00 2.144971282194280207e+02
4.551209350182970326e+01 7.224726165373536624e+00 2.160883941674377979e+02
4.419833740103831587e+01 7.063676316362192509e+00 2.176749212794119046e+02
4.289193696084767993e+01 6.903546227698636351e+00 2.192567447159797211e+02
4.159283374955850121e+01 6.744328565706799949e+00 2.208338993617250594e+02
4.030096980036291399e+01 6.586016074751913862e+00 2.224064198251862763e+02
3.901628761134457335e+01 6.428601577240490528e+00 2.239743404388561032e+02
3.773873014547857707e+01 6.272077973620334923e+00 2.255376952591817599e+02
3.646824083063155086e+01 6.116438242380541901e+00 2.270965180665649825e+02
3.520476355956158443e+01 5.961675440051495301e+00 2.286508423653619957e+02
3.394824268373998422e+01 5.807782694205655183e+00 2.302007013874039671e+02
3.269862294070726705e+01 5.654753040106011319e+00 2.317461281313919130e+02
3.145584962429431641e+01 5.502579526118580588e+00 2.332871552637377874e+02
3.021986849246885853e+01 5.351255293648716105e+00 2.348238151756296190e+02
