2.540000000000000000e+02 7.000000000000000000e+00 0.000000000000000000e+00
2.516976997926061301e+02 1.278331404666505122e+01 2.866962135355153762e+00
2.493874086696795871e+02 1.721828297917836537e+01 5.753436687686040329e+00
2.470755971450101924e+02 2.060149403519232791e+01 8.654492404660100391e+00
2.447672693687694903e+02 2.316443396479472483e+01 1.156631536113018477e+01
2.424662853524033892e+02 2.508777511680892047e+01 1.448596357992077976e+01
2.401756124511802568e+02 2.651252529613749687e+01 1.741117552333765062e+01
2.378975218318857685e+02 2.754873863936131428e+01 2.034022047883673778e+01
2.356337416607522641e+02 2.828230775938609298e+01 2.327178190252032763e+01
2.333855766953094530e+02 2.878026646696997659e+01 2.620486634627383538e+01
2.311540016345251729e+02 2.909492911004424087e+01 2.913873236815800283e+01
2.289397339736700019e+02 2.926712128802757462e+01 3.207283505010681779e+01
2.267432908647235195e+02 2.932870147532348781e+01 3.500678269554432376e+01
2.245650335044871895e+02 2.930452970303122129e+01 3.794030302476188155e+01
2.224052017974921114e+02 2.921400508610964053e+01 4.087321677613583404e+01
2.202639413149648533e+02 2.907226180169264396e+01 4.380541717398956791e+01
2.181413243622137088e+02 2.889110386830697763e+01 4.673685388297338505e+01
2.160373665221596013e+02 2.867973936254457001e+01 4.966752040741917540e+01
2.139520395850003638e+02 2.844535442233532407e+01 5.259744424269813123e+01
2.118852812759641040e+02 2.819354527167796221e+01 5.552667946496017493e+01
2.098370032981300426e+02 2.792867555633398169e+01 5.845530060394808203e+01
2.078070975082239329e+02 2.765415091542855563e+01 6.138339793755859830e+01
2.057954402957107618e+02 2.737261383601275000e+01 6.431107415482867395e+01
2.038018968179210617e+02 2.708613220939493615e+01 6.723844112829826258e+01
2.018263233445160267e+02 2.679630395028070922e+01 7.016561812652710728e+01
1.998685700155195946e+02 2.650438006294669435e+01 7.309272971132766372e+01
1.979284821327734676e+02 2.621132255663744104e+01 7.601990475225989030e+01
1.960059019826560984e+02 2.591788605415704083e+01 7.894727503612513431e+01
1.941006694137741988e+02 2.562464399911049640e+01 8.187497482523633607e+01
1.922126231844246149e+02 2.533204926433500859e+01 8.480313982864721822e+01
1.903416010844940445e+02 2.504044003735391755e+01 8.773190710789970126e+01
1.884874408618656503e+02 2.475008182538708468e+01 9.066141436874606541e+01
1.866499803826845607e+02 2.446117506507477657e+01 9.359179983762852828e+01
1.848290578828247988e+02 2.417386695700627541e+01 9.652320206818795612e+01
1.830245124623475306e+02 2.388827428542609965e+01 9.945575956208774926e+01
1.812361839523381377e+02 2.360447781962915670e+01 1.023896108695931559e+02
1.794639131863946773e+02 2.332253523802890527e+01 1.053248943802976072e+02
1.777075422120504697e+02 2.304249130800819501e+01 1.082617481598126545e+02
1.759669141607201652e+02 2.276437235824321803e+01 1.112003100482222493e+02
1.742418733739745278e+02 2.248819266483765489e+01 1.141407175617492413e+02
1.725322655477205274e+02 2.221396186157486952e+01 1.170831077801233278e+02
1.708379376771796672e+02 2.194168281089202210e+01 1.200276173877088723e+02
1.691587380063641319e+02 2.167134949500692187e+01 1.229743827117225834e+02
1.674945161471278823e+02 2.140295375859135873e+01 1.259235396276300776e+02
1.658451230908875402e+02 2.113648632912903480e+01 1.288752235488867655e+02
1.642104111608311428e+02 2.087193508435666445e+01 1.318295694624493422e+02
1.625902339849082807e+02 2.060928367313542964e+01 1.347867119499339310e+02
1.609844465439737462e+02 2.034851537688633627e+01 1.377467851465028730e+02
1.593929051659466154e+02 2.008961353402205319e+01 1.407099227435816715e+02
1.578154675198931329e+02 1.983256141185727373e+01 1.436762579930619097e+02
1.562519925637679421e+02 1.957734033628386072e+01 1.466459237462977967e+02
1.547023405751837117e+02 1.932393059863907325e+01 1.496190524317852351e+02
1.531663731258269081e+02 1.907231282661705762e+01 1.525957760686091262e+02
1.516439530732789365e+02 1.882246795873821554e+01 1.555762262718777436e+02
1.501349445610165105e+02 1.857437724434912241e+01 1.585605342527224195e+02
1.486392129885057614e+02 1.832802176364065616e+01 1.615488308393949808e+02
1.471566250137509257e+02 1.808338157045128014e+01 1.645412464778960668e+02
1.456870485647218345e+02 1.784043699854680654e+01 1.675379112212685015e+02
1.442303527780335912e+02 1.759916866241881550e+01 1.705389547703670701e+02
1.427864079983842203e+02 1.735955745304599063e+01 1.735445064742426098e+02
1.413550857785549226e+02 1.712158453789412604e+01 1.765546953301418398e+02
1.399362588791158828e+02 1.688523135975246703e+01 1.795696499837110878e+02
1.385298012048963301e+02 1.665047916869074029e+01 1.825894987733744301e+02
1.371355879019910162e+02 1.641730896296002129e+01 1.856143696654240784e+02
1.357534953104179749e+02 1.618570206576308124e+01 1.886443902844049489e+02
1.343834008859451501e+02 1.595564000488135648e+01 1.916796879662538799e+02
1.330251832000903391e+02 1.572710451267490050e+01 1.947203897582996319e+02
1.316787219401214202e+02 1.550007752608241418e+01 1.977666224192627453e+02
1.303438979090560963e+02 1.527454118662123150e+01 2.008185124192557396e+02
1.290205930256620377e+02 1.505047784038732850e+01 2.038761859397829141e+02
1.277086903041738850e+02 1.482787000926016141e+01 2.069397688879031136e+02
1.264080737382935524e+02 1.460670004042166781e+01 2.100093869787194194e+02
1.251186286264982073e+02 1.438695044718303961e+01 2.130851655098681192e+02
1.238402413373128610e+02 1.416860395430157382e+01 2.161672295230714553e+02
1.225727992439348384e+02 1.395164344567194625e+01 2.192557038495046413e+02
1.213161907242336923e+02 1.373605196432619024e+01 2.223507131097964873e+02
1.200703051607512464e+02 1.352181271243372862e+01 2.254523817140290305e+02
1.188350329407016090e+02 1.330890905130135238e+01 2.285608338617376205e+02
1.176102654559711453e+02 1.309732450137322601e+01 2.316761935419110614e+02
1.163958951031184483e+02 1.288704274223088397e+01 2.347985845329914412e+02
1.151918152833744386e+02 1.267804761259323776e+01 2.379281304028741317e+02
1.139979204026422650e+02 1.247032311031656882e+01 2.410649545089079311e+02
1.128141056918216805e+02 1.226385335634557094e+01 2.442091801272643181e+02
1.116402672570328320e+02 1.205862244704680641e+01 2.473609304218079501e+02
1.104763026943356721e+02 1.185461459030250886e+01 2.505203280023116861e+02
1.093221104940187161e+02 1.165181413742994110e+01 2.536874953492856264e+02
1.081775900144862845e+02 1.145020558151241019e+01 2.568625548326755279e+02
1.070426414822584320e+02 1.124977355739927809e+01 2.600456287118625482e+02
1.059171659919710606e+02 1.105050284170596342e+01 2.632368391356636721e+02
1.048010655063758065e+02 1.085237835281392194e+01 2.664363081423309723e+02
1.036942428563400682e+02 1.065538515087067850e+01 2.696441576595527181e+02
1.025966017408470634e+02 1.045950843778980044e+01 2.728605095044524091e+02
1.015080467269957580e+02 1.026473355725090286e+01 2.760854853835891163e+02
1.004284832500009372e+02 1.007104599469966644e+01 2.793192068929575953e+02
9.935781761319310590e+01 9.878431377347807185e+00 2.825617955179880028e+02
9.829595698801860237e+01 9.686875474173104905e+00 2.858133726335461802e+02
9.724280941403951317e+01 9.496364195919385409e+00 2.890740595039335972e+02
9.619828379893371562e+01 9.306883595096532957e+00 2.923439772828871810e+02
9.516228991324629760e+01 9.118419819465904297e+00 2.956232470217628929e+02
9.413473838004800598e+01 8.930958663467164271e+00 2.989119897130361778e+02
9.311554072500048562e+01 8.744486157294783624e+00 3.022103261965790466e+02
9.210460925471576843e+01 8.558988548380929373e+00 3.055183772633824901e+02
9.110185703745754893e+01 8.374452222253337297e+00 3.088362636783126050e+02
9.010719790314112743e+01 8.190863702535336799e+00 3.121641061801113324e+02
8.912054644333341002e+01 8.008209650945831370e+00 3.155020254813962310e+02
8.814181801125300808e+01 7.826476867299308360e+00 3.188501422686601359e+02
8.717092872177012453e+01 7.645652289505834531e+00 3.222085772022718402e+02
8.620779545140662492e+01 7.465722993571056953e+00 3.255774509164752430e+02
8.525233583833598061e+01 7.286676193596202999e+00 3.289568840193901451e+02
8.430446828238331136e+01 7.108499241778082123e+00 3.323469970930116233e+02
8.336411191578402224e+01 6.931179568737794838e+00 3.357479107182292637e+02
8.243118652933894452e+01 6.754704313914375646e+00 3.391597455431921730e+02
8.150561284078467850e+01 6.579060834243470879e+00 3.425826220554399697e+02
8.058731227532500441e+01 6.404236644407081513e+00 3.460166607612427470e+02
7.967620692996710829e+01 6.230219371566820818e+00 3.494619822154978692e+02
7.877221957352176673e+01 6.056996755363919682e+00 3.529187070217296309e+02
7.787527364660311946e+01 5.884556647919224837e+00 3.563869558320898250e+02
7.698529326162883990e+01 5.712887013833199745e+00 3.598668493473570607e+02
7.610220320282007833e+01 5.541975930185922827e+00 3.633585083169371615e+02
7.522592892620140503e+01 5.371811586537093675e+00 3.668620535388632788e+02
7.435639655960093819e+01 5.202382284926023281e+00 3.703776058597956649e+02
7.349353290265021599e+01 5.033676439871642927e+00 3.739052861750215015e+02
7.263726542678428189e+01 4.865682578372494405e+00 3.774452154284554126e+02
7.178752223284510592e+01 4.698389298011923287e+00 3.809975146517385838e+02
