2.540000000000000000e+02 7.000000000000000000e+00 0.000000000000000000e+00
2.515066615505606080e+02 1.236353064976763605e+01 9.994885521146203988e-01
2.489782405251480952e+02 1.646969113106340643e+01 1.976016186886389248e+00
2.464288970864541000e+02 1.959629467669529390e+01 2.934360870761274498e+00
2.438695998231395947e+02 2.195994422576013250e+01 3.878248637574380098e+00
2.413088297039258521e+02 2.372951790490279933e+01 4.810585338342966644e+00
2.387531286378906827e+02 2.503667784116057504e+01 5.733637236675062532e+00
2.362075276881285504e+02 2.598407365626451693e+01 6.649171987016996077e+00
2.336758806469016747e+02 2.665173309566634074e+01 7.558568458604278284e+00
2.311611241286501297e+02 2.710204505522914431e+01 8.462902369605130204e+00
2.286654803898291277e+02 2.738364549809293891e+01 9.363013067305425707e+00
2.261906154580226200e+02 2.753444728578049450e+01 1.025955559636066994e+01
2.237377624208768907e+02 2.758400261663030406e+01 1.115304129782691867e+01
2.213078175777916954e+02 2.755534562617403438e+01 1.204386947471354041e+01
2.189014154094641924e+02 2.746642922312623369e+01 1.293235208442669659e+01
2.165189868207065160e+02 2.733124150457977564e+01 1.381873292474168657e+01
2.141608047091610842e+02 2.716067938388287217e+01 1.470320264744590766e+01
2.118270196694754191e+02 2.696323325112112812e+01 1.558591052455307846e+01
2.095176877064069458e+02 2.674551855545066914e+01 1.646697358385134891e+01
2.072327912386625712e+02 2.651267884250460583e+01 1.734648353538351628e+01
2.049722565626900632e+02 2.626872099296662455e+01 1.822451253280129180e+01
2.027359667858073067e+02 2.601676366467962609e+01 1.910111744310939841e+01
2.005237715274390666e+02 2.575922378111819100e+01 1.997634305171445845e+01
1.983354958620435298e+02 2.549798856498174615e+01 2.085022501908867198e+01
1.961709452790755108e+02 2.523451115457847749e+01 2.172279152415528358e+01
1.940299117917452634e+02 2.496992835977080816e+01 2.259406528818871607e+01
1.919121764095299625e+02 2.470510858756708572e+01 2.346406439861374338e+01
1.898175133214333528e+02 2.444073273499905241e+01 2.433280369941738996e+01
1.877456909074997782e+02 2.417731406333273014e+01 2.520029513285969003e+01
1.856964746894559539e+02 2.391525552662946552e+01 2.606654872494645758e+01
1.836696277038717255e+02 2.365485735216601171e+01 2.693157271584684764e+01
1.816649121657902413e+02 2.339634969344463755e+01 2.779537412130703800e+01
1.796820902415878720e+02 2.313990799611427818e+01 2.865795899690685999e+01
1.777209241730174654e+02 2.288565583253049951e+01 2.951933248692808220e+01
1.757811775160114678e+02 2.263368954020844726e+01 3.037949924807907465e+01
1.738626149943010546e+02 2.238407573266941242e+01 3.123846340682578671e+01
1.719650027519690809e+02 2.213685671339079164e+01 3.209622865262777225e+01
1.700881090062893577e+02 2.189206389307360823e+01 3.295279846882647945e+01
1.682317038699547140e+02 2.164971465317776733e+01 3.380817607883646048e+01
1.663955593611207746e+02 2.140981291611449322e+01 3.466236445607330552e+01
1.645794498252713538e+02 2.117235836514041836e+01 3.551536648278725039e+01
1.627831519241241836e+02 2.093734653677231705e+01 3.636718495175573906e+01
1.610064444238357169e+02 2.070476490449005169e+01 3.721782249902843631e+01
1.592491083995149950e+02 2.047459762727958932e+01 3.806728168581670957e+01
1.575109273229030578e+02 2.024682820215234003e+01 3.891556504440883657e+01
1.557916870313799507e+02 2.002143904853910428e+01 3.976267507108906329e+01
1.540911755785297999e+02 1.979840876667050154e+01 4.060861417906322401e+01
1.524091833366236699e+02 1.957771463503589615e+01 4.145338474156144315e+01
1.507455030038133259e+02 1.935933419431797020e+01 4.229698911955161122e+01
1.490999296000982213e+02 1.914324523657941057e+01 4.313942966157641479e+01
1.474722604115319200e+02 1.892942516830778388e+01 4.398070869295497687e+01
1.458622949360601240e+02 1.871784959372674351e+01 4.482082849130726743e+01
1.442698349359046119e+02 1.850849428359332904e+01 4.565979132071841917e+01
1.426946843678411199e+02 1.830133542505350874e+01 4.649759943657414851e+01
1.411366493823608721e+02 1.809634961710297674e+01 4.733425508548678096e+01
1.395955383216939651e+02 1.789351386237445141e+01 4.816976050516428387e+01
1.380711616198996978e+02 1.769280478043078375e+01 4.900411791127648797e+01
1.365633319106605370e+02 1.749419854786171058e+01 4.983732949569917992e+01
1.350718639389385771e+02 1.729767177484787766e+01 5.066939744245640043e+01
1.335965744838099454e+02 1.710320142420724920e+01 5.150032392680719795e+01
1.321372823584653702e+02 1.691076481139514343e+01 5.233011111524567127e+01
1.306938084102098401e+02 1.672033960450420764e+01 5.315876116550094821e+01
1.292659755198903326e+02 1.653190382333217201e+01 5.398627622652471558e+01
1.278536084593478108e+02 1.634543541988517035e+01 5.481265843207370381e+01
1.264565341182828035e+02 1.616091225182781344e+01 5.563790989875748494e+01
1.250745814112228942e+02 1.597831257922982573e+01 5.646203273535447664e+01
1.237075810990540532e+02 1.579761493736467770e+01 5.728502904175307719e+01
1.223553657890205386e+02 1.561879813670954675e+01 5.810690090895175075e+01
1.210177699347250240e+02 1.544184126294534920e+01 5.892765041905892787e+01
1.196946298361285415e+02 1.526672367695673138e+01 5.974727964529309787e+01
1.183857836395504535e+02 1.509342501483206611e+01 6.056579065198273071e+01
1.170910713376685095e+02 1.492192518786345090e+01 6.138318549456631956e+01
1.158103345174655630e+02 1.475220420575583979e+01 6.219946621814959542e+01
1.145434166881399989e+02 1.458424208461574700e+01 6.301463485374174667e+01
1.132901635132804614e+02 1.441801920059594977e+01 6.382869342292723758e+01
1.120504222796695188e+02 1.425351615547715944e+01 6.464164393899856975e+01
1.108240418942235834e+02 1.409071377532044167e+01 6.545348840695262993e+01
1.096108728839927267e+02 1.392959311046721105e+01 6.626422882349072552e+01
1.084107673961607787e+02 1.377013543553925423e+01 6.707386717701857037e+01
1.072235791980452433e+02 1.361232224943869795e+01 6.788240544764626350e+01
1.060491636770974537e+02 1.345613527534803566e+01 6.868984560718837429e+01
1.048873778409024169e+02 1.330155646073010800e+01 6.949618961916380044e+01
1.037380803171788699e+02 1.314856797732812055e+01 7.030143943879585322e+01
1.026011313537792802e+02 1.299715222116562607e+01 7.110559701301227165e+01
1.014763927679870363e+02 1.284729180639847179e+01 7.190866428067150196e+01
1.003637273765818207e+02 1.269896940725496925e+01 7.271064317354995410e+01
9.926300039781072826e+01 1.255216781649906821e+01 7.351153560813652632e+01
9.817407876518475973e+01 1.240687004199441290e+01 7.431134349183845700e+01
9.709683078000779233e+01 1.226305929122947269e+01 7.511006872499800124e+01
9.603112611137648003e+01 1.212071897131754206e+01 7.590771320089237406e+01
9.497683579618033889e+01 1.197983268899673881e+01 7.670427880573389245e+01
9.393383223910171864e+01 1.184038425063000943e+01 7.749976741866984753e+01
9.290198921261584530e+01 1.170235766220512019e+01 7.829418091178251871e+01
9.188118185699066487e+01 1.156573712933466602e+01 7.908752115008925898e+01
9.087128668028705647e+01 1.143050705725606520e+01 7.987978999154239546e+01
8.987218155835870448e+01 1.129665205083156287e+01 8.067098928702920091e+01
8.888374573485209851e+01 1.116415691454822579e+01 8.146112088037216381e+01
8.790585982120657604e+01 1.103300665251794399e+01 8.225018660832857620e+01
8.693840579665436508e+01 1.090318646847744333e+01 8.303818830059086054e+01
8.598126700822042778e+01 1.077468176578825876e+01 8.382512777978639917e+01
8.503432816336801636e+01 1.064747812212034006e+01 8.461100686108426316e+01
8.409747528687238116e+01 1.052156082263483050e+01 8.539582734432730149e+01
8.317059588938882086e+01 1.039691533050613259e+01 8.617959102112658343e+01
8.225357872054031816e+01 1.027352740077100890e+01 8.696229967848941556e+01
8.134631370560504138e+01 1.015138298036104381e+01 8.774395509749393796e+01
8.044869194551631608e+01 1.003046820810264705e+01 8.852455905328918107e+01
7.956060571686251137e+01 9.910769414717046644e+00 8.930411331509495199e+01
7.868194847188713936e+01 9.792273122820299491e+00 9.008261964620193396e+01
7.781261483848895466e+01 9.674966046923289653e+00 9.086007980397160111e+01
7.695250062022172699e+01 9.558835093431712338e+00 9.163649553983633211e+01
7.610150279629441172e+01 9.443867360646096998e+00 9.241186859929931074e+01
7.525951952157105040e+01 9.330050138761791345e+00 9.318620072193455428e+01
7.442645012657087022e+01 9.217370909868973783e+00 9.395949364138689930e+01
7.360219496842542242e+01 9.105817086071480659e+00 9.473174908177348641e+01
7.278665559870555057e+01 8.995375843976818331e+00 9.550296875367251914e+01
7.197973493258393773e+01 8.886034738123589349e+00 9.627315436374692581e+01
7.118133690444786055e+01 8.777781488493262785e+00 9.704230761330447308e+01
7.039136646465560432e+01 8.670603976907088395e+00 9.781043019825625606e+01
6.960972957953646301e+01 8.564490247026110836e+00 9.857752380911676937e+01
6.883633323139076765e+01 8.459428504351155453e+00 9.934359013100375080e+01
6.807108541848978689e+01 8.355407116222831831e+00 1.001086308436383234e+02
6.731389515507585486e+01 8.252414611821542678e+00 1.008726476213450240e+02
6.656467247136232857e+01 8.150439682167471389e+00 1.016356421330516469e+02
6.582332841353347419e+01 8.049471180120587377e+00 1.023976160422893713e+02
