2.540000000000000000e+02 7.000000000000000000e+00 0.000000000000000000e+00
2.518899122274501963e+02 1.307315420804551387e+01 2.966406602958889138e+00
2.497791903534292715e+02 1.785539927873415778e+01 5.944491152718015314e+00
2.476737658027333282e+02 2.161098442601350555e+01 8.931362894721100787e+00
2.455783045351595320e+02 2.455023120097052214e+01 1.192476678690785263e+01
2.434964659855136517e+02 2.684054079628739231e+01 1.492295351345870102e+01
2.414311089974326592e+02 2.861514838765798885e+01 1.792457610820135727e+01
2.393844558310305501e+02 2.998009545209745852e+01 2.092860762540749420e+01
2.373582226905673735e+02 3.101977905556481119e+01 2.393427561789511415e+01
2.353537236110726951e+02 3.180136878842131409e+01 2.694100998922622026e+01
2.333719531326472918e+02 3.237832208832288217e+01 2.994840149472226187e+01
2.314136520883657511e+02 3.279318181713100699e+01 3.295616871963946437e+01
2.294793599672816526e+02 3.307980321843859173e+01 3.596413179679733219e+01
2.275694565764620165e+02 3.326512603080366404e+01 3.897219149621540879e+01
2.256841952304225742e+02 3.337058647176518633e+01 4.198031256809824185e+01
2.238237292302080448e+02 3.341324399910407550e+01 4.498851045452071418e+01
2.219881327310108645e+02 3.340666954255886623e+01 4.799684081811503233e+01
2.201774173817591418e+02 3.336165401225718341e+01 5.100539119326811743e+01
2.183915458835864740e+02 3.328678585302046855e+01 5.401427418416190562e+01
2.166304424308603984e+02 3.318889607397269259e+01 5.702362222778460676e+01
2.148940009030674787e+02 3.307340763323604449e+01 6.003358348592221461e+01
2.131820920696657140e+02 3.294464294429165818e+01 6.304431823298830295e+01
2.114945683122443256e+02 3.280602572687381979e+01 6.605599648977941740e+01
2.098312683513314880e+02 3.266028315203418941e+01 6.906879565530344678e+01
2.081920202781483624e+02 3.250957586074699890e+01 7.208289898933469431e+01
2.065766444154729982e+02 3.235562071963006758e+01 7.509849418079092231e+01
2.049849553037558678e+02 3.219977640956626885e+01 7.811577235540275410e+01
2.034167635432067982e+02 3.204312285180640885e+01 8.113492715554907875e+01
2.018718768640767109e+02 3.188650778432934985e+01 8.415615420748937936e+01
2.003501015977375914e+02 3.173061054138152315e+01 8.717965038806849520e+01
1.988512429534571595e+02 3.157595464029858334e+01 9.020561368937221403e+01
1.973751062847573792e+02 3.142296309686865285e+01 9.323424258933924591e+01
1.959214971227426645e+02 3.127196049384225063e+01 9.626573603800069634e+01
1.944902217857253959e+02 3.112320022044942291e+01 9.930029315733759177e+01
1.930810878589504398e+02 3.097688602200878449e+01 1.023381130056199169e+02
1.916939040508903815e+02 3.083316640977563594e+01 1.053793946521312250e+02
1.903284807150650408e+02 3.069215847224805316e+01 1.084243369226752094e+02
1.889846299966452250e+02 3.055395502282700804e+01 1.114731383302783740e+02
1.876621656782775744e+02 3.041861843889564554e+01 1.145259971547703515e+02
1.863609034892118075e+02 3.028619549373816611e+01 1.175831112956678339e+02
1.850806612175758232e+02 3.015672318761371073e+01 1.206446782209266786e+02
1.838212585805368349e+02 3.003022358133001291e+01 1.237108950342630607e+02
1.825825172874830002e+02 2.990670733321424990e+01 1.267819584478387753e+02
1.813642611762444972e+02 2.978618154366700566e+01 1.298580647241650468e+02
1.801663162018105595e+02 2.966864965391588882e+01 1.329394096838075541e+02
1.789885103306741314e+02 2.955410726084288342e+01 1.360261887606623361e+02
1.778306736030330626e+02 2.944254564301348864e+01 1.391185969754262146e+02
1.766926381639279668e+02 2.933395544314668868e+01 1.422168289324982027e+02
1.755742382602241776e+02 2.922832670152541468e+01 1.453210788223800307e+02
1.744753101791240795e+02 2.912564706141266413e+01 1.484315404578001960e+02
1.733956922422542277e+02 2.902590065342258896e+01 1.515484072723272391e+02
1.723352248156556925e+02 2.892907158126702072e+01 1.546718723324793530e+02
1.712937502869032471e+02 2.883514421879343814e+01 1.578021283565093995e+02
1.702711130651053111e+02 2.874410320998499557e+01 1.609393677144050798e+02
1.692671595419554365e+02 2.865593279130249016e+01 1.640837824540157328e+02
1.682817380789444428e+02 2.857061524741340364e+01 1.672355643027590020e+02
1.673146990267099454e+02 2.848813304193571838e+01 1.703949046651962078e+02
1.663658946478439589e+02 2.840846906075785938e+01 1.735619946836260965e+02
1.654351791159618870e+02 2.833160660549192400e+01 1.767370252387617597e+02
1.645224085157024945e+02 2.825752939347369974e+01 1.799201869497307484e+02
1.636274408220287739e+02 2.818622141511720613e+01 1.831116701897649079e+02
1.627501358448082271e+02 2.811766577610854156e+01 1.863116651250013831e+02
1.618903553610006441e+02 2.805184566642749999e+01 1.895203616158523801e+02
1.610479629489927902e+02 2.798874468933199822e+01 1.927379493497242038e+02
1.602228239662824478e+02 2.792834680206115650e+01 1.959646178583685980e+02
1.594148055494779612e+02 2.787063631583534118e+01 1.992005565178830295e+02
1.586237766142984924e+02 2.781559789585610432e+01 2.024459545487106595e+02
1.578496078555739643e+02 2.776321656130622983e+01 2.057010010156401734e+02
1.570921716956878527e+02 2.771347755036339677e+01 2.089658848701936620e+02
1.563513422374863637e+02 2.766636569144101898e+01 2.122407949905553153e+02
1.556269955465076293e+02 2.762186618384990666e+01 2.155259199519615834e+02
1.549190093420936307e+02 2.757996454643596707e+01 2.188214482807265142e+02
1.542272629681757223e+02 2.754064657738542365e+01 2.221275684782338828e+02
1.535516373932740919e+02 2.750389835422475926e+01 2.254444690209371913e+02
1.528920152104980730e+02 2.746970623382078713e+01 2.287723383603598393e+02
1.522482806375460029e+02 2.743805685238057990e+01 2.321113649230948113e+02
1.516203195167054218e+02 2.740893712545151928e+01 2.354617371108049042e+02
1.510080193148527599e+02 2.738233424792127479e+01 2.388236433002225851e+02
1.504112690983294556e+02 2.735823567980229853e+01 2.421972718653173331e+02
1.498299591722039565e+02 2.733662879338263707e+01 2.455828115006953851e+02
1.492639819345980925e+02 2.731750116979255694e+01 2.489804504778022647e+02
1.487132314659790211e+02 2.730084070832374366e+01 2.523903769997654933e+02
1.481776032868692994e+02 2.728663554302416472e+01 2.558127794136721320e+02
1.476569943578471680e+02 2.727487404269806959e+01 2.592478462105687527e+02
1.471513030795462953e+02 2.726554481090599324e+01 2.626957660254617508e+02
1.466604292926558344e+02 2.725863668596475975e+01 2.661567276373166351e+02
1.461842742779206219e+02 2.725413874094746447e+01 2.696309199690589367e+02
1.457227407561408370e+02 2.725204028368349540e+01 2.731185320875734419e+02
1.452757328881723424e+02 2.725233085675851186e+01 2.766197532037045903e+02
1.448431562749263719e+02 2.725500023751447287e+01 2.801347726722565312e+02
1.444249179573697859e+02 2.726003843804959459e+01 2.836637799919927261e+02
1.440209264165249010e+02 2.726743570521841420e+01 2.872069648056362325e+02
1.436310915734696323e+02 2.727718252063171533e+01 2.907645168998699319e+02
1.432553243650432080e+02 2.728926952789439753e+01 2.943366266530299526e+02
1.428935373540089699e+02 2.730368736633574400e+01 2.979234844500366535e+02
1.425456450712297283e+02 2.732042685969441465e+01 3.015252802946750421e+02
1.422115632941027457e+02 2.733947905379422139e+01 3.051422045365142708e+02
1.418912090452248265e+02 2.736083521648972550e+01 3.087744478722804615e+02
1.415845005923926863e+02 2.738448683766629088e+01 3.124222013458565357e+02
1.412913574486027244e+02 2.741042562924003434e+01 3.160856563482820434e+02
1.410117003720509672e+02 2.743864352515784333e+01 3.197650046177528225e+02
1.407454513661332953e+02 2.746913268139737596e+01 3.234604382396217943e+02
1.404925336794451596e+02 2.750188547596707167e+01 3.271721496463982817e+02
1.402528718057818651e+02 2.753689450890613699e+01 3.309003316177483498e+02
1.400263914841383155e+02 2.757415260228454201e+01 3.346451772804946927e+02
1.398130196987091836e+02 2.761365280020304169e+01 3.384068801086167468e+02
1.396126846788889395e+02 2.765538836879314744e+01 3.421856339232503501e+02
1.394253158992716806e+02 2.769935279621716617e+01 3.459816328926883102e+02
1.392508440796512446e+02 2.774553979266813997e+01 3.497950715323799500e+02
1.390892011850211816e+02 2.779394329036991707e+01 3.536261447049310505e+02
1.389403204105254304e+02 2.784455738082120391e+01 3.574750476667275052e+02
1.388041361765743602e+02 2.789737573738766940e+01 3.613419762674298568e+02
1.386805842980078012e+02 2.795239223009775742e+01 3.652271264261995043e+02
1.385696017275745930e+02 2.800960102481487013e+01 3.691306945113614688e+02
1.384711265181639135e+02 2.806899652243159338e+01 3.730528774239046470e+02
1.383850978228055055e+02 2.813057335886969312e+01 3.769938725974827776e+02
1.383114558946695922e+02 2.819432640508010834e+01 3.809538779984138159e+02
1.382501420870667914e+02 2.826025076704295458e+01 3.849330921256801616e+02
1.382010988534482863e+02 2.832834178576752393e+01 3.889317140109284310e+02
1.381642697474057400e+02 2.839859503729228507e+01 3.929499432184696843e+02
1.381395994226712958e+02 2.847100633268489034e+01 3.969879798452796535e+02
1.381270336331174349e+02 2.854557171804215798e+01 4.010460245209978893e+02
1.381265192327572890e+02 2.862228747449008637e+01 4.051242784079288413e+02
1.381380041757444417e+02 2.870115011818385753e+01 4.092229432010410051e+02
