2.540000000000000000e+02 7.000000000000000000e+00 0.000000000000000000e+00
2.516811102187018321e+02 1.184031536219752923e+01 1.184301448785464839e+00
2.493473023493123151e+02 1.558316648465319787e+01 2.353501892758528058e+00
2.470075490031541676e+02 1.846325361785942576e+01 3.509555356677689808e+00
2.446688470352283105e+02 2.066522586964086017e+01 4.654008668686949513e+00
2.423366397787269193e+02 2.233436070690303765e+01 5.788088256382194707e+00
2.400151487500848475e+02 2.358495389017467048e+01 6.912768335654205565e+00
2.377076347991874457e+02 2.450692501502379983e+01 8.028824597834415044e+00
2.354166035852266248e+02 2.517101499895771255e+01 9.136876453622130967e+00
2.331439672427528365e+02 2.563287557694642160e+01 1.023742027238961683e+01
2.308911715566453609e+02 2.593628648309013229e+01 1.133085553220167796e+01
2.286592960078675105e+02 2.611568650554730553e+01 1.241750539368068296e+01
2.264491324793105775e+02 2.619816483046260913e+01 1.349763288763121238e+01
2.242612471677279586e+02 2.620502764684992059e+01 1.457145365079179733e+01
2.220960293013420142e+02 2.615303104823959757e+01 1.563914594955694248e+01
2.199537295447737222e+02 2.605535311200929272e+01 1.670085858397823486e+01
2.178344901800269895e+02 2.592235798243810763e+01 1.775671710135856074e+01
2.157383685306714085e+02 2.576218905239432999e+01 1.880682862085767582e+01
2.136653558298616531e+02 2.558124691424063357e+01 1.985128572161503158e+01
2.116153921284904129e+02 2.538456716815122860e+01 2.089016951704652314e+01
2.095883772343293856e+02 2.517609780819825005e+01 2.192355191280117666e+01
2.075841803040949856e+02 2.495894256578779036e+01 2.295149758818590513e+01
2.056026468390987247e+02 2.473553857785997323e+01 2.397406544380156035e+01
2.036436040028611671e+02 2.450779156062210973e+01 2.499130970355039238e+01
2.017068656119634795e+02 2.427720281266356039e+01 2.600328095071098033e+01
1.997922348410193649e+02 2.404493824844597682e+01 2.701002669210443230e+01
1.978995077535469136e+02 2.381191850777110375e+01 2.801159209449028253e+01
1.960284746360731845e+02 2.357885326071075127e+01 2.900802026620371876e+01
1.941789223713889783e+02 2.334630206251208406e+01 2.999935275591589345e+01
1.923506352324830004e+02 2.311469496861768746e+01 3.098562972286994111e+01
1.905433961335379252e+02 2.288436494884786043e+01 3.196689020421609939e+01
1.887569875722043662e+02 2.265557238792069938e+01 3.294317231749929675e+01
1.869911917713496905e+02 2.242850916317911114e+01 3.391451329628283418e+01
1.852457917904393412e+02 2.220332770470457362e+01 3.488094973111714836e+01
1.835205714445488070e+02 2.198013930187601517e+01 3.584251755756666569e+01
1.818153156551533982e+02 2.175902368723815528e+01 3.679925213768790826e+01
1.801298109844933322e+02 2.154004342435835540e+01 3.775118838136114618e+01
1.784638454418605988e+02 2.132323926216760057e+01 3.869836070981547493e+01
1.768172086928211399e+02 2.110863613224377389e+01 3.964080310792933659e+01
1.751896923729561024e+02 2.089625205322827028e+01 4.057854920148625411e+01
1.735810899823747775e+02 2.068609575077551099e+01 4.151163223928590895e+01
1.719911968348773712e+02 2.047816561331807250e+01 4.244008508587860717e+01
1.704198102953623390e+02 2.027245704833836371e+01 4.336394028817116464e+01
1.688667297966033800e+02 2.006896328245402472e+01 4.428323008382561454e+01
1.673317567198728284e+02 1.986767262065509954e+01 4.519798638039513605e+01
1.658146944213526410e+02 1.966856932728462937e+01 4.610824076355965673e+01
1.643153483118198039e+02 1.947163724824748599e+01 4.701402453467717635e+01
1.628335258536353365e+02 1.927685995956542797e+01 4.791536871312573709e+01
1.613690365046735735e+02 1.908421977912588829e+01 4.881230403044717292e+01
1.599216916768030785e+02 1.889369635290560367e+01 4.970486091702372278e+01
1.584913047793729959e+02 1.870526926163735482e+01 5.059306953087545367e+01
1.570776911900987329e+02 1.851891836037876971e+01 5.147695976585682587e+01
1.556806682550617040e+02 1.833462377850549885e+01 5.235656125165677821e+01
1.543000552503663982e+02 1.815236548654395321e+01 5.323190335299553055e+01
1.529356733533521151e+02 1.797212213190963581e+01 5.410301515796565042e+01
1.515873456774983481e+02 1.779387252101797401e+01 5.496992549310401444e+01
1.502548971901620689e+02 1.761759580530550906e+01 5.583266293636849298e+01
1.489381547108430084e+02 1.744327147293928704e+01 5.669125581725062091e+01
1.476369469111838555e+02 1.727087934881687659e+01 5.754573221677562600e+01
1.463511042884805420e+02 1.710039946660363341e+01 5.839611996920925918e+01
1.450804591162788313e+02 1.693181127658414198e+01 5.924244665795395548e+01
1.438248455697516590e+02 1.676509440003462714e+01 6.008473960943491932e+01
1.425840995543807423e+02 1.660022876983391171e+01 6.092302591689528413e+01
1.413580586883219041e+02 1.643719459451751774e+01 6.175733244218115914e+01
1.401465623024048739e+02 1.627597235827768074e+01 6.258768581574147305e+01
1.389494514401333731e+02 1.611654282096333191e+01 6.341411243662810193e+01
1.377665688576852858e+02 1.595888701808013010e+01 6.423663847249579817e+01
1.365977589373157457e+02 1.580298609862416370e+01 6.505528986857780183e+01
1.354428677360971847e+02 1.564882100668413401e+01 6.587009233726435298e+01
1.343017431699693702e+02 1.549637303005599698e+01 6.668107134171373218e+01
1.331742347120398904e+02 1.534562368246955089e+01 6.748825213299659254e+01
1.320601933832509189e+02 1.519655469388821523e+01 6.829165975116521281e+01
1.309594717523791303e+02 1.504914801050903606e+01 6.909131902525351165e+01
1.298719239360357562e+02 1.490338579476268421e+01 6.988725457327699075e+01
1.287974055986664723e+02 1.475925042531346065e+01 7.067949080223284852e+01
1.277357739525515399e+02 1.461672449705928400e+01 7.146805190809986641e+01
1.266868877578057351e+02 1.447579082113170834e+01 7.225296187583846574e+01
1.256506072036998063e+02 1.433643237859353015e+01 7.303424449403804886e+01
1.246267937242609065e+02 1.419863209663453141e+01 7.381192337572633733e+01
1.236153108968684364e+02 1.406237316228273748e+01 7.458602184701196336e+01
1.226160237356966718e+02 1.392763896473852370e+01 7.535656303710479165e+01
1.216287986011263769e+02 1.379441307302595909e+01 7.612356988966388371e+01
1.206535031997446339e+02 1.366267923599280465e+01 7.688706516279754055e+01
1.196900065843449994e+02 1.353242138231052749e+01 7.764707142906321735e+01
1.187381791539273905e+02 1.340362362047427602e+01 7.840361107546762298e+01
1.177978926536982272e+02 1.327627023880290302e+01 7.915670630346671999e+01
1.168690201750702045e+02 1.315034570543895320e+01 7.990637912896562511e+01
1.159514361556625488e+02 1.302583466834867387e+01 8.065265138231860931e+01
1.150450163793007761e+02 1.290272195532200072e+01 8.139554470832928246e+01
1.141496379760169333e+02 1.278099257397256316e+01 8.213508056625036602e+01
1.132651794220494423e+02 1.266063171173769497e+01 8.287128022978384934e+01
1.123915205168956675e+02 1.254162473571797420e+01 8.360416479004604184e+01
1.115285418509048583e+02 1.242395711636792832e+01 8.433375522350250719e+01
1.106761259702414009e+02 1.230761431026347807e+01 8.506007223997846722e+01
1.098341569465916479e+02 1.219258191553930004e+01 8.578313634008918598e+01
1.090025199846756720e+02 1.207884569976960165e+01 8.650296786630613610e+01
1.081811014222472238e+02 1.196639159996812296e+01 8.721958700295679989e+01
1.073697887300937879e+02 1.185520572258813665e+01 8.793301377622489667e+01
1.065684705120365123e+02 1.174527434352244271e+01 8.864326805415018384e+01
1.057770365049302654e+02 1.163658390810336662e+01 8.935036954662855635e+01
1.049953775786636214e+02 1.152912103110277897e+01 9.005433780541206090e+01
1.042233857361588747e+02 1.142287249673206695e+01 9.075519222410886755e+01
1.034609541133719688e+02 1.131782525864215394e+01 9.145295203818326968e+01
1.027079769792925958e+02 1.121396643992349595e+01 9.214763632495566981e+01
1.019643497359441255e+02 1.111128333310606919e+01 9.283926400360259379e+01
1.012299689183836335e+02 1.100976340015939847e+01 9.352785383515674766e+01
1.005047321947019157e+02 1.090939427249252169e+01 9.421342442250684712e+01
9.978853836602343108e+01 1.081016375095401472e+01 9.489599421039783067e+01
9.908128736591100960e+01 1.071205977620517835e+01 9.557558148515259688e+01
9.838288028039451660e+01 1.061506973918866592e+01 9.625220436374731037e+01
9.769321934943472741e+01 1.051918125651071811e+01 9.692588080286195407e+01
9.701220781976340390e+01 1.042438231081240829e+01 9.759662861977939485e+01
9.633974992208611354e+01 1.033066104698992405e+01 9.826446549291726740e+01
9.567575087108232879e+01 1.023800577219456365e+01 9.892940896182798838e+01
9.502011686540537028e+01 1.014640495583273072e+01 9.959147642719869964e+01
9.437275508768239263e+01 1.005584722956595733e+01 1.002506851508513535e+02
9.373357370451439863e+01 9.966321387310868474e+00 1.009070522557426273e+02
9.310248186647632451e+01 9.877816385239228225e+00 1.015605947259640089e+02
9.247938970811682680e+01 9.790321341777888264e+00 1.022113294067417257e+02
9.186420834795852386e+01 9.703825537608821605e+00 1.028592730044367585e+02
9.125684984026348445e+01 9.618318313254887286e+00 1.035044420914905032e+02
9.065722710745437496e+01 9.533788642856634965e+00 1.041468531096928132e+02
9.006525426171489812e+01 9.450225837003038976e+00 1.047865223374841861e+02
8.948084631118916832e+01 9.367619378845231992e+00 1.054234659260429368e+02
