2.540000000000000000e+02 7.000000000000000000e+00 0.000000000000000000e+00
2.500473715916146205e+02 1.262673511075030319e+01 1.177914168707440368e+00
2.460972059699252270e+02 1.703443863350404897e+01 2.339317763376551174e+00
2.421619425344910042e+02 2.046424897227535311e+01 3.487132296876743531e+00
2.382513572107962716e+02 2.310994756306327957e+01 4.623714122234490631e+00
2.343730892500676646e+02 2.512725814271707847e+01 5.750965265120826508e+00
2.305330642302163824e+02 2.664131486947937688e+01 6.870422434464059869e+00
2.267358339627592443e+02 2.775266453787547860e+01 7.983328563761390662e+00
2.229848497068318522e+02 2.854209221061811164e+01 9.090690330928874019e+00
2.192826817017346173e+02 2.907449979325884826e+01 1.019332439192884543e+01
2.156311955471087458e+02 2.940202328840082657e+01 1.129189454158672312e+01
2.120316939066725581e+02 2.956653824859196078e+01 1.238694158340637053e+01
2.084850303635367084e+02 2.960167387773016756e+01 1.347890734377872768e+01
2.049917009401233088e+02 2.953443303909325124e+01 1.456815398961486885e+01
2.015519175344542759e+02 2.938649316735905614e+01 1.565497954313021367e+01
1.981656666528926110e+02 2.917524769454240285e+01 1.673963030411252362e+01
1.948327568870374193e+02 2.891464883776214734e+01 1.782231090485663216e+01
1.915528572443826931e+02 2.861588899535529151e+01 1.890319244170096269e+01
1.883255272971333625e+02 2.828793767465004905e+01 1.998241888464544402e+01
1.851502413641283056e+02 2.793797302139453365e+01 2.106011223063985582e+01
1.820264089636884535e+02 2.757174767664569970e+01 2.213637687449637070e+01
1.789533896838269129e+02 2.719385584204787421e+01 2.321130280183026784e+01
1.759305060618508776e+02 2.680796521800440502e+01 2.428496836336751130e+01
1.729570540238522938e+02 2.641700604690010223e+01 2.535744253840203655e+01
1.700323100066310928e+02 2.602330098426241634e+01 2.642878649169012917e+01
1.671555385878138509e+02 2.562870472326700977e+01 2.749905524829234693e+01
1.643259962472806706e+02 2.523467417495379195e+01 2.856829853824223875e+01
1.615429367981256803e+02 2.484236938244203330e+01 2.963656201026175552e+01
1.588056132830155320e+02 2.445269040623348289e+01 3.070388767879794756e+01
1.561132817122401377e+02 2.406634846235017733e+01 3.177031478309018553e+01
1.534652021061559992e+02 2.368388744929877276e+01 3.283588005053972125e+01
1.508606406433796110e+02 2.330572678092551442e+01 3.390061821789990404e+01
1.482988708000422946e+02 2.293218513305666661e+01 3.496456232221195393e+01
1.457791738386779627e+02 2.256349251193579164e+01 3.602774385212498487e+01
1.433008403137763480e+02 2.219982209389337058e+01 3.709019313882946278e+01
1.408631698256288018e+02 2.184128783048115707e+01 3.815193933175751795e+01
1.384654717905212635e+02 2.148796308937663468e+01 3.921301063173491031e+01
1.361070659023860969e+02 2.113989280093724688e+01 4.027343444444773723e+01
1.337872817930857536e+02 2.079708901038265623e+01 4.133323733080282381e+01
1.315054595125076276e+02 2.045954502702553413e+01 4.239244518791415572e+01
1.292609496556997897e+02 2.012724124202762255e+01 4.345108332621820324e+01
1.270531130464097771e+02 1.980014064587784617e+01 4.450917641845325790e+01
1.248813208705885955e+02 1.947819607244910145e+01 4.556674859663235111e+01
1.227449547146616169e+02 1.916135574877142034e+01 4.662382352879701841e+01
1.206434063691133787e+02 1.884956124651708720e+01 4.768042439769012475e+01
1.185760777224757589e+02 1.854274648549205295e+01 4.873657389078270796e+01
1.165423806643993032e+02 1.824084380572168484e+01 4.979229428958334580e+01
1.145417370096308360e+02 1.794378475005445850e+01 5.084760748358945648e+01
1.125735783042153315e+02 1.765149835697315339e+01 5.190253495367059600e+01
1.106373458174623039e+02 1.736391055517151116e+01 5.295709776384355649e+01
1.087324902329842189e+02 1.708094769104604893e+01 5.401131662286213952e+01
1.068584715287315703e+02 1.680253686566628701e+01 5.506521189357578550e+01
1.050147589015907386e+02 1.652860566691932931e+01 5.611880359205090940e+01
1.032008306428527220e+02 1.625908039813839068e+01 5.717211136738859523e+01
1.014161741309219451e+02 1.599388764006484998e+01 5.822515452401998459e+01
9.966028532018015085e+01 1.573295519715687973e+01 5.927795205468230222e+01
9.793266871068890111e+01 1.547621208481451305e+01 6.033052264140277998e+01
9.623283731552413656e+01 1.522358848407222887e+01 6.138288465611527300e+01
9.456031240804821891e+01 1.497501470821660519e+01 6.243505615580413348e+01
9.291462393444734857e+01 1.473042154103601220e+01 6.348705487142300541e+01
9.129530973329411836e+01 1.448974102323182578e+01 6.453889824896307914e+01
8.970191535097119129e+01 1.425290640851413926e+01 6.559060345592577335e+01
8.813399404167130058e+01 1.401985216360178121e+01 6.664218738132278474e+01
8.659110676739729229e+01 1.379051396822229947e+01 6.769366663567613784e+01
8.507282179868276728e+01 1.356482829571653426e+01 6.874505756044760574e+01
8.357871534629228449e+01 1.334273215313287864e+01 6.979637620010441879e+01
8.210837122907763330e+01 1.312416377064616491e+01 7.084763832459896093e+01
8.066138004239410009e+01 1.290906244238879808e+01 7.189885945907408882e+01
7.923733915774543846e+01 1.269736852626928858e+01 7.295005488387452885e+01
7.783585272278386924e+01 1.248902344397223274e+01 7.400123963454676357e+01
7.645653166131009471e+01 1.228396968095832875e+01 7.505242850183915948e+01
7.509899367202308440e+01 1.208215078605529946e+01 7.610363603174383229e+01
7.376286239846652393e+01 1.188351096280810282e+01 7.715487655162954184e+01
7.244776900149595633e+01 1.168799526192467653e+01 7.820616411253749334e+01
7.115335164121043476e+01 1.149554989178183995e+01 7.925751251346305537e+01
6.987925422396598663e+01 1.130612193940622667e+01 8.030893534556373936e+01
6.862512640237557093e+01 1.111965937047429698e+01 8.136044599215895801e+01
6.739062357530907832e+01 1.093611102931232359e+01 8.241205762873021001e+01
6.617540688789334524e+01 1.075542663889639350e+01 8.346378322292108010e+01
6.497914323151213978e+01 1.057755680085242567e+01 8.451563553453713951e+01
6.380150524380619714e+01 1.040245299545615154e+01 8.556762711554596024e+01
6.264217130867317707e+01 1.023006758163312213e+01 8.661977031007722871e+01
6.150082517547515693e+01 1.006035360292844771e+01 8.767207726631966125e+01
6.037715657145646730e+01 9.893264819153861467e+00 8.872455991343632320e+01
5.927086125434777841e+01 9.728756032740975002e+00 8.977722996414338752e+01
5.818163981104691374e+01 9.566782770305669814e+00 9.083009895637805187e+01
5.710919764641828777e+01 9.407301278622306029e+00 9.188317825367231251e+01
5.605324498329291316e+01 9.250268524623709965e+00 9.293647904515302116e+01
5.501349686246836512e+01 9.095642195401184793e+00 9.399001234554187079e+01
5.398967314270884543e+01 8.943380698204505208e+00 9.504378899515542400e+01
5.298149850074512557e+01 8.793443160441924533e+00 9.609781965990507047e+01
5.198870243127454671e+01 8.645789429680158733e+00 9.715211483129704106e+01
5.101101902566441737e+01 8.500380024517458111e+00 9.820668483424290685e+01
5.004818715724298528e+01 8.357176132190813789e+00 9.926153981990921693e+01
4.909995097918874052e+01 8.216139751136932290e+00 1.003166897485924807e+02
4.816605873604473942e+01 8.077233490436814378e+00 1.013721444325588976e+02
4.724626271261153931e+01 7.940420560056370647e+00 1.024279135378702819e+02
4.634031923394716301e+01 7.805664770846413525e+00 1.034840065843838914e+02
4.544798866536712012e+01 7.672930534542661718e+00 1.045404329457525705e+02
4.456903541244439282e+01 7.542182863765744649e+00 1.055972018494247777e+02
4.370322792100948561e+01 7.413387372021191801e+00 1.066543223766444015e+02
4.285033867715031874e+01 7.286510273699442486e+00 1.077118034624509733e+02
4.201014408974967296e+01 7.161518364899337463e+00 1.087696538999226590e+02
4.118242441633933026e+01 7.038379004806911254e+00 1.098278823427652355e+02
4.036696447425504886e+01 6.917060233986779494e+00 1.108864972796509534e+02
3.956355257932907676e+01 6.797530613673419708e+00 1.119455070727338182e+02
3.877198043559057083e+01 6.679759208455386954e+00 1.130049199616433953e+02
3.799204313526552568e+01 6.563715586275317371e+00 1.140647440634850085e+02
3.722353915877681629e+01 6.449369818429927292e+00 1.151249873728396125e+02
3.646627037474421229e+01 6.336692479570011471e+00 1.161856577617639203e+02
3.572004203998433525e+01 6.225654647700442190e+00 1.172467629797902475e+02
3.498466279951068714e+01 6.116227904180174590e+00 1.183083106539266538e+02
3.425994463416598990e+01 6.008384325790551372e+00 1.193703082905580715e+02
3.354570265433153509e+01 5.902096452542096472e+00 1.204327632829185575e+02
3.284175584617026544e+01 5.797337400548586039e+00 1.214956828840095682e+02
3.214792621793525740e+01 5.694080735084307676e+00 1.225590742376115685e+02
3.146403861927155177e+01 5.592300443442495883e+00 1.236229443848455247e+02
3.078992074121622124e+01 5.491970934935320514e+00 1.246873002641729187e+02
3.012540311619829936e+01 5.393067040893898323e+00 1.257521487113956482e+02
2.947031911803879822e+01 5.295564014668283193e+00 1.268174964596562262e+02
2.882450496195073697e+01 5.199437531627475906e+00 1.278833501394375673e+02
2.818779970453910266e+01 5.104663689159416151e+00 1.289497162785631019e+02
2.756004522767279141e+01 5.011219004266241228e+00 1.300166013027829024e+02
2.694108599561539208e+01 4.919080377217867728e+00 1.310840115445947447e+02
