2.540000000000000000e+02 7.000000000000000000e+00 0.000000000000000000e+00
2.587323393846737076e+02 -3.645193260766924936e+01 -5.813951808113650976e+00
2.604773939038782942e+02 -7.598118346668800882e+01 -6.720413648468328560e+00
2.594174167041863370e+02 -1.107034863530622033e+02 -3.189185116736907855e+00
2.558061232627787831e+02 -1.399696778845579956e+02 4.214989053928088758e+00
2.499539370152008644e+02 -1.633638844011774438e+02 1.485918159667494187e+01
2.422128500162675664e+02 -1.806945387560333813e+02 2.806865226930438340e+01
2.329613996025978508e+02 -1.919791800056598561e+02 4.315205225293829017e+01
2.225902435390053427e+02 -1.974241210491202310e+02 5.942474539053581850e+01
2.114887061000813162e+02 -1.974000833325380597e+02 7.622973207426107933e+01
2.000326445644456328e+02 -1.924149664896901584e+02 9.295571422944887274e+01
1.885738896272276577e+02 -1.830848803209835012e+02 1.090520095307069539e+02
1.774314394063831628e+02 -1.701045080935801082e+02 1.240401493434764575e+02
1.668845204701706280e+02 -1.542178008199149701e+02 1.375221056762015905e+02
1.571675577047496972e+02 -1.361898939360577288e+02 1.491852070817850517e+02
1.484670306439886929e+02 -1.167810145778210114e+02 1.588039022211439715e+02
1.409201367103497091e+02 -9.672301248581730704e+01 1.662386138735871555e+02
1.346151324760564307e+02 -7.669900548884834279e+01 1.714319948345355442e+02
1.295931832759404756e+02 -5.732648494112147830e+01 1.744029495705324280e+02
1.258515203237450919e+02 -3.914408592523197683e+01 1.752388211078744291e+02
1.233476822147825374e+02 -2.260209180941074436e+01 1.740861627250351944e+02
1.220046048777728345e+02 -8.056618755847328117e+00 1.711405185169020058e+02
1.217163167709833118e+02 4.232683752365359986e+00 1.666356334367085594e+02
1.223540126775293118e+02 1.410168346654518778e+01 1.608324672652610161e+02
1.237722607016085306e+02 2.147788757808949356e+01 1.540084131339891940e+02
1.258151537466734737e+02 2.637405869101020173e+01 1.464470017929364190e+02
1.283222053762471830e+02 2.887974483797800218e+01 1.384283939535660863e+02
1.311338324656624650e+02 2.915119502497499937e+01 1.302208772863173181e+02
1.340962906274669990e+02 2.740012924428632601e+01 1.220735418378248625e+02
1.370659588878569082e+02 2.388182483939749901e+01 1.142102528260931393e+02
1.399129002420912684e+02 1.888295809951157267e+01 1.068249880397242180e+02
1.425236536845342243e+02 1.270961245988509347e+01 1.000785581916215534e+02
1.448032451349355938e+02 5.675803830954410323e+00 9.409667957373744684e+01
1.466764253261899285e+02 -1.907158372068231689e+00 8.896933542118075877e+01
1.480881682044587251e+02 -9.740206461955832395e+00 8.475132342904186089e+01
1.490034874700537557e+02 -1.754477688344251618e+01 8.146385789841899339e+01
1.494066389171074150e+02 -2.506963532602207323e+01 7.909707731604645176e+01
1.492997925640622725e+02 -3.209619985641175077e+01 7.761329352332316489e+01
1.487012664852881869e+02 -3.844233212235612029e+01 7.695080944160832814e+01
1.476434200961170404e+02 -4.396462211792326968e+01 7.702813010808014837e+01
1.461703014573040775e+02 -4.855923872380422068e+01 7.774840477473750866e+01
1.443351537176746717e+02 -5.216144881574304293e+01 7.900392316843679907e+01
1.421978681389525718e+02 -5.474395422848896686e+01 8.068052852607354453e+01
1.398224663448508238e+02 -5.631421587723448141e+01 8.266182188613801429e+01
1.372746884652886479e+02 -5.691092383089736728e+01 8.483304145141983099e+01
1.346197575653901595e+02 -5.659981613701032188e+01 8.708451909161756532e+01
1.319203783823524248e+02 -5.546905945271902993e+01 8.931464029012354899e+01
1.292349977572808370e+02 -5.362435001074161534e+01 9.143228163160996758e+01
1.266163631121730191e+02 -5.118392675907426792e+01 9.335868860420251281e+01
1.241103977918806294e+02 -4.827365525906143517e+01 9.502878352276259477e+01
1.217554000585888048e+02 -4.502234105201231529e+01 9.639191545078541878e+01
1.195815586040340150e+02 -4.155740790200541568e+01 9.741208594359443396e+01
1.176107659150614495e+02 -3.800101289119685788e+01 9.806769584705779153e+01
1.158567102048449584e+02 -3.446669514397807177e+01 9.835086332827452793e+01
1.143252194650982432e+02 -3.105661377847058446e+01 9.826637012212269440e+01
1.130148210950335823e+02 -2.785941069575979512e+01 9.783030842465544197e+01
1.119174753949457966e+02 -2.494870362669001551e+01 9.706850570983662863e+01
1.110194479676981842e+02 -2.238218720068562462e+01 9.601478812806848850e+01
1.103022755181319638e+02 -2.020131965085015580e+01 9.470916246316338061e+01
1.097438016295568133e+02 -1.843155153251968414e+01 9.319595288730930349e+01
1.093192120856215297e+02 -1.708304899856914361e+01 9.152201432394343783e+01
1.090020688095723216e+02 -1.615181015077788373e+01 8.973500857022557398e+01
1.087652936046611245e+02 -1.562113375883465594e+01 8.788182640801588263e+01
1.085820808162607847e+02 -1.546334913920714094e+01 8.600717999459229191e+01
1.084267103088019439e+02 -1.564172124534171715e+01 8.415240479247164274e+01
1.082752540237211747e+02 -1.611246596902147843e+01 8.235447342019148209e+01
1.081061572009863738e+02 -1.682679467358093817e+01 8.064524368687034439e+01
1.079006902834198343e+02 -1.773292294353081644e+01 7.905093814466215463e+01
1.076432692305595538e+02 -1.877798423727651667e+01 7.759185023754129418e+01
1.073216463821363647e+02 -1.990979585104920346e+01 7.628226506633824044e+01
1.069269783005392469e+02 -2.107843627912591344e+01 7.513057671802449988e+01
1.064537801715322161e+02 -2.223760221722604769e+01 7.413957973817961999e+01
1.058997788341411876e+02 -2.334572414728774348e+01 7.330690939715707088e+01
1.052656777193129756e+02 -2.436682819631326069e+01 7.262560452664337163e+01
1.045548512830391701e+02 -2.527113428944750240e+01 7.208475916822149543e+01
1.037729860406457192e+02 -2.603540670384589362e+01 7.167023415011432519e+01
1.029276779429745972e+02 -2.664307549809628739e+01 7.136541357066208491e+01
1.020280099067954893e+02 -2.708411261771130896e+01 7.115196006587031263e+01
1.010841334100993265e+02 -2.735474169351171270e+01 7.101053714651958160e+01
1.001068257785887852e+02 -2.745695405494812036e+01 7.092154639435936758e+01
9.910711188454665432e+01 -2.739790639403538108e+01 7.086572847759939009e+01
9.809587776932606573e+01 -2.718920490396669365e+01 7.082476157310620124e+01
9.708354233372804742e+01 -2.684611236584029825e+01 7.078174156218314295e+01
9.607977674142526325e+01 -2.638673424444356286e+01 7.072157156641912934e+01
9.509326183041275726e+01 -2.583116735386734319e+01 7.063127609079465685e+01
9.413151017804537446e+01 -2.520067897296444315e+01 7.050020134154128471e+01
9.320074053802551362e+01 -2.451693844133194133e+01 7.032012760271661023e+01
9.230579804078416828e+01 -2.380128112883630465e+01 7.008530270183644006e+01
9.145013332196471367e+01 -2.307407362683360574e+01 6.979238298681684682e+01
9.063582374630576055e+01 -2.235417183528740281e+01 6.944031138780172796e+01
8.986363462383998524e+01 -2.165845636176045375e+01 6.903013403005962800e+01
8.913311998509128387e+01 -2.100149483644242210e+01 6.856476379284474376e+01
8.844274706252363671e+01 -2.039530671929346539e+01 6.804871612540260628e+01
8.779004821342269338e+01 -1.984921158830570320e+01 6.748780736114126455e+01
8.717178419974781889e+01 -1.936980737264003949e+01 6.688885212827607063e+01
8.658411546656589053e+01 -1.896100481694499962e+01 6.625935471672929111e+01
8.602278361527650929e+01 -1.862417204455320174e+01 6.560719862982774941e+01
8.548327789418816280e+01 -1.835831634523843192e+01 6.494036929887933240e+01
8.496100467193718941e+01 -1.816035574827753862e+01 6.426668508714098493e+01
8.445143120794448066e+01 -1.802539680620460061e+01 6.359357635216314009e+01
8.395023098027138531e+01 -1.794707525769172918e+01 6.292787128705621313e+01
8.345338805808542304e+01 -1.791787991519927559e+01 6.227565425206176286e+01
8.295730174582540428e+01 -1.792950979112624665e+01 6.164212869978303644e+01
8.245885338539170561e+01 -1.797320382886099921e+01 6.103154525710377243e+01
8.195545945232608176e+01 -1.804005687020601201e+01 6.044715281729017420e+01
8.144510189242174647e+01 -1.812132539367795303e+01 5.989118977606483440e+01
8.092633369133726262e+01 -1.820866858992961212e+01 5.936491075189833566e+01
8.039827241827399007e+01 -1.829439312425256858e+01 5.886863591013075592e+01
7.986057008588601036e+01 -1.837161534730010359e+01 5.840183104540432879e+01
7.931337468873691421e+01 -1.843441351874311351e+01 5.796320138396039567e+01
7.875727460002120495e+01 -1.847791778224610582e+01 5.755080726447914685e+01
7.819324045091659059e+01 -1.849836210258695601e+01 5.716217860506273496e+01
7.762255171796144282e+01 -1.849310365995233951e+01 5.679445240862545319e+01
7.704673389964959540e+01 -1.846059328225219431e+01 5.644448336171149094e+01
7.646747601883627965e+01 -1.840032277039315645e+01 5.610898694735503511e+01
7.588656893497230271e+01 -1.831274688104174331e+01 5.578464053943597634e+01
7.530583331659484259e+01 -1.819916684401898621e+01 5.546819755146201203e+01
7.472705996486583047e+01 -1.806162019859888446e+01 5.515657991871026411e+01
7.415195496937472797e+01 -1.790273819796056998e+01 5.484695675475587962e+01
7.358209125000513495e+01 -1.772561194177690425e+01 5.453681264182001343e+01
7.301887311186405327e+01 -1.753364890378886898e+01 5.422399060042502583e+01
7.246350295535718544e+01 -1.733043427852797436e+01 5.390673184751857860e+01
7.191696570575341241e+01 -1.711960564715923283e+01 5.358368512122692096e+01
7.138001238709713903e+01 -1.690472525102056522e+01 5.325391720661487227e+01
