2.540000000000000000e+02 7.000000000000000000e+00 0.000000000000000000e+00
2.518672057084998812e+02 1.221143993724988164e+01 2.741806182328098807e+00
2.497171671980077292e+02 1.630264085090394843e+01 5.499828651727767692e+00
2.475569363289559988e+02 1.950380921342303608e+01 8.271786427136150976e+00
2.453920836212207632e+02 2.199793292466397432e+01 1.105589945271843888e+01
2.432270025357099712e+02 2.393047133815094796e+01 1.385078579506459562e+01
2.410651510389744772e+02 2.541704811502204819e+01 1.665538003068614259e+01
2.389092437430456641e+02 2.654957018521968592e+01 1.946886833275938855e+01
2.367614046473241842e+02 2.740109211121302124e+01 2.229063686933443122e+01
2.346232885428089503e+02 2.802968252726982712e+01 2.512023078966750234e+01
2.324961775114949489e+02 2.848149750222991017e+01 2.795732162520561914e+01
2.303810576263892642e+02 2.879322340450402962e+01 3.080168138023657676e+01
2.282786799124920663e+02 2.899401856726659688e+01 3.365316194032969577e+01
2.261896088150037940e+02 2.910705712858840499e+01 3.651167870174383978e+01
2.241142607807413754e+02 2.915075803218373451e+01 3.937719754132864836e+01
2.220529349111262150e+02 2.913976155146238156e+01 4.224972446524222391e+01
2.200058370791252003e+02 2.908569767198485678e+01 4.512929746598731384e+01
2.179730994048781554e+02 2.899780667383167554e+01 4.801597994765713651e+01
2.159547958714755680e+02 2.888343680315525219e+01 5.090985545541892066e+01
2.139509541118401330e+02 2.874842000009769194e+01 5.381102369852434464e+01
2.119615653235705395e+02 2.859738801598288660e+01 5.671959720591960519e+01
2.099865922323139102e+02 2.843402639785683661e+01 5.963569864142604615e+01
2.080259746088233044e+02 2.826125053240340890e+01 6.255945894495086890e+01
2.060796349265853280e+02 2.808138621760223685e+01 6.549101542700653056e+01
2.041474814219494078e+02 2.789626745000666475e+01 6.843051073992552347e+01
2.022294119466974109e+02 2.770735951759547433e+01 7.137809158241412888e+01
2.003253156591478898e+02 2.751581317564182783e+01 7.433390813321555868e+01
1.984350757213786949e+02 2.732255096036548636e+01 7.729811314634294206e+01
1.965585700480561400e+02 2.712829132183088277e+01 8.027086170267143928e+01
1.946956733227059431e+02 2.693361328812356348e+01 8.325231053593483921e+01
1.928462572513485611e+02 2.673896478467579030e+01 8.624261795104253281e+01
1.910101918270605665e+02 2.654470336464991931e+01 8.924194340431300532e+01
1.891873458005094903e+02 2.635111149172659495e+01 9.225044734945925029e+01
1.873775869024503606e+02 2.615840391937592102e+01 9.526829116743861903e+01
1.855807827166697166e+02 2.596675599152890257e+01 9.829563687987970866e+01
1.837968005653866612e+02 2.577630016384073031e+01 1.013326471908934678e+02
1.820255078176454617e+02 2.558713621121764703e+01 1.043794853896189494e+02
1.802667723395675807e+02 2.539934604393290130e+01 1.074363152063262703e+02
1.785204623460747655e+02 2.521298912497789146e+01 1.105033008652214477e+02
1.767864465276409476e+02 2.502810682757123573e+01 1.135806070474776988e+02
1.750645943595159508e+02 2.484473286961172533e+01 1.166683987971916849e+02
1.733547760597010665e+02 2.466289213955020898e+01 1.197668415387567507e+02
1.716568624804058629e+02 2.448259732034509284e+01 1.228761011154179670e+02
1.699707253335718349e+02 2.430385674747200753e+01 1.259963437255344019e+02
1.682962372421665975e+02 2.412667637982348623e+01 1.291277359115334491e+02
1.666332716830406184e+02 2.395105815945071015e+01 1.322704445830171096e+02
1.649817029257610272e+02 2.377699801249612577e+01 1.354246370369106387e+02
1.633414061568759337e+02 2.360449062973861700e+01 1.385904809313060184e+02
1.617122574923308207e+02 2.343353024524940409e+01 1.417681442887538026e+02
1.600941339689243534e+02 2.326411044503647219e+01 1.449577955008919901e+02
1.584869134681901244e+02 2.309622192098407467e+01 1.481596033587354952e+02
1.568904747608375203e+02 2.292985382783433579e+01 1.513737370364449646e+02
1.553046975224045525e+02 2.276499546823465892e+01 1.546003661102596993e+02
1.537294623293509517e+02 2.260163628752749077e+01 1.578396605622959044e+02
1.521646506582575853e+02 2.243976586338307655e+01 1.610917907811593466e+02
1.506101448361814903e+02 2.227937285632948061e+01 1.643569275914099990e+02
1.490658280604991148e+02 2.212044476313012709e+01 1.676352422284009265e+02
1.475315843992468388e+02 2.196296932304319327e+01 1.709269063680212923e+02
1.460072987698359839e+02 2.180693450350050711e+01 1.742320921485021472e+02
1.444928569390527286e+02 2.165232850010753651e+01 1.775509721704162587e+02
1.429881455230583640e+02 2.149913973664337874e+01 1.808837194966780544e+02
1.414930519659234562e+02 2.134735665297212037e+01 1.842305076714810923e+02
1.400074645166573930e+02 2.119696689201616380e+01 1.875915107290262540e+02
1.385312722931865039e+02 2.104795824860936193e+01 1.909669031448717931e+02
1.370643652025758854e+02 2.090031871861138413e+01 1.943568599238279262e+02
1.356066339361825612e+02 2.075403647564325027e+01 1.977615566047377342e+02
1.341579699696556531e+02 2.060909987108728458e+01 2.011811692604773327e+02
1.327182655629360966e+02 2.046549743408715827e+01 2.046158744979556161e+02
1.312874137602571523e+02 2.032321787154785042e+01 2.080658494581146840e+02
1.298653083599467948e+02 2.018224995925087839e+01 2.115312718490543489e+02
1.284518438869415888e+02 2.004258208933639551e+01 2.150123199719747333e+02
1.270469157421105706e+02 1.990420286132233230e+01 2.185091725605376780e+02
1.256504200461179295e+02 1.976710102895168930e+01 2.220220089600764197e+02
1.242622536259144681e+02 1.963126547339233952e+01 2.255510091427277928e+02
1.228823140147375597e+02 1.949668520323701415e+01 2.290963537074321721e+02
1.215104994521112616e+02 1.936334935450331685e+01 2.326582238799335869e+02
1.201467088838461734e+02 1.923124719063370591e+01 2.362368015127796639e+02
1.187908419620395222e+02 1.910036810249550854e+01 2.398322690853216272e+02
1.174427990450751906e+02 1.897070160838092434e+01 2.434448097037143270e+02
1.161024811948389157e+02 1.884223735214265005e+01 2.470746071044201244e+02
1.147697899846669145e+02 1.871496489410624520e+01 2.507218458981797369e+02
1.134446278641799353e+02 1.858887379529329564e+01 2.543867111184774785e+02
1.121268980743612929e+02 1.846395378789901187e+01 2.580693883260769326e+02
1.108165044667508425e+02 1.834019470659935180e+01 2.617700638354846774e+02
1.095133515034451079e+02 1.821758648855097817e+01 2.654889247149505422e+02
1.082173442570972384e+02 1.809611917339129761e+01 2.692261587864671242e+02
1.069283884109169804e+02 1.797578290323842509e+01 2.729819546257703564e+02
1.056463902586707491e+02 1.785656792269120885e+01 2.767565015623390536e+02
1.043712567046815138e+02 1.773846457882923389e+01 2.805499896793950256e+02
1.031028952638288985e+02 1.762146332121278647e+01 2.843626098139033047e+02
1.018412140615491808e+02 1.750555470188289675e+01 2.881945535565718046e+02
1.005861218338351648e+02 1.739072937536131391e+01 2.920460132518515479e+02
9.933752792723639402e+01 1.727697809865051681e+01 2.959171819979367228e+02
9.809534229885890966e+01 1.716429173123370333e+01 2.998082536467642853e+02
9.685947535357597360e+01 1.705266124598432498e+01 3.037194230517409892e+02
9.562983794862485354e+01 1.694207758370396277e+01 3.076508860934951599e+02
9.440634202306937084e+01 1.683253160645609015e+01 3.116028387238378627e+02
9.318890004489415446e+01 1.672401427410085617e+01 3.155754777762109029e+02
9.197742498212686257e+01 1.661651665007241974e+01 3.195690010087743076e+02
9.077183030283812570e+01 1.651002990137893178e+01 3.235836071044060418e+02
8.957202997514150411e+01 1.640454529860256727e+01 3.276194956707024062e+02
8.837793846719354462e+01 1.630005421589949322e+01 3.316768672399775255e+02
8.718947074719373802e+01 1.619654813099988289e+01 3.357559232692636328e+02
8.600654228338459006e+01 1.609401862520792648e+01 3.398568661403112969e+02
8.482906904405147941e+01 1.599245738340180978e+01 3.439798991595890243e+02
8.365696749752285655e+01 1.589185619403372307e+01 3.481252265582832592e+02
8.249015461217007328e+01 1.579220694912987177e+01 3.522930534922987249e+02
8.132854785640742534e+01 1.569350164429045869e+01 3.564835860422583096e+02
8.017206519869226611e+01 1.559573237868969642e+01 3.606970312135027257e+02
7.902062510752480762e+01 1.549889135507580029e+01 3.649335969360909075e+02
7.787414655144827691e+01 1.540297087977099544e+01 3.691934920647998410e+02
7.673254899904888759e+01 1.530796336267151680e+01 3.734769263791247909e+02
7.559575241466528439e+01 1.521386123999725193e+01 3.777841106133295170e+02
7.446367724101303054e+01 1.512065626700708698e+01 3.821152566709001235e+02
7.333624443408550064e+01 1.502834052736547221e+01 3.864705772578719234e+02
7.221337538141023060e+01 1.493690635142346856e+01 3.908502860954407652e+02
7.109499188815081538e+01 1.484634618034585607e+01 3.952545979884217786e+02
6.998101617710688060e+01 1.475665256611110365e+01 3.996837288252488065e+02
6.887137088871412516e+01 1.466781817151137268e+01 4.041378955779748026e+02
6.776597908104426438e+01 1.457983577015253296e+01 4.086173163022720587e+02
6.666476422980504424e+01 1.449269824645414673e+01 4.131222101374314093e+02
6.556765022834029821e+01 1.440639859564946867e+01 4.176527973063631407e+02
6.447456138762986200e+01 1.432092992378545659e+01 4.222092991155962522e+02
6.338542243628966588e+01 1.423628544772276427e+01 4.267919379552790247e+02
