2.540000000000000000e+02 7.000000000000000000e+00 0.000000000000000000e+00
2.574174106452202295e+02 -3.453575603565688823e+01 -3.687314560678122799e+00
2.579430024500102263e+02 -7.142237947518924557e+01 -2.628502586099239036e+00
2.558140115725684041e+02 -1.029581116446211979e+02 2.625838554480912634e+00
2.513280822134349535e+02 -1.286829978924359068e+02 1.144839666077372264e+01
2.448276294472086931e+02 -1.483687679649528377e+02 2.316291811889558616e+01
2.366843825607788858e+02 -1.620023952041193809e+02 3.707068967265838211e+01
2.272845686439323458e+02 -1.697644880581611062e+02 5.247504109201403111e+01
2.170151646771986407e+02 -1.720037573964603723e+02 6.870325388129681699e+01
2.062515220152635607e+02 -1.692087437075995808e+02 8.512548520003011276e+01
1.953466264738282518e+02 -1.619779904514865336e+02 1.011703927424703977e+02
1.846221711318515020e+02 -1.509897818309600837e+02 1.163372973850706273e+02
1.743615346110352959e+02 -1.369724393236843127e+02 1.302048597683991034e+02
1.648046946036246823e+02 -1.206760661675276083e+02 1.424363491481269079e+02
1.561450404787845514e+02 -1.028464898501871261e+02 1.527816854178179824e+02
1.485279919552684191e+02 -8.420200553341615546e+01 1.610765195234388614e+02
1.420512829909345385e+02 -6.541337293992332036e+01 1.672386844379933564e+02
1.367667314841767165e+02 -4.708736889684125515e+01 1.712623984321765249e+02
1.326832866910061171e+02 -2.975405471911192379e+01 1.732106345662890305e+02
1.297711268583467188e+02 -1.385778292227229080e+01 1.732060863689734447e+02
1.279665696538817770e+02 2.481535131259864913e-01 1.714211599653075098e+02
1.271775552154162483e+02 1.230343097961369914e+01 1.680674122648030675e+02
1.272894713084719029e+02 2.213945876104439137e+01 1.633848226931812633e+02
1.281710982979813309e+02 2.967535197836524929e+01 1.576312613288409921e+02
1.296804738556027132e+02 3.491153151481582029e+01 1.510724653568561280e+02
1.316704983832641176e+02 3.792139694824004437e+01 1.439727919993513865e+02
1.339941344512191392e+02 3.884152595666341767e+01 1.365869544046509532e+02
1.365090642928160491e+02 3.786088094041025442e+01 1.291529227322446047e+02
1.390817292792323485e+02 3.520944493284197563e+01 1.218860693192256406e+02
1.415906738328171173e+02 3.114672119802782646e+01 1.149746376990269709e+02
1.439291637325545139e+02 2.595047046417649028e+01 1.085765353684671339e+02
1.460070689918264861e+02 1.990602003661371455e+01 1.028174182885909858e+02
1.477520267048901417e+02 1.329642591329270651e+01 9.778999586872507166e+01
1.491099205358231075e+02 6.393712641183748602e+00 9.355445381974006125e+01
1.500447315804823916e+02 -5.486371435902305249e-01 9.013986639221144515e+01
1.505378294279780675e+02 -7.301843745556626963e+00 8.754645399261011107e+01
1.505867833097705102e+02 -1.366656759270361476e+01 8.574852526471143221e+01
1.502037809335220686e+02 -1.947623057312826234e+01 8.469794070989547663e+01
1.494137438313483699e+02 -2.459895830223365110e+01 8.432793695088422226e+01
1.482522326915057818e+02 -2.893822079488402466e+01 8.455714818900786156e+01
1.467632211807442673e+02 -3.243228387458918860e+01 8.529369469694883321e+01
1.449968455070554967e+02 -3.505260670201040085e+01 8.643915781018033329e+01
1.430071737921566069e+02 -3.680135978191273693e+01 8.789238514168964400e+01
1.408500859250681003e+02 -3.770821165030503863e+01 8.955297848012116901e+01
1.385813101701403411e+02 -3.782657417428488600e+01 9.132440631526151265e+01
1.362546663053464897e+02 -3.722947563334219723e+01 9.311667324041364679e+01
1.339205494330423960e+02 -3.600523413889610680e+01 9.484850828533070910e+01
1.316246781779566106e+02 -3.425309127996305136e+01 9.644905186069438230e+01
1.294071180225246565e+02 -3.207894007289257843e+01 9.785904139439305993e+01
1.273015845142839026e+02 -2.959128084485545784e+01 9.903150694347377225e+01
1.253350195453491693e+02 -2.689750679060860250e+01 9.993200486850159336e+01
1.235274263981666820e+02 -2.410060470141474198e+01 1.005384292713232668e+02
1.218919423064682235e+02 -2.129633371156801047e+01 1.008404504939616118e+02
1.204351217210448937e+02 -1.857092288623667997e+01 1.008386370714344054e+02
1.191573990722822458e+02 -1.599930745820704203e+01 1.005433226014597636e+02
1.180536993366966101e+02 -1.364390213013581921e+01 9.997327667578808530e+01
1.171141605930033052e+02 -1.155389901400249286e+01 9.915424510512501399e+01
1.163249330438920026e+02 -9.765055587703784568e+00 9.811742077786183813e+01
1.156690314138078008e+02 -8.299931183112038369e+00 9.689788215895603685e+01
1.151271866345396404e+02 -7.168525459537833378e+00 9.553309375518773550e+01
1.146786927513833945e+02 -6.369240584854630072e+00 9.406146436069059291e+01
1.143022094993334292e+02 -5.890118822287404576e+00 9.252102990443748354e+01
1.139765038633052257e+02 -5.710282316963341209e+00 9.094828112295657263e+01
1.136811112362717324e+02 -5.801507922297829190e+00 8.937716225279798721e+01
1.133969055682870817e+02 -6.129874960074752188e+00 8.783825124991969346e+01
1.131065683112541649e+02 -6.657425313355517460e+00 8.635813149843085057e+01
1.127949520510132402e+02 -7.343781992985423557e+00 8.495895458317752968e+01
1.124493379852210069e+02 -8.147679002772788337e+00 8.365818858749094034e+01
1.120595899401859867e+02 -9.028362994469667058e+00 8.246854091077510418e+01
1.116182106044320790e+02 -9.946835307851520369e+00 8.139804023046274040e+01
1.111203081761778151e+02 -1.086691125646726164e+01 8.045025875900553558e+01
1.105634836181555585e+02 -1.175608158652129021e+01 7.962465342273246449e+01
1.099476503110272603e+02 -1.258616876793124284e+01 7.891700276179976470e+01
1.092747991415118207e+02 -1.333377875396022461e+01 7.831991522107612980e+01
1.085487208604358784e+02 -1.398055671886129581e+01 7.782338793946587430e+01
1.077746977463197027e+02 -1.451325322070510104e+01 7.741539445864948732e+01
1.069591901236719167e+02 -1.492361829489054692e+01 7.708245611975219447e+01
1.061094948483300300e+02 -1.520816380826983760e+01 7.681024611518849099e+01
1.052334394900772310e+02 -1.536777258713039629e+01 7.658410354330280256e+01
1.043390732497470736e+02 -1.540723582732673513e+01 7.638954276394467513e+01
1.034343830027455056e+02 -1.533468955183588101e+01 7.621270044740009553e+01
1.025270517774251573e+02 -1.516102343681241749e+01 7.604069894469579083e+01
1.016242392295320229e+02 -1.489924910400724301e+01 7.586196232931864358e+01
1.007324074042202113e+02 -1.456386751007599045e+01 7.566644744638358588e+01
9.985718598924239586e+01 -1.417025838161061557e+01 7.544580429137936051e+01
9.900327725335841933e+01 -1.373410276051940215e+01 7.519346702376530800e+01
9.817439916898217689e+01 -1.327085172422262183e+01 7.490468039833767477e+01
9.737326689600506313e+01 -1.279525704005840225e+01 7.457646365985323200e+01
9.660160824585096861e+01 -1.232097788432533392e+01 7.420752224100473882e+01
9.586020775761376456e+01 -1.186025805496418961e+01 7.379811648178139194e+01
9.514897681737242863e+01 -1.142367771313844926e+01 7.334989279225025882e+01
9.446704539490728791e+01 -1.101999002851441922e+01 7.286568711643256790e+01
9.381286624766342186e+01 -1.065603263461614247e+01 7.234931631981648081e+01
9.318433481750925296e+01 -1.033669796599091661e+01 7.180534905366893383e+01
9.257890826570982767e+01 -1.006498771377863122e+01 7.123889092239218712e+01
9.199373330020237916e+01 -9.842098120933851391e+00 7.065535782747299720e+01
9.142576530299156445e+01 -9.667578704610599871e+00 7.006027668826460797e+01
9.087188203968382538e+01 -9.539504353953500271e+00 6.945909833169415037e+01
9.032899385389521285e+01 -9.454696409535436885e+00 6.885702435601727700e+01
8.979413188214034847e+01 -9.408943671093400241e+00 6.825887516805281052e+01
8.926453256046681872e+01 -9.397246548947745026e+00 6.766896845892041767e+01
8.873770180442478761e+01 -9.414055793585802689e+00 6.709103494897580333e+01
8.821146475520141905e+01 -9.453501522025835158e+00 6.652815971434577591e+01
8.768400250686497088e+01 -9.509616731253716537e+00 6.598274707564654307e+01
8.715387117899773273e+01 -9.576534891676748984e+00 6.545651465730671248e+01
8.662000820719254079e+01 -9.648663365309435136e+00 6.495050775086976103e+01
8.608172664455931056e+01 -9.720837684860924810e+00 6.446513325543782003e+01
8.553869641898987197e+01 -9.788438351990933484e+00 6.400021240648648302e+01
8.499091804779808967e+01 -9.847480913591422080e+00 6.355504360710298783e+01
8.443868659018291112e+01 -9.894682640277855157e+00 6.312848002140621162e+01
8.388255233099873465e+01 -9.927486643058911042e+00 6.271900687381683070e+01
8.332327396399642794e+01 -9.944078415962723128e+00 6.232483165887215648e+01
8.276177568073694601e+01 -9.943356789307413734e+00 6.194396015804259292e+01
8.219909392673309867e+01 -9.924906969548473512e+00 6.157429213025746861e+01
8.163633919516824733e+01 -9.888934373338463146e+00 6.121368291503637238e+01
8.107464407278212093e+01 -9.836197973197888800e+00 6.086003071925347285e+01
8.051513211564650874e+01 -9.767931878445274663e+00 6.051132310231007949e+01
7.995887392783492942e+01 -9.685750973244180884e+00 6.016570503271738346e+01
7.940686436379044721e+01 -9.591568538019997092e+00 5.982150917420725733e+01
7.885999244547365095e+01 -9.487496818566889090e+00 5.947729724867993184e+01
7.831902663571483458e+01 -9.375766999647884958e+00 5.913187555400183015e+01
7.778459871518624880e+01 -9.258639237262952904e+00 5.878431159777721149e+01
7.725719887898029015e+01 -9.138333060479226333e+00 5.843393278183929596e+01
7.673717202161641637e+01 -9.016957584363417766e+00 5.808032283102433269e+01
