2.540000000000000000e+02 7.000000000000000000e+00 0.000000000000000000e+00
2.561183236254342432e+02 -3.167236472371833145e+01 -1.605305376777112603e+00
2.555374786138683021e+02 -6.505599859494400050e+01 1.224135979211654623e+00
2.525432220538231718e+02 -9.269103094289371825e+01 7.865432701862145493e+00
2.474657513264576494e+02 -1.143523469495837617e+02 1.764569286102878465e+01
2.406641715120678384e+02 -1.300300590722564493e+02 2.986906186546780617e+01
2.325118035213729684e+02 -1.399053557353467738e+02 4.384142830915956068e+01
2.233827235527596144e+02 -1.443230501410282045e+02 5.889224503234276398e+01
2.136397920223582503e+02 -1.437620252788822484e+02 7.439314931515231422e+01
2.036244098633533213e+02 -1.388048015940483140e+02 8.977310991156443265e+01
1.936481177825652082e+02 -1.301072692137049103e+02 1.045300368281241390e+02
1.839860971437029491e+02 -1.183695283167085819e+02 1.182388847401094409e+02
1.748725638593642771e+02 -1.043086401332039941e+02 1.305563894258291668e+02
1.664979863074205753e+02 -8.863393637601279806e+01 1.412226696319872019e+02
1.590080081907315446e+02 -7.202537987990528734e+01 1.500599999118192613e+02
1.525039167703928342e+02 -5.511531660343744932e+01 1.569691149020939349e+02
1.470444659950459254e+02 -3.847381288570694835e+01 1.619234428817716207e+02
1.426488426850563371e+02 -2.259763600960221197e+01 1.649616869772641223e+02
1.393005517165231595e+02 -7.902813868725919733e+00 1.661791772924136978e+02
1.369519924395153510e+02 5.279396787375720379e+00 1.657184081540930549e+02
1.355295028368887813e+02 1.670339303425244992e+01 1.637591527994426599e+02
1.349386559990025205e+02 2.620728827607529610e+01 1.605085216214718287e+02
1.350696177606330934e+02 3.370854004392927550e+01 1.561912745221992225e+02
1.358023804570168522e+02 3.919755090645458750e+01 1.510406826935067102e+02
1.370117272780513247e+02 4.272968577331947415e+01 1.452901533266783360e+02
1.385717972083985217e+02 4.441613172107944507e+01 1.391658033963005607e+02
1.403601517406581820e+02 4.441402488945060156e+01 1.328801085977851812e+02
1.422612708220609932e+02 4.291624068799137603e+01 1.266267070608457459e+02
1.441694319167948777e+02 4.014120968339401685e+01 1.205763915680544898e+02
1.459909508897540888e+02 3.632307954326780930e+01 1.148742824456665801e+02
1.476457860963358257e+02 3.170249601980864540e+01 1.096381367036147623e+02
1.490685271205128402e+02 2.651822528402107082e+01 1.049577179795610533e+02
1.502088067010996895e+02 2.099978794954272132e+01 1.008951267401631355e+02
1.510311883173721696e+02 1.536122365206139406e+01 9.748597113536881409e+01
1.515145925876369972e+02 9.796055653164058796e+00 9.474124580664091866e+01
1.516513330980712908e+02 4.473478948427350055e+00 9.264977855576533727e+01
1.514458367552969662e+02 -4.642459477534119916e-01 9.118110244548236665e+01
1.509131246023891322e+02 -4.903249141190062055e+00 9.028861504403434424e+01
1.500771293195620046e+02 -8.758438356175943795e+00 8.991288985585819660e+01
1.489689220827230827e+02 -1.197293013770391212e+01 8.998501679527385022e+01
1.476249116456083641e+02 -1.451665210296945929e+01 9.042986958243109541e+01
1.460850813512277000e+02 -1.638424809313232089e+01 9.116919321654465591e+01
1.443913115352384295e+02 -1.759244089197755656e+01 9.212444343435757332e+01
1.425858327944828545e+02 -1.817699193444119388e+01 9.321931157606833551e+01
1.407098438757370502e+02 -1.818940245209996576e+01 9.438189170044473997e+01
1.388023194032773802e+02 -1.769348984941707315e+01 9.554646166251635009e+01
1.368990237196743465e+02 -1.676196217952335132e+01 9.665486548557770163e+01
1.350317387203070325e+02 -1.547309968160837101e+01 9.765749845787325967e+01
1.332277058724259575e+02 -1.390763655660441067e+01 9.851390883437505863e+01
1.315092757771728031e+02 -1.214591929627159139e+01 9.919304065247733604e+01
1.298937527903139824e+02 -1.026540016032772762e+01 9.967315075427919169e+01
1.283934175395933437e+02 -8.338507054361064874e+00 9.994143949830811380e+01
1.270157063543318117e+02 -6.430915332101482029e+00 9.999343962656880080e+01
1.257635241078006771e+02 -4.600230206418781442e+00 9.983221003927589265e+01
1.246356653787582331e+02 -2.895075083420846074e+00 9.946738226643674352e+01
1.236273183718546136e+02 -1.354568563173738971e+00 9.891410640513281294e+01
1.227306251612822479e+02 -8.163114230713877650e-03 9.819194349440230951e+01
1.219352776511178860e+02 1.124192676883615460e+00 9.732373833360395565e+01
1.212291196564953992e+02 2.031605505050158467e+00 9.633452426035759686e+01
1.205987423468127133e+02 2.711555604391232777e+00 9.525047641338852600e+01
1.200300505519256546e+02 3.169024791632648608e+00 9.409795040608487682e+01
1.195087866692210952e+02 3.415486041463907885e+00 9.290262413281523379e+01
1.190210003202608391e+02 3.467801572417134270e+00 9.168875843218933142e+01
1.185534548266356580e+02 3.347075137024143388e+00 9.047858688173289465e+01
1.180939648378206925e+02 3.077500133224453815e+00 8.929183931426197773e+01
1.176316622326061747e+02 2.685240537528893245e+00 8.814539896153856091e+01
1.171571900028013431e+02 2.197376452979274308e+00 8.705308892624711348e+01
1.166628261491416083e+02 1.640940396040291516e+00 8.602558006337922336e+01
1.161425416041263077e+02 1.042064587535308950e+00 8.507040941145803004e+01
1.155919978438830356e+02 4.252537931713061825e-01 8.419209600445635999e+01
1.150084911314345533e+02 -1.872077190292791848e-01 8.339233933462242021e+01
1.143908511685433496e+02 -7.757111160081796575e-01 8.267028482310510640e+01
1.137393026210582718e+02 -1.323641519946082479e+00 8.202284019391322545e+01
1.130552981427664179e+02 -1.817565027998379268e+00 8.144502683103208085e+01
1.123413311590720269e+02 -2.247293967542810744e+00 8.093035163850964864e+01
1.116007377430873788e+02 -2.605840312957480975e+00 8.047118288173548706e+01
1.108374928981296392e+02 -2.889276137140850853e+00 8.005912262412101654e+01
1.100560106600737669e+02 -3.096508257122688956e+00 7.968535865805398544e+01
1.092609527078870002e+02 -3.228991383389017145e+00 7.934099058515707270e+01
1.084570513490303370e+02 -3.290392923344374054e+00 7.901732071670522828e+01
1.076489496084865607e+02 -3.286224665487895713e+00 7.870610684806202073e+01
1.068410628008608398e+02 -3.223458293157059007e+00 7.839977103365734479e+01
1.060374629634413708e+02 -3.110138108005679580e+00 7.809156374528396327e+01
1.052417873352431030e+02 -2.955003710295545982e+00 7.777568307241499213e+01
1.044571710558344222e+02 -2.767133494633037483e+00 7.744735028919608055e+01
1.036862034667284433e+02 -2.555617919305161578e+00 7.710284435113013046e+01
1.029309067176782406e+02 -2.329269539497405450e+00 7.673949889882852915e+01
1.021927348058849816e+02 -2.096374857677765657e+00 7.635566616015891839e+01
1.014725907673232967e+02 -1.864491002346908344e+00 7.595065262004548856e+01
1.007708594232185249e+02 -1.640288667378733800e+00 7.552463169684557442e+01
1.000874528335552043e+02 -1.429441066893502477e+00 7.507853889324957208e+01
9.942186558048683764e+01 -1.236557079716886998e+00 7.461395470389999218e+01
9.877323726312492624e+01 -1.065155705530242525e+00 7.413297990120715042e+01
9.814041889429927323e+01 -9.176786981738476179e-01 7.363810911709765605e+01
9.752204072744257246e+01 -7.955348681084056794e-01 7.313210650348067077e+01
9.691658025367264884e+01 -6.991729935046001598e-01 7.261788543874764912e+01
9.632242626991696000e+01 -6.281766639909277528e-01 7.209839918315820739e+01
9.573793919878551151e+01 -5.813757263227562477e-01 7.157654131843371204e+01
9.516150514163615526e+01 -5.569689785380624869e-01 7.105506002131444632e+01
9.459158313780181970e+01 -5.526531108022380012e-01 7.053648642486774634e+01
9.402674467186200502e+01 -5.657528325238013744e-01 7.002307814572398570e+01
9.346570514712723821e+01 -5.933480396469223983e-01 6.951677788795622348e+01
9.290734722225619180e+01 -6.323943032964352007e-01 6.901918675415006987e+01
9.235073619405434897e+01 -6.798336088340576344e-01 6.853155144019713418e+01
9.179512784427227245e+01 -7.326929492329414817e-01 6.805476413974596994e+01
9.123996935435965838e+01 -7.881690221151450571e-01 6.758937372314382230e+01
9.068489404892757477e+01 -8.436978998223115811e-01 6.713560654743788803e+01
9.012971082782294729e+01 -8.970091834933090480e-01 6.669339516045889127e+01
8.957438924592172214e+01 -9.461646507440689691e-01 6.626241304652202757e+01
8.901904125003990487e+01 -9.895820378894824021e-01 6.584211356059110187e+01
8.846390026229767045e+01 -1.026045006225171807e+00 6.543177187888262836e+01
8.790929906215588119e+01 -1.054699570620270199e+00 6.503052720146477839e+01
8.735564720144463990e+01 -1.075040794333352201e+00 6.463742436905373268e+01
8.680340746174896083e+01 -1.086888379575748020e+00 6.425145563259559367e+01
8.625307509712499154e+01 -1.090355995098537756e+00 6.387159608149294598e+01
8.570515679235255391e+01 -1.085813963229913082e+00 6.349683860583090222e+01
8.516015247138318500e+01 -1.073848219156863681e+00 6.312622277935128068e+01
8.461853940215002012e+01 -1.055217623658769366e+00 6.275885905181402791e+01
8.408075840626656827e+01 -1.030809833577812418e+00 6.239394865201941798e+01
8.354720310699009644e+01 -1.001598287283713251e+00 6.203079778847086345e+01
8.301821201679943840e+01 -9.686021313893422580e-01 6.166882681100131691e+01
8.249406292050527156e+01 -9.328482272108092888e-01 6.130757525313250511e+01
8.197497006963581612e+01 -8.953374436788269497e-01 6.094670209582652376e+01
8.146108376364593084e+01 -8.570164078392770168e-01 6.058598225228414691e+01
