2.540000000000000000e+02 7.000000000000000000e+00 0.000000000000000000e+00
2.549811228978269924e+02 -2.826675553800192020e+01 2.148651280593084356e-01
2.535145011639848747e+02 -5.778994287323001089e+01 4.456864690772087911e+00
2.499206268603507795e+02 -8.137649249506463889e+01 1.204959090648774911e+01
2.445462730421040476e+02 -9.904500598116658239e+01 2.229785255284670598e+01
2.377502095986623942e+02 -1.109980919171377280e+02 3.451196812443743767e+01
2.298903601878244558e+02 -1.175924283602750648e+02 4.802879189225410528e+01
2.213126418239931468e+02 -1.193078297694219856e+02 6.222919260151846288e+01
2.123416010101176425e+02 -1.167163741535400447e+02 7.655192571957833536e+01
2.032729227283767557e+02 -1.104525745049038079e+02 9.050390422375618016e+01
1.943678095675379325e+02 -1.011854090562583508e+02 1.036670046857816629e+02
1.858491648265753611e+02 -8.959284124518920578e+01 1.157016435012533719e+02
1.778994702484830839e+02 -7.633931664609119139e+01 1.263474218909789357e+02
1.706602084566740984e+02 -6.205656496216446527e+01 1.354211943324662570e+02
1.642326506533492818e+02 -4.732788892213361009e+01 1.428129509143526548e+02
1.586798100719142042e+02 -3.267598873659991199e+01 1.484799230329263935e+02
1.540293504971335494e+02 -1.855425320605496253e+01 1.524393254028723845e+02
1.502772360736144606e+02 -5.341348217607216675e+00 1.547601374062410855e+02
1.473919130203221357e+02 6.661148773569247616e+00 1.555543047145132505e+02
1.453188189344143098e+02 1.722838254754814358e+01 1.549677217904925897e+02
1.439850504596366818e+02 2.620949053615263935e+01 1.531712765296909708e+02
1.433039979810342288e+02 3.352287940178448622e+01 1.503522826151086633e+02
1.431798280702378747e+02 3.914993636732907589e+01 1.467064705936270741e+02
1.435116797912936875e+02 4.312755584015345534e+01 1.424307458419741295e+02
1.441974828804357571e+02 4.553987504589911595e+01 1.377168351222549063e+02
1.451373254867804690e+02 4.650957912323497112e+01 1.327459091884583131e+02
1.462363230365410232e+02 4.618910462596090838e+01 1.276842259251078815e+02
1.474069616960575502e+02 4.475203147991778962e+01 1.226798006617076737e+02
1.485709098635397538e+02 4.238491030302910190e+01 1.178600770938758870e+02
1.496603085669902669e+02 3.927972743450644799e+01 1.133305443048817409e+02
1.506185671323520694e+02 3.562716209220395314e+01 1.091742219335980622e+02
1.514007019952891540e+02 3.161074793271115269e+01 1.054519191607046480e+02
1.519732666404190695e+02 2.740200658589155935e+01 1.022031600389937438e+02
1.523139271491860995e+02 2.315658216755796417e+01 9.944766083139225543e+01
1.524107420421258894e+02 1.901137040521608768e+01 9.718724225750999324e+01
1.522612066623181875e+02 1.508260559184773086e+01 9.540806131010538138e+01
1.518711229021653821e+02 1.146484333531678423e+01 9.408305025411497979e+01
1.512533526239823800e+02 8.230758633530170343e+00 9.317445832723026911e+01
1.504265083738773399e+02 5.431651325942778996e+00 9.263640565275539984e+01
1.494136260121273381e+02 3.098568209174785260e+00 9.241737416530030202e+01
1.482408751951341230e+02 1.243917831438480448e+00 9.246254294340099023e+01
1.469363311785707822e+02 -1.365376543601976300e-01 9.271593934267973225e+01
1.455288453741251828e+02 -1.061418931683220990e+00 9.312234756362067856e+01
1.440470354802328075e+02 -1.561302504836251215e+00 9.362895019213075898e+01
1.425184124343979306e+02 -1.676227778686930403e+00 9.418668371845286913e+01
1.409686541243652300e+02 -1.453225724058132551e+00 9.475130213294184500e+01
1.394210293889031220e+02 -9.439424804149040282e-01 9.528415331378309361e+01
1.378959720012428818e+02 -2.024228506347743040e-01 9.575267929311684156e+01
1.364107981252962816e+02 7.168993315971331493e-01 9.613066107667400217e+01
1.349795583883878578e+02 1.760964917983548927e+00 9.639823213576444516e+01
1.336130115970297823e+02 2.879584841077591051e+00 9.654169029599900398e+01
1.323187055613975929e+02 4.026653735870190154e+00 9.655313944626649914e+01
1.311011486834395043e+02 5.161079038720412626e+00 9.642999441099111380e+01
1.299620553395897673e+02 6.247434158501356194e+00 9.617438175638918096e+01
1.289006479306400479e+02 7.256349317311132197e+00 9.579246881408455749e+01
1.279139994449027284e+02 8.164662040148412459e+00 9.529374989484713865e+01
1.269973970475234211e+02 8.955348838579542559e+00 9.469032544466526247e+01
1.261447194626404951e+02 9.617283677344577342e+00 9.399618135499389382e+01
1.253488100633758648e+02 1.014482471759476390e+01 9.322650458883688884e+01
1.246018289537307879e+02 1.053729552204878850e+01 9.239705810225117943e+01
1.238955893040887730e+02 1.079837050253138031e+01 9.152360289378567870e+01
1.232218571982046882e+02 1.093540112513738549e+01 9.062140304756445630e+01
1.225726159674918705e+02 1.095871337936134182e+01 8.970480688911042932e+01
1.219402887354524978e+02 1.088090370661229400e+01 8.878691250585094963e+01
1.213179197269162160e+02 1.071615120849324754e+01 8.787931364371405607e+01
1.206993127720494243e+02 1.047956815302720557e+01 8.699192559147643067e+01
1.200791279261913331e+02 1.018660385225837395e+01 8.613288676954529421e+01
1.194529385664151278e+02 9.852514945836229998e+00 8.530852917031857885e+01
1.188172524420028680e+02 9.491910975743392598e+00 8.452340921911606131e+01
1.181695010134089046e+02 9.118376485788548536e+00 8.378039013199934004e+01
1.175080010943165831e+02 8.744173143166786843e+00 8.308076712611128301e+01
1.168318926721185562e+02 8.380022062566860441e+00 8.242442765297603557e+01
1.161410596445550283e+02 8.034966685488926785e+00 8.181003303608528654e+01
1.154360379647702217e+02 7.716299851202115256e+00 8.123521510768850362e+01
1.147179108782210477e+02 7.429556240249968191e+00 8.069678829150475963e+01
1.139882099855626620e+02 7.178569871378615019e+00 8.019093947485320939e+01
1.132487990432797744e+02 6.965560477076518708e+00 7.971344797157146900e+01
1.125017802453447899e+02 6.791280107282436695e+00 7.925985052870714753e+01
1.117493914671581337e+02 6.655170737927297964e+00 7.882562275014186071e+01
1.109939177759592752e+02 6.555553770270108771e+00 7.840632666474411394e+01
1.102376143848526340e+02 6.489820927973649844e+00 7.799773503524808405e+01
1.094826349390108930e+02 6.454641351188574738e+00 7.759594232354582743e+01
1.087309780661649654e+02 6.446154772005525224e+00 7.719744113654840589e+01
1.079844422535553008e+02 6.460161187120048609e+00 7.679918247660346253e+01
1.072445931579025995e+02 6.492298372078556312e+00 7.639861292580336283e+01
1.065127433796539123e+02 6.538199216006439940e+00 7.599368999409824710e+01
1.057899424975077949e+02 6.593628113750308550e+00 7.558288019046304385e+01
1.050769759248787665e+02 6.654600016899745007e+00 7.516514213165932290e+01
1.043743733285267723e+02 6.717473206469915858e+00 7.473989463920176490e+01
1.036824232845919340e+02 6.779017609514717435e+00 7.430697622316573359e+01
1.030011939681280637e+02 6.836468304948201791e+00 7.386659480821485602e+01
1.023305581659294745e+02 6.887548088456866502e+00 7.341927374469871381e+01
1.016702207617427831e+02 6.930481109945514362e+00 7.296579428177275872e+01
1.010197490797384745e+02 6.963980547478250571e+00 7.250713647192591793e+01
1.003786025989191302e+02 6.987231233281001153e+00 7.204442215530778526e+01
9.974616188069400380e+01 6.999849606558017356e+00 7.157886318227795641e+01
9.912175976606079075e+01 7.001845122756187756e+00 7.111170483218357674e+01
9.850470358202960597e+01 6.993567023419488216e+00 7.064418968975000723e+01
9.789430281482535179e+01 6.975649756685501579e+00 7.017751073388245686e+01
9.728988647683605961e+01 6.948958552158289947e+00 6.971278514763373835e+01
9.669082329228557171e+01 6.914529640070647076e+00 6.925102331680089662e+01
9.609653321380629620e+01 6.873518793855274644e+00 6.879311393738068148e+01
9.550649996496291294e+01 6.827146583651623857e+00 6.833980758744694128e+01
9.492027659800415051e+01 6.776654275486505341e+00 6.789171264304086151e+01
9.433749087865577110e+01 6.723259790707040828e+00 6.744929153219206341e+01
9.375784549146777636e+01 6.668124013831973507e+00 6.701286574671874519e+01
9.318111756161484038e+01 6.612320270422286761e+00 6.658262171901391469e+01
9.260715450098378199e+01 6.556812562243120368e+00 6.615862268596421814e+01
9.203586945964822519e+01 6.502438165198294762e+00 6.574082064428789351e+01
9.146723404835766758e+01 6.449899037912159017e+00 6.532907237872196049e+01
9.090127119161589064e+01 6.399754158415150940e+00 6.492315507774982564e+01
9.033804705679241920e+01 6.352424549158459222e+00 6.452278176495029527e+01
8.977766116449426193e+01 6.308192217038174121e+00 6.412762137000528639e+01
8.922024065815678284e+01 6.267213355572211597e+00 6.373730813263249928e+01
8.866592906676446262e+01 6.229528534169937792e+00 6.335146257258328717e+01
8.811487938775925954e+01 6.195073744801719684e+00 6.296970362828606227e+01
8.756724912859998255e+01 6.163698372641870371e+00 6.259165573749805844e+01
8.702319083445388515e+01 6.135181279778845642e+00 6.221696530505207789e+01
8.648284940772040841e+01 6.109243949583085254e+00 6.184530397677465885e+01
8.594635644468185376e+01 6.085569177912826255e+00 6.147637702098549539e+01
8.541382665814671782e+01 6.063815562720225039e+00 6.110992818961618411e+01
8.488535685542581177e+01 6.043628837478460802e+00 6.074573994498128116e+01
8.436102249092341765e+01 6.024659272747826755e+00 6.038363758861179065e+01
8.384087870408966126e+01 6.006566877920955783e+00 6.002348633080015361e+01
