2.540000000000000000e+02 7.000000000000000000e+00 0.000000000000000000e+00
2.541904237182820623e+02 -2.458659722420368254e+01 1.329178697295614553e+00
2.522224894406066937e+02 -5.031306560260311755e+01 6.232653263111675557e+00
2.484250600909815887e+02 -7.022122839362943125e+01 1.401440746865057640e+01
2.431372656757030768e+02 -8.452894678451559685e+01 2.398874762949295203e+01
2.366964136550943465e+02 -9.359797617062363884e+01 3.550026753428164028e+01
2.294276862259143854e+02 -9.790191882882344032e+01 4.794000889394745712e+01
2.216357100316275535e+02 -9.799531512169056668e+01 6.075782549771275853e+01
2.135979786599485806e+02 -9.448464270461032299e+01 7.347113419097009057e+01
2.055600688386477088e+02 -8.800185459266013766e+01 8.567029475042816955e+01
1.977325464401892248e+02 -7.918093627514673472e+01 9.702092892934878421e+01
1.902894132783081602e+02 -6.863777339915199605e+01 1.072635508748835633e+02
1.833679215235223126e+02 -5.695348253776343483e+01 1.162109072981840399e+02
1.770695649242373690e+02 -4.466122903138847278e+01 1.237434399410903865e+02
1.714620464829456807e+02 -3.223644275566027062e+01 1.298032825364428504e+02
1.665820204750973517e+02 -2.009024900484073939e+01 1.343871910517305537e+02
1.624384115517599696e+02 -8.565857368636088154e+00 1.375387819971614078e+02
1.590161213565838239e+02 2.062405043759601320e+00 1.393404267665362113e+02
1.562799645282085237e+02 1.158776556094508337e+01 1.399050761485128476e+02
1.541786476711397711e+02 1.986774941366968150e+01 1.393683465733232083e+02
1.526486969689269131e+02 2.681938882645908251e+01 1.378809975829648806e+02
1.516181936631521125e+02 3.241325346850936029e+01 1.356020364087537757e+02
1.510102380875663926e+02 3.666666570880492770e+01 1.326925526517712512e+02
1.507460707209757516e+02 3.963642942510825407e+01 1.293103757951769239e+02
1.507478023522609476e+02 4.141136969430737480e+01 1.256056034960174799e+02
1.509407240951706513e+02 4.210494407101838021e+01 1.217170154399806989e+02
1.512551854165484144e+02 4.184814640420780307e+01 1.177693575593377062e+02
1.516280435880031803e+02 4.078288312838791541e+01 1.138714563236896282e+02
1.520037008385516799e+02 3.905596152837102153e+01 1.101151027052232223e+02
1.523347561913632262e+02 3.681378969693103187e+01 1.065746298158812237e+02
1.525823069725445578e+02 3.419785179663534791e+01 1.033070977132254455e+02
1.527159409840123487e+02 3.134098853181676603e+01 1.003529922099445741e+02
1.527134639628072534e+02 2.836448322023368718e+01 9.773734216949844722e+01
1.525604089397438372e+02 2.537592941005061320e+01 9.547115999516105944e+01
1.522493747876938528e+02 2.246783558043822993e+01 9.355311231305239517e+01
1.517792389381572207e+02 1.971690159726004410e+01 9.197133662077089866e+01
1.511542900834644172e+02 1.718388876416986477e+01 9.070532023235939789e+01
1.503833029889550517e+02 1.491401254578754454e+01 8.972780720175003921e+01
1.494786273554131526e+02 1.293777185585042844e+01 8.900659513696396630e+01
1.484552790616671416e+02 1.127210536120689888e+01 8.850626695542118227e+01
1.473300858137245655e+02 9.921814714061079954e+00 8.818975731643269000e+01
1.461208962646967109e+02 8.881162904143113934e+00 8.801975117817707428e+01
1.448458743177742178e+02 8.135568004716963841e+00 8.795988265728716726e+01
1.435228822469142074e+02 7.663333476455535198e+00 8.797573720577183565e+01
1.421689632943408697e+02 7.437350827057867875e+00 8.803564607904709760e+01
1.407999241767427350e+02 7.426726751775816204e+00 8.811128095047939723e+01
1.394300163935746468e+02 7.598294536005276711e+00 8.817805841467607308e+01
1.380717120902560282e+02 7.917979082886177800e+00 8.821536908236149088e+01
1.367355678860111823e+02 8.351993892113140916e+00 8.820664933772891914e+01
1.354301682605297401e+02 8.867856643858106125e+00 8.813931618548873814e+01
1.341621388130521950e+02 9.435218226258703211e+00 8.800458685307441442e+01
1.329362189612473912e+02 1.002650519469655421e+01 8.779720546530732861e+01
1.317553833294081471e+02 1.061738273403117994e+01 8.751509848980865058e+01
1.306210004498972239e+02 1.118704948115298237e+01 8.715898120358883716e+01
1.295330189580789977e+02 1.171838179792665358e+01 8.673193295937946345e+01
1.284901750281102863e+02 1.219793972121793502e+01 8.623895238364877969e+01
1.274901948120540567e+02 1.261585206888577204e+01 8.568654542336383884e+01
1.265300252832963821e+02 1.296562312195896638e+01 8.508226701648013091e+01
1.256060244719723897e+02 1.324383714213756313e+01 8.443436835864217471e+01
1.247141669727682824e+02 1.344983065757011786e+01 8.375141741188848243e+01
1.238502224613663714e+02 1.358531014944003346e+01 8.304198716012822956e+01
1.230099120531916412e+02 1.365396578353737311e+01 8.231439198488133968e+01
1.221890522703823478e+02 1.366106246669347435e+01 8.157645470445480385e+01
1.213836678574274401e+02 1.361305065591500707e+01 8.083533662324053637e+01
1.205900837586255960e+02 1.351719894225895935e+01 8.009740816042658196e+01
1.198049981875025765e+02 1.338123885302289118e+01 7.936815768166248120e+01
1.190255276846935999e+02 1.321306409230416001e+01 7.865215026439000212e+01
1.182492366702958009e+02 1.302045908287021270e+01 7.795301425577828525e+01
1.174741480783151957e+02 1.281086485962917187e+01 7.727346144595141197e+01
1.166987362457108190e+02 1.259120369856733035e+01 7.661533442791534299e+01
1.159219093962339855e+02 1.236773257422411376e+01 7.597967092718839410e+01
1.151429786651685134e+02 1.214594076676904244e+01 7.536678882390715728e+01
1.143616211342814069e+02 1.193049625243022227e+01 7.477637504200102114e+01
1.135778340734201777e+02 1.172520675885342456e+01 7.420759055665679682e+01
1.127918901723267311e+02 1.153303662243208016e+01 7.365916305273269415e+01
1.120042831753324748e+02 1.135612270867618001e+01 7.312950028070601149e+01
1.112156859777595628e+02 1.119583694731563384e+01 7.261676821230207679e+01
1.104268933936660488e+02 1.105284734407602265e+01 7.211900225955002952e+01
1.096387870848649300e+02 1.092719931312970871e+01 7.163416736888750336e+01
1.088522865413645491e+02 1.081840728904835913e+01 7.116024606264478791e+01
1.080683196045177397e+02 1.072553928328713369e+01 7.069528597576658058e+01
1.072877849523043494e+02 1.064731896066921557e+01 7.023746137024599534e+01
1.065115320766414584e+02 1.058220522528942809e+01 6.978510136117357376e+01
1.057403354609126040e+02 1.052848876705001224e+01 6.933672743603717947e+01
1.049748838785626788e+02 1.048435932434747464e+01 6.889106400261842111e+01
1.042157662225776278e+02 1.044798655218945527e+01 6.844705386044560669e+01
1.034634688236234012e+02 1.041757121790802998e+01 6.800385454136376495e+01
1.027183713899429875e+02 1.039140463816506355e+01 6.756083608542478203e+01
1.019807507322369986e+02 1.036790224219537748e+01 6.711756691093636107e+01
1.012507841964676487e+02 1.034564147860738181e+01 6.667379951164663510e+01
1.005285580367100096e+02 1.032337640116245225e+01 6.622944986515373955e+01
9.981407589176684780e+01 1.030005853192331777e+01 6.578457546666500377e+01
9.910726897351707976e+01 1.027483255195660661e+01 6.533935432009513988e+01
9.840800881481388274e+01 1.024704420481274880e+01 6.489405621081846220e+01
9.771611541079562357e+01 1.021622462358423711e+01 6.444902816112205812e+01
9.703137202264210259e+01 1.018207975108996699e+01 6.400466469455300000e+01
9.635353584009025951e+01 1.014447944517973177e+01 6.356138701939855906e+01
9.568234463968956049e+01 1.010343129004563956e+01 6.311963358421934345e+01
9.501753059897578169e+01 1.005906201863952276e+01 6.267983392524702424e+01
9.435882606171325904e+01 1.001159839949517760e+01 6.224239983401673015e+01
9.370596975795727701e+01 9.961345494529831868e+00 6.180771603234406797e+01
9.305871594113037304e+01 9.908661453312763712e+00 6.137612524106077672e+01
9.241683481215737572e+01 9.853945728715155283e+00 6.094792942927329449e+01
9.178011879347423019e+01 9.797613982027856494e+00 6.052338098612978712e+01
9.114838401543286750e+01 9.740085041828038470e+00 6.010268192687772881e+01
9.052147019866268352e+01 9.681770349912834916e+00 5.968598607326650551e+01
8.989924299121689444e+01 9.623055142203361001e+00 5.927339749587769546e+01
8.928159168486726571e+01 9.564297277822285892e+00 5.886497560946257579e+01
8.866842862794626967e+01 9.505815714578773168e+00 5.846073853269543008e+01
8.805968772035821246e+01 9.447885333745093206e+00 5.806066724967615755e+01
8.745532183404452553e+01 9.390739372220497927e+00 5.766471067682613949e+01
8.685530026387532132e+01 9.334562641428405527e+00 5.727279234786573880e+01
8.625960639511096417e+01 9.279494515945726718e+00 5.688481485051852360e+01
8.566823574308629929e+01 9.225633457848214647e+00 5.650066318566499035e+01
8.508119155973936643e+01 9.173036800878561436e+00 5.612021419146100953e+01
8.449848330387627016e+01 9.121724043329594522e+00 5.574333920805819531e+01
8.392012532939853031e+01 9.071684638014865243e+00 5.536990545149109977e+01
8.334613339324636172e+01 9.022881087035440117e+00 5.499978290415284476e+01
8.277652224042722651e+01 8.975254047128032653e+00 5.463284853750580794e+01
8.221130584932062391e+01 8.928726620814225967e+00 5.426898499796459419e+01
8.165049577045552098e+01 8.883208809986541610e+00 5.390808333563317944e+01
8.109409849350942068e+01 8.838604893925360528e+00 5.355004727306020840e+01
8.054211595512812494e+01 8.794815054405384913e+00 5.319479181843112769e+01
7.999454587545454842e+01 8.751737037741028402e+00 5.284224223657579245e+01
