2.540000000000000000e+02 7.000000000000000000e+00 0.000000000000000000e+00
2.537240080352495397e+02 -2.084818413939576942e+01 2.168330270361734868e+00
2.515925910424289782e+02 -4.295101880414583206e+01 7.450461907616724666e+00
2.479191368798303472e+02 -5.954918301058069829e+01 1.516075362659644199e+01
2.430148873195745125e+02 -7.101396385719297655e+01 2.464838508736152178e+01
2.371797275328216870e+02 -7.781509063524198666e+01 3.531178247198325693e+01
2.306947811463976734e+02 -8.049063629892123117e+01 4.660925077766508196e+01
2.238167659496468502e+02 -7.961963324850249535e+01 5.806606627783224184e+01
2.167739956257253482e+02 -7.579778518875828297e+01 6.927838681795513764e+01
2.097638888015711416e+02 -6.961652975080471606e+01 7.991436553739569604e+01
2.029518226856658600e+02 -6.164556440397566917e+01 8.971287796684507043e+01
1.964711529758718314e+02 -5.241881992197808415e+01 9.848028004669970414e+01
1.904242135065292132e+02 -4.242376509273417895e+01 1.060856110996033124e+02
1.848841089044477428e+02 -3.209383909183003425e+01 1.124546363835743676e+02
1.798971191919797263e+02 -2.180374630052903129e+01 1.175630964247821737e+02
1.754855455138305160e+02 -1.186730270578855695e+01 1.214294957524285934e+02
1.716508371970052451e+02 -2.537494557483578994e+00 1.241077311192933621e+02
1.683768639643836877e+02 5.991606865644793167e+00 1.256797996975333689e+02
1.656332049521182910e+02 1.358142480730821688e+01 1.262488105515378436e+02
1.633783528925423809e+02 2.014430101057294564e+01 1.259324596780029992e+02
1.615627505920577391e+02 2.563808124196030036e+01 1.248570920934621995e+02
1.601315896649407193e+02 3.006016782440348223e+01 1.231524468016345111e+02
1.590273254047993703e+02 3.344130436802541340e+01 1.209471331528799141e+02
1.581918756104380464e+02 3.583932603806236017e+01 1.183648614526192375e+02
1.575684860003395613e+02 3.733307288059962303e+01 1.155214238402461433e+02
1.571032580244438464e+02 3.801662708385767075e+01 1.125223986925649911e+02
1.567463459141362421e+02 3.799399950043289209e+01 1.094615338493040468e+02
1.564528388788442328e+02 3.737435699392585065e+01 1.064197502339282266e+02
1.561833514718720721e+02 3.626785109436747234e+01 1.034646977206065088e+02
1.559043504983980313e+02 3.478208008689032482e+01 1.006507889222714880e+02
1.555882502967142500e+02 3.301919197744222600e+01 9.801963402936651448e+01
1.552133099945701815e+02 3.107361560058351913e+01 9.560080024314329705e+01
1.547633679975089365e+02 2.903039268783601656e+01 9.341281872938928643e+01
1.542274474537076685e+02 2.696406258219614216e+01 9.146437040373656657e+01
1.535992674958110058e+02 2.493804258984416933e+01 8.975558134637000762e+01
1.528766821110165210e+02 2.300444629742333902e+01 8.827938937655594032e+01
1.520610879474931210e+02 2.120429584828542602e+01 8.702289425471423101e+01
1.511568179316865894e+02 1.956801317405331631e+01 8.596867785467252077e+01
1.501705310172904149e+02 1.811618301763896000e+01 8.509607156334438116e+01
1.491106416347872710e+02 1.686048380673066660e+01 8.438229168817383652e+01
1.479867778891817807e+02 1.580474310830457796e+01 8.380347859351471129e+01
1.468092898188190816e+02 1.494607163232284464e+01 8.333559971708149305e+01
1.455888140759071518e+02 1.427602162753861315e+01 8.295521378047084227e+01
1.443358999690354096e+02 1.378172980661732083e+01 8.264009360628682543e+01
1.430606977319762336e+02 1.344701265096028209e+01 8.236971282366043567e+01
1.417727075299238209e+02 1.325339238094090177e+01 8.212560492435419235e+01
1.404805887701876088e+02 1.318102953167104374e+01 8.189160117236593806e+01
1.391920258317313142e+02 1.320954896699906200e+01 8.165395954283751223e+01
1.379136453104169107e+02 1.331874942443620213e+01 8.140139852660709607e+01
1.366509787583760271e+02 1.348919457845820169e+01 8.112505047985943918e+01
1.354084646465751121e+02 1.370268802329194457e+01 8.081834878187066806e+01
1.341894835402189301e+02 1.394263571900229870e+01 8.047686218816780013e+01
1.329964211453032874e+02 1.419430097638182353e+01 8.009808783833626933e+01
1.318307507927200959e+02 1.444495525217277532e+01 7.968122209114592636e+01
1.306931302865499447e+02 1.468395584573909751e+01 7.922691408615938258e+01
1.295835130633132906e+02 1.490273704330647853e+01 7.873700522196320151e+01
1.285012508233360506e+02 1.509474206210932934e+01 7.821430226097193383e+01
1.274452198647526302e+02 1.525530445197857254e+01 7.766230596540786735e+01
1.264139172046545809e+02 1.538149533600787500e+01 7.708501887166811173e+01
1.254055732832364356e+02 1.547192528624790420e+01 7.648672423096998330e+01
1.244182395398853913e+02 1.552655518251377487e+01 7.587182225078133513e+01
1.234498822994005423e+02 1.554646935120474716e+01 7.524466002348700044e+01
1.224984489718604834e+02 1.553367600475684895e+01 7.460942062529660745e+01
1.215619384713252913e+02 1.549088724507504544e+01 7.397000690455092808e+01
1.206384480437906177e+02 1.542133086296394495e+01 7.332997374300816773e+01
1.197262160502117467e+02 1.532856712055178505e+01 7.269246873443924528e+01
1.188236515996175342e+02 1.521632254876022827e+01 7.206020004326745720e+01
1.179293527696093520e+02 1.508835738468351906e+01 7.143542355500177621e+01
1.170421197917281688e+02 1.494833313363685079e+01 7.081994188796406320e+01
1.161609553864975055e+02 1.479972865350321420e+01 7.021512270337773032e+01
1.152850633991255194e+02 1.464574906970429780e+01 6.962192265948469583e+01
1.144138375655448385e+02 1.448928339941028831e+01 6.904092358235173776e+01
1.135468492404746428e+02 1.433285392902508626e+01 6.847237296403129392e+01
1.126838298214727558e+02 1.417860902866805795e+01 6.791622709604098418e+01
1.118246511001308505e+02 1.402830382404257392e+01 6.737220186049478343e+01
1.109693075880549458e+02 1.388332185270919084e+01 6.683980952778699702e+01
1.101178906036208929e+02 1.374468034934964500e+01 6.631841873367595497e+01
1.092705735106064964e+02 1.361306232537183369e+01 6.580728202539664551e+01
1.084275883020278286e+02 1.348885029458068630e+01 6.530558346541191383e+01
1.075892063879966400e+02 1.337215881255816008e+01 6.481247657952690133e+01
1.067557276393041121e+02 1.326287211327418625e+01 6.432710165010075798e+01
1.059274573444999277e+02 1.316069169184315690e+01 6.384862928012930894e+01
1.051047005140415536e+02 1.306516450573007937e+01 6.337626741352701742e+01
1.042877482856763152e+02 1.297572741114003669e+01 6.290928330448495842e+01
1.034768677581237029e+02 1.289174384910728755e+01 6.244701915816686011e+01
1.026723005699079607e+02 1.281252443463820967e+01 6.198889078820834442e+01
1.018742527354979757e+02 1.273737071321247960e+01 6.153440163681110420e+01
1.010828957289894561e+02 1.266558608455799195e+01 6.108313771965589467e+01
1.002983641887054205e+02 1.259650133279935780e+01 6.063476721723804275e+01
9.952075486008602923e+01 1.252949413908670984e+01 6.018903851469864463e+01
9.875012991180179256e+01 1.246399157088026577e+01 5.974577179459395637e+01
9.798651751822424671e+01 1.239948949913533127e+01 5.930485322209388954e+01
9.722991519312685682e+01 1.233555041967708377e+01 5.886622756108176446e+01
9.648029344383662931e+01 1.227180682953243007e+01 5.842988876165036771e+01
9.573759933479765039e+01 1.220796616296022563e+01 5.799587040585431907e+01
9.500175944937606687e+01 1.214380124762432267e+01 5.756424088235441872e+01
9.427268469321307975e+01 1.207914879574787292e+01 5.713509236955336235e+01
9.355027469768148762e+01 1.201390753194600691e+01 5.670853084912535280e+01
9.283441962100097555e+01 1.194802735180986275e+01 5.628467431766500795e+01
9.212500335127521112e+01 1.188150382858232135e+01 5.586364646102337161e+01
9.142190890769202838e+01 1.181436991351734811e+01 5.544556577158928690e+01
9.072501899838896122e+01 1.174669016023727153e+01 5.503054554179048807e+01
9.003421696472891256e+01 1.167855517794412457e+01 5.461869288934557432e+01
8.934939139779024231e+01 1.161007018173001448e+01 5.421010044340354739e+01
8.867043655106037647e+01 1.154135114411510088e+01 5.380484624076712663e+01
8.799725148858004786e+01 1.147252283188427135e+01 5.340299617901849416e+01
8.732974277624110471e+01 1.140370904476173664e+01 5.300459986590345096e+01
8.666782494791313241e+01 1.133502844837862078e+01 5.260969045920812448e+01
8.601141901969556613e+01 1.126659598413810315e+01 5.221828785005264706e+01
8.536045325442755427e+01 1.119851725649080798e+01 5.183039812069792873e+01
8.471486326271735834e+01 1.113088450279412278e+01 5.144601421181729251e+01
8.407459080792129669e+01 1.106377904662035228e+01 5.106511818221375165e+01
8.343958340112544647e+01 1.099727055091378070e+01 5.068768232577274802e+01
8.280979370521021110e+01 1.093141384778903813e+01 5.031367128283341827e+01
8.218517890480696053e+01 1.086625002954047936e+01 4.994304327471757432e+01
8.156570004876977009e+01 1.080180986304296553e+01 4.957575087782916512e+01
8.095132130920617897e+01 1.073811267461536367e+01 4.921174300963424031e+01
8.034200879578101251e+01 1.067516683749359530e+01 4.885096760244117320e+01
7.973773038571926008e+01 1.061297062817502557e+01 4.849337180808021941e+01
7.913845532281300166e+01 1.055151631328541129e+01 4.813890200981801115e+01
7.854415397761319184e+01 1.049078882582066718e+01 4.778750467958423087e+01
7.795479636437596582e+01 1.043076882489431867e+01 4.743912916211501596e+01
7.737035203565773145e+01 1.037143312617627977e+01 4.709372782422558146e+01
7.679079040040515736e+01 1.031275612696119737e+01 4.675125497387862339e+01
