2.540000000000000000e+02 7.000000000000000000e+00 0.000000000000000000e+00
2.572136687177489875e+02 -4.461630900167047287e+01 -1.132267468232633334e+01
2.567769695140628414e+02 -9.411488725652507981e+01 -1.689927339844723164e+01
2.525759275315023444e+02 -1.400499573323296829e+02 -1.695656891208696493e+01
2.446219013200826282e+02 -1.811153016526216106e+02 -1.186703926013390564e+01
2.330478805106799314e+02 -2.161799920858366875e+02 -2.135191468888533173e+00
2.181012748161933530e+02 -2.443180471508071605e+02 1.161975945727809467e+01
2.001334829841230771e+02 -2.648313569340187428e+02 2.868428209751983360e+01
1.795866316123105833e+02 -2.772653004339761083e+02 4.827329059962816160e+01
1.569779237378140238e+02 -2.814167743143652842e+02 6.955457394425302198e+01
1.328821373777126098e+02 -2.773345449961564100e+02 9.167409030554239280e+01
1.079128229104009051e+02 -2.653121024300319846e+02 1.137813744888111813e+02
8.270278464374378302e+01 -2.458733924749295170e+02 1.350543008009195489e+02
5.788444818944580561e+01 -2.197520063013687661e+02 1.547224678956962123e+02
3.407070082811333123e+01 -1.878646000025421756e+02 1.720885390520973601e+02
1.183676321876081161e+01 -1.512794684629256778e+02 1.865469487430308106e+02
-8.296407391813751531e+00 -1.111812873040865810e+02 1.975994917080909374e+02
-2.587668453262457291e+01 -6.883322654860295131e+01 2.048673591066894915e+02
-4.053296770359595769e+01 -2.553755642289590710e+01 2.080993907420447044e+02
-5.198468031248668098e+01 1.740404789995712775e+01 2.071763585548691822e+02
-6.004833046449157052e+01 5.872924274717609450e+01 2.021112324175616664e+02
-6.464103238788831618e+01 9.725175088238133014e+01 1.930455267458828530e+02
-6.578093808922461960e+01 1.318949821147153898e+02 1.802419182309557755e+02
-6.358464100164417232e+01 1.617216367278813323e+02 1.640734374028086791e+02
-5.826169592144059806e+01 1.859585085596830822e+02 1.450096278222561068e+02
-5.010648317844331956e+01 2.040158340650412754e+02 1.236001570982430877e+02
-3.948772302915092069e+01 2.155007418974271616e+02 1.004564275072681312e+02
-2.683599653713217492e+01 2.202245483986344254e+02 7.623176152755259238e+01
-1.262971034399283354e+01 2.182037947128914084e+02 5.160081951456908911e+01
2.620076385038745403e+00 2.096551673108790226e+02 2.723882067652069949e+01
1.838544057035924340e+01 1.949845632476000503e+02 3.801260902969617828e+00
3.413755829210640513e+01 1.747707679205846318e+02 -1.809534551876162567e+01
4.936233152995096418e+01 1.497443587130097171e+02 -3.789110667464863269e+01
6.357523805664440175e+01 1.207625541410826457e+02 -5.509830956360624299e+01
7.633497394677716841e+01 8.878085955372512217e+01 -6.931447114161665013e+01
8.725550428905475542e+01 5.482242770973315515e+01 -8.023254523087382495e+01
9.601620618070597857e+01 1.994609402461369640e+01 -8.764805553501719260e+01
1.023698459492515838e+02 -1.478594636510504579e+01 -9.146301041877029547e+01
1.061481914639037285e+02 -4.833982335406669506e+01 -9.168654719951173604e+01
1.072651548099438514e+02 -7.974012180855501697e+01 -8.843237140580205846e+01
1.057174228682059152e+02 -1.080975957354477544e+02 -8.191313332672753234e+01
1.015826148436889724e+02 -1.326337086191710739e+02 -7.243197771300394550e+01
9.501507493534630555e+01 -1.527013095057791077e+02 -6.037158645766030673e+01
8.623947973720603954e+01 -1.678009424091561073e+02 -4.618109291021455931e+01
7.554250006712366883e+01 -1.775923889949971226e+02 -3.036130915385375317e+01
6.326280400883015176e+01 -1.819012196624397859e+02 -1.344873426067381317e+01
4.977974688029928529e+01 -1.807202474204808027e+02 4.001131494567568225e+00
3.550110457082787008e+01 -1.742059854430148675e+02 2.143067475979153969e+01
2.085023248098468684e+01 -1.626703028464606859e+02 3.829675275997650630e+01
6.253066619368876644e+00 -1.465676510248305249e+02 5.408645811048501884e+01
-7.874673509795022674e+00 -1.264783204760939697e+02 6.833165340821823008e+01
-2.113967863175679085e+01 -1.030883339075725900e+02 8.062183809801162226e+01
-3.318229609216675158e+01 -7.716665440266223186e+01 9.061501072227645182e+01
-4.368653099638868298e+01 -4.954041513981030675e+01 9.804626277918701760e+01
-5.238851326048231272e+01 -2.106898656337024889e+01 1.027338794642527802e+02
-5.908322073741066305e+01 7.382333060195011676e+00 1.045828297089869778e+02
-6.362929706804222008e+01 3.496820911026192391e+01 1.035856001101366672e+02
-6.595186796741239732e+01 6.088800275990826094e+01 9.982040883373272777e+01
-6.604330928179784621e+01 8.440859659393707659e+01 9.344690875676938902e+01
-6.396199615165937047e+01 1.048847050203919196e+02 8.469956622815715264e+01
-5.982911324771875883e+01 1.217761207180286220e+02 7.387896089329247218e+01
-5.382366479203614062e+01 1.346614377171414674e+02 6.134131585335300940e+01
-4.617587476994278006e+01 1.432479290188031200e+02 4.748660970376370472e+01
-3.715920577772505595e+01 1.473773759999251922e+02 3.274564877737489610e+01
-2.708127706815463043e+01 1.470277535142133161e+02 1.756652807434839403e+01
-1.627395582937571916e+01 1.423108349500706140e+02 2.400861961755863305e+00
-5.082959764570192718e+00 1.334658574951222647e+02 -1.230975960623905863e+01
6.142723343549478798e+00 1.208495433338937914e+02 -2.614671724287612520e+01
1.706128559844384895e+01 1.049228363262435835e+02 -3.872634235484591869e+01
2.734808691948583359e+01 8.623484874687756019e+01 -4.971056891935950262e+01
3.670491980723139136e+01 6.540453084597440636e+01 -5.881600048364839495e+01
4.486827713945009322e+01 4.310067554401745582e+01 -6.582114125592217135e+01
5.161639953384383972e+01 2.002089330608543705e+01 -7.057161834510129950e+01
5.677492448124029778e+01 -3.129802750452994164e+00 -7.298328943913350031e+01
6.022099668787763704e+01 -2.566014517488206437e+01 -7.304318790972833142e+01
6.188575718277959936e+01 -4.691289175139026213e+01 -7.080832857488523757e+01
6.175516554112467560e+01 -6.628361789447085073e+01 -6.640245439738009736e+01
5.986917484992079608e+01 -8.323752165222644805e+01 -6.001087084842463071e+01
5.631931791273875376e+01 -9.732378569987662331e+01 -5.187356032553968532e+01
5.124481226298640024e+01 -1.081871093500533902e+02 -4.227682374281504707e+01
4.482733447967083151e+01 -1.155761378561187911e+02 -3.154373146651682447e+01
3.728464549421642715e+01 -1.193486123134208299e+02 -2.002368816719829425e+01
2.886329197406609026e+01 -1.194731475381603474e+02 -8.081459026875819518e+00
1.983060539430690028e+01 -1.160276807537730122e+02 3.914032316383444066e+00
1.046627428196237375e+01 -1.091946925305072540e+02 1.560075967259569829e+01
1.053727652548564153e+00 -9.925342527889779376e+01 2.663421310525517782e+01
-8.128392324958362281e+00 -8.656939807157502287e+01 3.669724921171209786e+01
-1.681442650588158827e+01 -7.158158370365771361e+01 4.550890954563341495e+01
-2.475932270726098139e+01 -5.478769066095562579e+01 5.283196323396117577e+01
-3.174547252067311831e+01 -3.672803115002449914e+01 5.847897683375381916e+01
-3.758858241676546896e+01 -1.796847230682881147e+01 6.231677074777151404e+01
-4.214241799235995956e+01 9.169869541486236342e-01 6.426915746247509276e+01
-4.530230541576236902e+01 1.936347928397010065e+01 6.431792028502628966e+01
-4.700732042131567567e+01 3.683188151017984779e+01 6.250204797911162302e+01
-4.724112550864403204e+01 5.282429273123449320e+01 5.891528283926311360e+01
-4.603145867837263694e+01 6.689792590279755302e+01 5.370209394331333641e+01
-4.344832283348564772e+01 7.867705289024559079e+01 4.705223179833165403e+01
-3.960095652525261301e+01 8.786268664364456527e+01 3.919405589202092699e+01
-3.463370472584860238e+01 9.423975722725191417e+01 3.038686433651477969e+01
-2.872093615612551787e+01 9.768163049860761760e+01 2.091247328429312802e+01
-2.206118439157368272e+01 9.815188981453208328e+01 1.106632125552055079e+01
-1.487069450559289052e+01 9.570339712280187427e+01 1.148357368358698949e+00
-7.376592306934068866e+00 9.047471130913629622e+01 -8.545991034439742506e+00
1.901157201028563781e-01 8.268404189937923832e+01 -1.773451252427341629e+01
7.601508338516576480e+00 7.262096023757054297e+01 -2.615632582566922437e+01
1.463945820064056136e+01 6.063618127453425188e+01 -3.357916551342873390e+01
2.110190623967619672e+01 4.712974466417797004e+01 -3.980566098933700658e+01
2.680851224118180554e+01 3.253800017394519983e+01 -4.467843038601263572e+01
3.160553263966986037e+01 1.731980306622106269e+01 -4.808386993936910159e+01
3.536979850074681764e+01 1.942348353842610287e+00 -4.995455656424521607e+01
3.801169379859165076e+01 -1.313292877483885590e+01 -5.027022025153901552e+01
3.947706660138105406e+01 -2.746395525738246590e+01 -4.905729081223257992e+01
3.974804285848734509e+01 -4.064074569282261251e+01 -4.638706491328111525e+01
3.884274231483358619e+01 -5.229689156449995835e+01 -4.237257777473139697e+01
3.681392845476776898e+01 -6.211948632123542779e+01 -3.716430321828796224e+01
3.374665793529559465e+01 -6.985723955458651346e+01 -3.094483511316919433e+01
2.975502149339253322e+01 -7.532657419023544776e+01 -2.392273200210223649e+01
2.497809388243704376e+01 -7.841557033221617701e+01 -1.632572717786370831e+01
1.957523045586156840e+01 -7.908568797780429804e+01 -8.393519273535416048e+00
1.372086717777230191e+01 -7.737126486724457664e+01 -3.703709906766438631e-01
7.598986642099226252e+00 -7.337685770297603938e+01 7.502265044557023366e+00
1.397425890596730502e+00 -6.727255259048398273e+01 1.499286883504096402e+01
-4.697803039290874061e+00 -5.928742955772471390e+01 2.188652049922371390e+01
-1.050801274958059039e+01 -4.970141551998965923e+01 2.799092648510898940e+01
