2.540000000000000000e+02 7.000000000000000000e+00 0.000000000000000000e+00
2.533652841666227573e+02 -1.729702058623787764e+01 2.853937380533684731e+00
2.511641572082344567e+02 -3.607529092430475259e+01 8.378300742161004067e+00
2.476780119396248381e+02 -4.975170001105968254e+01 1.591724215942333664e+01
2.431774330004058413e+02 -5.881966553764621608e+01 2.487028699496769590e+01
2.379161685528472674e+02 -6.382144191457911120e+01 3.470024745462636417e+01
2.321266352773952235e+02 -6.532378808784437751e+01 4.493792114104506652e+01
2.260168319724365062e+02 -6.389716709265928074e+01 5.518398134699027224e+01
2.197685005846789466e+02 -6.009844212820795661e+01 6.510850079943072899e+01
2.135363734680356060e+02 -5.445697470884087465e+01 7.444853131661402301e+01
2.074483403675854731e+02 -4.746394104564495109e+01 8.300414757037698621e+01
2.016063704667380705e+02 -3.956461944820615884e+01 9.063333728879541695e+01
1.960880314567664300e+02 -3.115335782452051916e+01 9.724608735089903178e+01
1.909484576865123699e+02 -2.257090316678449682e+01 1.027979779552128434e+02
1.862226315012684381e+02 -1.410376134607410847e+01 1.072835587302953684e+02
1.819278524422300904e+02 -5.985246937964329383e+00 1.107297481480259194e+02
1.780663090722309221e+02 1.602091400052613190e+00 1.131893932782924139e+02
1.746276252736688832e+02 8.522978081822634167e+00 1.147352496987529804e+02
1.715913442761807630e+02 1.468515726127100685e+01 1.154543846893223531e+02
1.689292721464126998e+02 2.003461348682153442e+01 1.154431472726420793e+02
1.666076411959765835e+02 2.455050533092548903e+01 1.148027382988709348e+02
1.645890593379799327e+02 2.824001252928171013e+01 1.136354106488984996e+02
1.628342272238699593e+02 3.113325895603832549e+01 1.120412976675343515e+02
1.613034129214794916e+02 3.327844722477374262e+01 1.101158543025698577e+02
1.599576831243643937e+02 3.473731037673553601e+01 1.079478793717519807e+02
1.587598972362186771e+02 3.558095840238156882e+01 1.056180757468880671e+02
1.576754765071892166e+02 3.588617224430432628e+01 1.031980970331505461e+02
1.566729648476191983e+02 3.573217560650608959e+01 1.007500240975820986e+02
1.557244010575319919e+02 3.519789557103676714e+01 9.832621235438313079e+01
1.548055241786379383e+02 3.435970883197764891e+01 9.596944981074821612e+01
1.538958349563187937e+02 3.328965562982727278e+01 9.371336708208481525e+01
1.529785375194039716e+02 3.205408832890918092e+01 9.158304237613810983e+01
1.520403835517638527e+02 3.071271783877591588e+01 8.959575082318247041e+01
1.510714370551688148e+02 2.931801955769267209e+01 8.776181976455266920e+01
1.500647862436411799e+02 2.791496987812702102e+01 8.608552482341579548e+01
1.490162201575392942e+02 2.654102228984908152e+01 8.456600698679051220e+01
1.479238676742477310e+02 2.522632171009974300e+01 8.319821767712622318e+01
1.467878592905624089e+02 2.399409835876796393e+01 8.197374120157797961e+01
1.456099520099753306e+02 2.286118432954846824e+01 8.088168089918967496e+01
1.443932069735146513e+02 2.183863788775270365e+01 7.990936182717038605e+01
1.431416650561166648e+02 2.093241470484966982e+01 7.904302384730559083e+01
1.418600514194471600e+02 2.014409082356518255e+01 7.826841640798566857e+01
1.405535198399517753e+02 1.947156870496701231e+01 7.757128700499072238e+01
1.392274234190293498e+02 1.890977436554485180e+01 7.693779836595844301e+01
1.378871167289589721e+02 1.845133221758160147e+01 7.635486451704385047e+01
1.365377990965756112e+02 1.808717138213478748e+01 7.581039353997212515e+01
1.351843858223150221e+02 1.780708326083382431e+01 7.529346768447267380e+01
1.338314082771110805e+02 1.760022559902666472e+01 7.479445974146803167e+01
1.324829469256736161e+02 1.745554219155102871e+01 7.430508436222254431e+01
1.311425868658297986e+02 1.736212085400715566e+01 7.381840621212313636e+01
1.298133945220463943e+02 1.730949377278745160e+01 7.332880744536834072e+01
1.284979161852001823e+02 1.728786071873842189e+01 7.283191892514113874e+01
1.271981900712178799e+02 1.728825654868207451e+01 7.232453161281401322e+01
1.259157717830137955e+02 1.730267727010283352e+01 7.180448378929638409e+01
1.246517696373237527e+02 1.732413269832438374e+01 7.127054449867074482e+01
1.234068867990198726e+02 1.734668880298874782e+01 7.072228121012835800e+01
1.221814671653155528e+02 1.736544261685431323e+01 7.015993895002662839e+01
1.209755470669160076e+02 1.737650053320346899e+01 6.958430196476017215e+01
1.197888991964920962e+02 1.737690367617426901e+01 6.899659452295901474e+01
1.186210905830118492e+02 1.736455893513291571e+01 6.839834036000623030e+01
1.174715169030640709e+02 1.733814986384633627e+01 6.779129524953654595e+01
1.163394582644183828e+02 1.729703147666582552e+01 6.717732443399272313e+01
1.152241078764696454e+02 1.724114449834105045e+01 6.655834996348188781e+01
1.141246142539072252e+02 1.717090256664372205e+01 6.593626879403920782e+01
1.130401062759068793e+02 1.708710929251013866e+01 6.531290936121492052e+01
1.119697230767968676e+02 1.699085543302399515e+01 6.468998104959635498e+01
1.109126310465907181e+02 1.688344777423585086e+01 6.406904956861949074e+01
1.098680435871854257e+02 1.676632255980322483e+01 6.345150961472513984e+01
1.088352306298486667e+02 1.664099058327417424e+01 6.283857599950268735e+01
1.078135292434916153e+02 1.650897093752032774e+01 6.223127540372074407e+01
1.068023473552763249e+02 1.637175202305401811e+01 6.163044861199139746e+01
1.058011664392828663e+02 1.623074846451394393e+01 6.103675697663257438e+01
1.048095415375276787e+02 1.608727327308166011e+01 6.045069141383790168e+01
1.038270977681185911e+02 1.594252035259879818e+01 5.987258789965835604e+01
1.028535277278253943e+02 1.579754166414496019e+01 5.930264219060416764e+01
1.018885852479674270e+02 1.565325255864290632e+01 5.874092561915944799e+01
1.009320792148017887e+02 1.551041702494389440e+01 5.818740724026486077e+01
9.998386790016026282e+01 1.536965757912316199e+01 5.764196652712794844e+01
9.904385182057839643e+01 1.523146301404473135e+01 5.710441088942538812e+01
9.811196496129302602e+01 1.509619034948019589e+01 5.657449967116181000e+01
9.718817082044375866e+01 1.496408177044767918e+01 5.605194973354630150e+01
9.627245570947486897e+01 1.483527674720950884e+01 5.553645030430501350e+01
9.536481978549345229e+01 1.470982591123133965e+01 5.502768362364214028e+01
9.446527550439711263e+01 1.458770236708952517e+01 5.452532558981373967e+01
9.357384250641382550e+01 1.446881581318417531e+01 5.402905549947008979e+01
9.269054033171856588e+01 1.435303075302935838e+01 5.353857054691015094e+01
9.181538866150830813e+01 1.424017204154682759e+01 5.305358332411564959e+01
9.094840415111251275e+01 1.413003704796607352e+01 5.257382672442120963e+01
9.008959568111743010e+01 1.402241227616478980e+01 5.209906183271026237e+01
8.923896555706404854e+01 1.391707447240776574e+01 5.162907417881037020e+01
8.839650811733505975e+01 1.381379912630542428e+01 5.116367484649399699e+01
8.756220742737396279e+01 1.371237262620681463e+01 5.070270295225365231e+01
8.673603876059202378e+01 1.361259060224888628e+01 5.024602201068202589e+01
8.591796857556597899e+01 1.351426215465039249e+01 4.979351858936072261e+01
8.510795397014092600e+01 1.341721760580646361e+01 4.934510127471958896e+01
8.430594401110998604e+01 1.332130575959078556e+01 4.890069781620236711e+01
8.351188050404952889e+01 1.322639334001778977e+01 4.846025312501658533e+01
8.272569874114967092e+01 1.313236940509652229e+01 4.802372568176053136e+01
8.194732830815087254e+01 1.303914409540200303e+01 4.759108566136630003e+01
8.117669398062359676e+01 1.294664389532490922e+01 4.716231395628177125e+01
8.041371667550595248e+01 1.285481268970009516e+01 4.673739911242399359e+01
7.965831506213935143e+01 1.276361081451839574e+01 4.631633306705018782e+01
7.891040578162426300e+01 1.267301390389275006e+01 4.589911090409756866e+01
7.816990401873910344e+01 1.258300750198969276e+01 4.548573099352613980e+01
7.743672399984059496e+01 1.249358844769264998e+01 4.507619310864801321e+01
7.671078079706005326e+01 1.240476073550224889e+01 4.467049465386030960e+01
7.599199044812566228e+01 1.231653481511006731e+01 4.426863055141456016e+01
7.528026954554108841e+01 1.222892610543539682e+01 4.387059487055633156e+01
7.457553565072487345e+01 1.214195457323304339e+01 4.347637978027032091e+01
7.387770851669249339e+01 1.205564067724743893e+01 4.308597338052507553e+01
7.318671015401510260e+01 1.197000482481247019e+01 4.269935968749152266e+01
7.250246420171686168e+01 1.188506785723881620e+01 4.231652023281892383e+01
7.182489598666522568e+01 1.180085094491553299e+01 4.193743391969896095e+01
7.115393311544977450e+01 1.171737258617477728e+01 4.156207628118088593e+01
7.048950546234175363e+01 1.163464820108183417e+01 4.119041963635736181e+01
6.983154473340630375e+01 1.155269096022471942e+01 4.082243403231207424e+01
6.917998425389944828e+01 1.147151274885289496e+01 4.045808753121014689e+01
6.853475912850976215e+01 1.139112232994481211e+01 4.009734630004476230e+01
6.789580609314151616e+01 1.131152508803507573e+01 3.974017508698925383e+01
6.726306344196625275e+01 1.123272319337451641e+01 3.938653736775448522e+01
6.663647053752768556e+01 1.115471736137012115e+01 3.903639613337588088e+01
6.601596821174747731e+01 1.107750619149780569e+01 3.868971299764454841e+01
6.540149821564133958e+01 1.100108617232466024e+01 3.834644965186816279e+01
6.479300310632156368e+01 1.092545183137123388e+01 3.800656812176768540e+01
