2.540000000000000000e+02 7.000000000000000000e+00 0.000000000000000000e+00
2.535673124940026639e+02 -1.396903538155059543e+01 3.238181700857600820e+00
2.518301337354433258e+02 -2.981203961821967496e+01 8.738162127528475764e+00
2.490277596318012741e+02 -4.107485449134762234e+01 1.589779035151826214e+01
2.453836072454607233e+02 -4.832374630027952378e+01 2.418390940999440986e+01
2.411021846314921504e+02 -5.212630783109806742e+01 3.313371313383285610e+01
2.363671434522238712e+02 -5.303593766657368747e+01 4.235395085293012585e+01
2.313402589007819188e+02 -5.157962040118187730e+01 5.151841078579587929e+01
2.261611902815453448e+02 -4.824871721409741809e+01 6.036407319727757681e+01
2.209478820584226924e+02 -4.349244994874673864e+01 6.868628709189124493e+01
2.157974739537071400e+02 -3.771374666910269724e+01 7.633328410071747783e+01
2.107875996379708283e+02 -3.126711594829207996e+01 8.320030248415628193e+01
2.059779652254566997e+02 -2.445822374902264684e+01 8.922355455645958955e+01
2.014121126381172928e+02 -1.754486104836180260e+01 9.437422715772613913e+01
1.971192920080507918e+02 -1.073902700638392993e+01 9.865265322675575987e+01
1.931163557903613537e+02 -4.209845951337017667e+00 1.020828315356270224e+02
1.894096374336014605e+02 1.912912312144257942e+00 1.047073131054718687e+02
1.859967576241535028e+02 7.534912075281755328e+00 1.065825598943617365e+02
1.828683239750886287e+02 1.259311892755005857e+01 1.077748050870460759e+02
1.800095003118154864e+02 1.705160106640659023e+01 1.083564276301501224e+02
1.774014272247530357e+02 2.089739098014619145e+01 1.084028437063228267e+02
1.750224827138409864e+02 2.413651028266962939e+01 1.079899035430289445e+02
1.728493801580471256e+02 2.679023125217872092e+01 1.071917659820650925e+02
1.708581043655387077e+02 2.889163192924145918e+01 1.060792188321492233e+02
1.690246909935200108e+02 3.048248225658710098e+01 1.047184062734823584e+02
1.673258579027615838e+02 3.161048256590139260e+01 1.031699208206759693e+02
1.657394993932323359e+02 3.232686198778687015e+01 1.014882156268530338e+02
1.642450557578134749e+02 3.268433349056905968e+01 9.972129300210403358e+01
1.628237710895047883e+02 3.273539748441961450e+01 9.791062563226697080e+01
1.614588543134268832e+02 3.253096930686260890e+01 9.609126801754453595e+01
1.601355578918097535e+02 3.211930559578915023e+01 9.429211773699243793e+01
1.588411862971383357e+02 3.154520045558169627e+01 9.253629691855094563e+01
1.575650462145873689e+02 3.084943786859607684e+01 9.084161680662076321e+01
1.562983547926919243e+02 3.006845265885268148e+01 8.922108979674260354e+01
1.550341119329283686e+02 2.923415213258870793e+01 8.768349144742890644e+01
1.537669485645955092e+02 2.837393037931492046e+01 8.623391204052100534e+01
1.524929638491153128e+02 2.751076045951646876e+01 8.487430893249158714e+01
1.512095436628214884e+02 2.666342617512213309e+01 8.360405620346794819e+01
1.499151922126367253e+02 2.584678701576744686e+01 8.242042889367850478e+01
1.486093508856386336e+02 2.507213590182093199e+01 8.131908661810636829e+01
1.472922419854014322e+02 2.434754702594327114e+01 8.029447058709824603e+01
1.459647019626091264e+02 2.367828321281384163e+01 7.934020876368408892e+01
1.446280496591803910e+02 2.306716555830978166e+01 7.844941140564932880e+01
1.432839495088016406e+02 2.251496902432128167e+01 7.761497185574461355e+01
1.419343009833275460e+02 2.202078387235562218e+01 7.682978818526800069e+01
1.405811414388033143e+02 2.158234900652800192e+01 7.608694989795341712e+01
1.392265572292546665e+02 2.119638331452526359e+01 7.537989519963149121e+01
1.378726212683066592e+02 2.085884497959203188e+01 7.470250782450006000e+01
1.365213305900697378e+02 2.056520266757807036e+01 7.404920776063865162e+01
1.351745679620277656e+02 2.031063514468172926e+01 7.341499012162607585e+01
1.338340674006846598e+02 2.009022115715968582e+01 7.279545463841517972e+01
1.325013924419143905e+02 1.989909278751373733e+01 7.218680691571428554e+01
1.311779243472219605e+02 1.973254684311171303e+01 7.158584463845659229e+01
1.298648540989371725e+02 1.958615356615158376e+01 7.098993118769423916e+01
1.285631853021762936e+02 1.945580796618428465e+01 7.039695854848991985e+01
1.272737375048984774e+02 1.933779573972789834e+01 6.980530117454730998e+01
1.259971569901542381e+02 1.922880246946989047e+01 6.921377146628272214e+01
1.247339289306207633e+02 1.912594215251789009e+01 6.862156028561257415e+01
1.234843903951497310e+02 1.902674318419264665e+01 6.802819620150471280e+01
1.222487482783644737e+02 1.892913949359159531e+01 6.743348393069219071e+01
1.210270946324295522e+02 1.883145452409183918e+01 6.683745603531825452e+01
1.198194202887152500e+02 1.873236516647300931e+01 6.624034122575052663e+01
1.186256368819196325e+02 1.863087270465878476e+01 6.564249807465618858e+01
1.174455862043413674e+02 1.852627167567530364e+01 6.504439651851851067e+01
1.162790559564102324e+02 1.841811045220143583e+01 6.444658002099907890e+01
1.151257966498257446e+02 1.830615133817485685e+01 6.384962373776412647e+01
1.139855261051597068e+02 1.819034711651633884e+01 6.325412996411147049e+01
1.128579458193881635e+02 1.807079481260463538e+01 6.266069151583722174e+01
1.117427482780405228e+02 1.794770889964361160e+01 6.206987851345796514e+01
1.106396209177651855e+02 1.782140119162868785e+01 6.148223407425393106e+01
1.095482581052055906e+02 1.769223898154674046e+01 6.089825161541327958e+01
1.084683615288410437e+02 1.756063670694524603e+01 6.031837766647225862e+01
1.073996450966592704e+02 1.742703230746974086e+01 5.974300591649902259e+01
1.063418397215240105e+02 1.729186422470546702e+01 5.917247134748277659e+01
1.052946918053725227e+02 1.715557063307972996e+01 5.860705619007958944e+01
1.042579667853830756e+02 1.701856813148030412e+01 5.804698774188845789e+01
1.032314491316235205e+02 1.688124574010044654e+01 5.749244142578032069e+01
1.022149408759825491e+02 1.674396574423188611e+01 5.694354574933112190e+01
1.012082625214630127e+02 1.660705013445487666e+01 5.640038585341377342e+01
1.002112515953976128e+02 1.647078232782717322e+01 5.586300793426543265e+01
9.922376109608846662e+01 1.633541076934584169e+01 5.533142309426493455e+01
9.824565828193672701e+01 1.620114290247513722e+01 5.480561482625474667e+01
9.727682338506164683e+01 1.606814691829481845e+01 5.428554282830261712e+01
9.631714829215890461e+01 1.593655894539893225e+01 5.377114416660922558e+01
9.536653487379147975e+01 1.580648268593633077e+01 5.326233955377641394e+01
9.442489249904055271e+01 1.567799169771756063e+01 5.275904127120720233e+01
9.349213766662654734e+01 1.555113147915699834e+01 5.226115345144777535e+01
9.256819301653160892e+01 1.542592736386338537e+01 5.176857164792946264e+01
9.165298598528305263e+01 1.530238375160564068e+01 5.128118812792483538e+01
9.074644644404352789e+01 1.518049039861093696e+01 5.079889728518878655e+01
8.984850659455146626e+01 1.506022379923222054e+01 5.032159530405032655e+01
8.895910132621396826e+01 1.494154851645833126e+01 4.984917814592972718e+01
8.807816638316373314e+01 1.482442142989236444e+01 4.938154605890855464e+01
8.720563720383155726e+01 1.470879599054048192e+01 4.891860562190596085e+01
8.634144920172981585e+01 1.459462225264414315e+01 4.846026868251372832e+01
8.548553828906820229e+01 1.448184619810222173e+01 4.800645076213296392e+01
8.463783950432561198e+01 1.437041445909712145e+01 4.755707361707747793e+01
8.379828668024730121e+01 1.426027624828867957e+01 4.711206543650996537e+01
8.296681285181522014e+01 1.415138260781717428e+01 4.667135971015530771e+01
8.214335067527444778e+01 1.404368513296003051e+01 4.623489433571592144e+01
8.132783178127647261e+01 1.393713929423510223e+01 4.580261221786317094e+01
8.052018676183858759e+01 1.383170522364856048e+01 4.537446088007971667e+01
7.972034540384844092e+01 1.372734711460980783e+01 4.495039189872978369e+01
7.892823720337511872e+01 1.362403119051795919e+01 4.453036005145505527e+01
7.814379105510384704e+01 1.352172741797994782e+01 4.411432352968237325e+01
7.736693551238452926e+01 1.342040981638487196e+01 4.370224274827950950e+01
7.659759879640309066e+01 1.332005644564096691e+01 4.329408031689573733e+01
7.583570918666023886e+01 1.322064817167190398e+01 4.288980019331559390e+01
7.508119491301090420e+01 1.312216773610004061e+01 4.248936861600008541e+01
7.433398407986970824e+01 1.302460086482431656e+01 4.209275374641429579e+01
7.359400528335049785e+01 1.292793521216118968e+01 4.169992382177156998e+01
7.286118761304204838e+01 1.283216035668061572e+01 4.131084715036764976e+01
7.213546065200816315e+01 1.273726780120605007e+01 4.092549211158066669e+01
7.141675451826068866e+01 1.264325055983552026e+01 4.054382720318422173e+01
7.070499989238567196e+01 1.255010112284438861e+01 4.016582195533398192e+01
7.000012772670933714e+01 1.245781433627368884e+01 3.979144656272292480e+01
6.930206978851195743e+01 1.236638538292738154e+01 3.942067076538203452e+01
6.861075872503265316e+01 1.227580936937214240e+01 3.905346380358064806e+01
6.792612806346956233e+01 1.218608132593735327e+01 3.868979441782651207e+01
6.724811221031610842e+01 1.209719620668215789e+01 3.832963085113005519e+01
6.657664614708595252e+01 1.200914914475572282e+01 3.797294179601496467e+01
6.591166536200763915e+01 1.192193598645512864e+01 3.761969642435276739e+01
6.525310621964550251e+01 1.183555231897381610e+01 3.726986342239254668e+01
6.460090588502023934e+01 1.174999322386709721e+01 3.692341132632795819e+01
