2.540000000000000000e+02 7.000000000000000000e+00 0.000000000000000000e+00
2.537390436286522402e+02 -1.007262794978182718e+01 3.292806663650401866e+00
2.524425154929051871e+02 -2.269007145839172068e+01 8.380979504886081344e+00
2.503017071579341746e+02 -3.146560065996600386e+01 1.475809687597681830e+01
2.474893997170451030e+02 -3.697808509109148645e+01 2.199030419440961026e+01
2.441595689420722408e+02 -3.976543562259875841e+01 2.971176389947191510e+01
2.404475894442137474e+02 -4.032033164660916924e+01 3.761943855517899493e+01
2.364708316664900565e+02 -3.908786663511016712e+01 4.546746231450584474e+01
2.323295585538377281e+02 -3.646478112725022669e+01 5.306131604791966083e+01
2.281080402508182203e+02 -3.279997969888343334e+01 6.025198215488408948e+01
2.238758167192650035e+02 -2.839605977212049481e+01 6.693021918971467699e+01
2.196890493314763830e+02 -2.351161311208106497e+01 7.302106429989919434e+01
2.155919112131171858e+02 -1.836408936799572800e+01 7.847864898525298827e+01
2.116179773317548154e+02 -1.313304310634266869e+01 8.328138036722320692e+01
2.077915779131876661e+02 -7.963601879548026119e+00 8.742754073862757025e+01
2.041290978539257708e+02 -2.970045097770579900e+00 9.093129925695264149e+01
2.006401961498191326e+02 1.760626574490707030e+00 9.381916926532581158e+01
1.973289373214863929e+02 6.165203088248776275e+00 9.612688866785605057e+01
1.941948233626491458e+02 1.020093064221071977e+01 9.789671975326356801e+01
1.912337247440654551e+02 1.384237039827425875e+01 9.917513947763559656e+01
1.884387073501945906e+02 1.707849008735912477e+01 1.000109001663700496e+02
1.858007576494812838e+02 1.991000763924557049e+01 1.004534293928326747e+02
1.833094099000151118e+02 2.234699736539648995e+01 1.005515374293144504e+02
1.809532804058983118e+02 2.440676201450562033e+01 1.003524006119977940e+02
1.787205152165429070e+02 2.611196638246384083e+01 9.990078838661457894e+01
1.765991584717150715e+02 2.748902242705799637e+01 9.923850263507834768e+01
1.745774487318573165e+02 2.856671288003662568e+01 9.840399991411318581e+01
1.726440498523348310e+02 2.937504261721419141e+01 9.743216952281612464e+01
1.707882260488186716e+02 2.994429081873693832e+01 9.635423816624508220e+01
1.689999684687622619e+02 3.030424428805709525e+01 9.519777827430233685e+01
1.672700784150892730e+02 3.048359857519434968e+01 9.398680340326875182e+01
1.655902127645082373e+02 3.050952022347754777e+01 9.274192556258461195e+01
1.639529047492719371e+02 3.040730924413916370e+01 9.148055742210499375e+01
1.623515562641819088e+02 3.020018678783395316e+01 9.021715751359103308e+01
1.607804128900747855e+02 2.990918467219925958e+01 8.896347698179988583e+01
1.592345244599913485e+02 2.955307590092015957e+01 8.772884958290958934e+01
1.577096955041707247e+02 2.914841741722801061e+01 8.652043268334030302e+01
1.562024240550776142e+02 2.870958778085782725e+01 8.534351921173028188e+01
1.547098466561880059e+02 2.824890718285239188e+01 8.420173621971578370e+01
1.532296629352153161e+02 2.777676264203395817e+01 8.309735463610896034e+01
1.517600822480486897e+02 2.730174805449103914e+01 8.203145951492498966e+01
1.502997512785213701e+02 2.683083995699503532e+01 8.100419459236091768e+01
1.488477004612970802e+02 2.636954513319833993e+01 8.001492660956080272e+01
1.474032799573387535e+02 2.592208501230280859e+01 7.906243407095662690e+01
1.459661127765813546e+02 2.549154052227630274e+01 7.814503610071361095e+01
1.445360399359145447e+02 2.508002653110301239e+01 7.726073846288207392e+01
1.431130821183463127e+02 2.468882159807322196e+01 7.640732823565100773e+01
1.416973951750436242e+02 2.431852214167364679e+01 7.558248028458962153e+01
1.402892404703885347e+02 2.396915148517612693e+01 7.478382222536659185e+01
1.388889505934608621e+02 2.364028864111572403e+01 7.400900696624530894e+01
1.374969078596454040e+02 2.333115441881783170e+01 7.325575308760366511e+01
1.361135192369573019e+02 2.304071396916132031e+01 7.252188991930898965e+01
1.347392016654831934e+02 2.276774153099426101e+01 7.180537944902388858e+01
1.333743656066934875e+02 2.251089539351587732e+01 7.110433857448141737e+01
1.320194048213846827e+02 2.226876792970980290e+01 7.041704963644704662e+01
1.306746881648873000e+02 2.203993075396925505e+01 6.974196410418723246e+01
1.293405515735320535e+02 2.182297847854033535e+01 6.907770650521871403e+01
1.280172969800022145e+02 2.161654409548703981e+01 6.842306592498921702e+01
1.267051860912169445e+02 2.141933888447741197e+01 6.777699339067689266e+01
1.254044427186551758e+02 2.123015055275863006e+01 6.713859034652601565e+01
1.241152509638729668e+02 2.104786568741646136e+01 6.650709755333295448e+01
1.228377562154500993e+02 2.087147532131058369e+01 6.588188407356821585e+01
1.215720681414776720e+02 2.070006818308180385e+01 6.526243662305725479e+01
1.203182619218226961e+02 2.053284208901734686e+01 6.464834163552956170e+01
1.190763811111718553e+02 2.036909697296684740e+01 6.403927555996813226e+01
1.178464399598057071e+02 2.020822599755806692e+01 6.343500007901433690e+01
1.166284279063949185e+02 2.004971412165852840e+01 6.283533778696902772e+01
1.154223115556775241e+02 1.989313408991068144e+01 6.224016471359382052e+01
1.142280372584596080e+02 1.973813275082939711e+01 6.164940862239266295e+01
1.130455334294744461e+02 1.958442818510732764e+01 6.106303848080012386e+01
1.118747160288779412e+02 1.943179702096795936e+01 6.048104522025289498e+01
1.107154892284177095e+02 1.928007100678102148e+01 5.990344118689218789e+01
1.095677461843096978e+02 1.912913023944147639e+01 5.933026214072298643e+01
1.084313729617922064e+02 1.897889423369896278e+01 5.876155331707148122e+01
1.073062512184423838e+02 1.882931277533052139e+01 5.819736278428415233e+01
1.061922579524220680e+02 1.868036485832202231e+01 5.763774386061221122e+01
1.050892667714971651e+02 1.853205405053649457e+01 5.708275224068408704e+01
1.039971510565142268e+02 1.838439752323935039e+01 5.653243831520420315e+01
1.029157840843535467e+02 1.823742483348381427e+01 5.598684759998144500e+01
1.018450385181010915e+02 1.809117865669276881e+01 5.544602291092569146e+01
1.007847886360266898e+02 1.794570635478917353e+01 5.490999958571674000e+01
9.973491111184119973e+01 1.780105643678347960e+01 5.437880435015548386e+01
9.869528432670216489e+01 1.765728031419836697e+01 5.385245753866141172e+01
9.766578859122999745e+01 1.751443113776930005e+01 5.333097289312698308e+01
9.664630733035048138e+01 1.737255807542483410e+01 5.281435613105306004e+01
9.563672708072341777e+01 1.723170597009326954e+01 5.230260525995522869e+01
9.463693670714572193e+01 1.709191792273098898e+01 5.179571255583051226e+01
9.364682771477777123e+01 1.695323384599242544e+01 5.129366411388311775e+01
9.266629456233388851e+01 1.681568776199072346e+01 5.079644049389432325e+01
9.169523462566448302e+01 1.667930777603912063e+01 5.030401693764668636e+01
9.073354759855200768e+01 1.654411815898075844e+01 4.981636475270890685e+01
8.978113553636791266e+01 1.641013977960457737e+01 4.933345069230006885e+01
8.883790279120320577e+01 1.627738865296714366e+01 4.885523850895845754e+01
8.790375585084559873e+01 1.614587609722436667e+01 4.838168966753563183e+01
8.697860332911243120e+01 1.601560876551683066e+01 4.791276336794526003e+01
8.606235540195083900e+01 1.588659091760494135e+01 4.744841751635065918e+01
8.515492424968684304e+01 1.575882362754808064e+01 4.698860708132687591e+01
8.425622366568339316e+01 1.563230481981713460e+01 4.653328605901747039e+01
8.336616866607381837e+01 1.550703030013228023e+01 4.608240860863865862e+01
8.248467548976167052e+01 1.538299375546297831e+01 4.563592905247927689e+01
8.161166159778254325e+01 1.526018675773469191e+01 4.519380187573848673e+01
8.074704553514440875e+01 1.513860000670532102e+01 4.475598126404605637e+01
7.989074721329406259e+01 1.501822244523594740e+01 4.432242041074056260e+01
7.904268752425750222e+01 1.489904165691125115e+01 4.389307315238011142e+01
7.820278806305209685e+01 1.478104504678417719e+01 4.346789430901914386e+01
7.737097112768694274e+01 1.466421984137594237e+01 4.304683968420854967e+01
7.654715971916247952e+01 1.454855308867604613e+01 4.262986606499553233e+01
7.573127766553203344e+01 1.443403150872058305e+01 4.221693060212289339e+01
7.492324980512240984e+01 1.432064093753257694e+01 4.180799034743704823e+01
7.412300159881374384e+01 1.420836728668220772e+01 4.140300341416642738e+01
7.333045907436877542e+01 1.409719691686276555e+01 4.100192880090104097e+01
7.254554882647624936e+01 1.398711663795780424e+01 4.060472639120052918e+01
7.176819801675092947e+01 1.387811370904115549e+01 4.021135695359412665e+01
7.099833445286527933e+01 1.377017560449131572e+01 3.982178184758442541e+01
7.023588675602795206e+01 1.366328942587476547e+01 3.943596269417170674e+01
6.948078412292269945e+01 1.355744264109844543e+01 3.905386197965306394e+01
6.873295631575312825e+01 1.345262318660970458e+01 3.867544278490546361e+01
6.799233366330344097e+01 1.334881946483733905e+01 3.830066877920932455e+01
6.725884706093822274e+01 1.324602034419158336e+01 3.792950422024848933e+01
6.653242797060258340e+01 1.314421515906409965e+01 3.756191395411023848e+01
6.581300850380668521e+01 1.304339335141689027e+01 3.719786313376158660e+01
6.510052148264533400e+01 1.294354421647189390e+01 3.683731732485548349e+01
6.439490027174228715e+01 1.284465755224081640e+01 3.648024283866285344e+01
6.369607882900776019e+01 1.274672340431955675e+01 3.612660631021668678e+01
