2.540000000000000000e+02 7.000000000000000000e+00 0.000000000000000000e+00
2.539067872889582418e+02 -6.356400343234946071e+00 3.035643988475587474e+00
2.530146617075412507e+02 -1.605389833847608472e+01 7.440888477526670819e+00
2.514847766155313593e+02 -2.270589120086071588e+01 1.282350667576985792e+01
2.494555719439785264e+02 -2.685011188260628501e+01 1.885784797792424428e+01
2.470450955088549563e+02 -2.895493587820900316e+01 2.527653193956643918e+01
2.443532016611171969e+02 -2.942561561221065602e+01 3.186285594593994475e+01
2.414636154580595075e+02 -2.861034866425630341e+01 3.844389391287101176e+01
2.384458523093678934e+02 -2.680610099652568934e+01 4.488426767497284686e+01
2.353569883095265425e+02 -2.426412911282084650e+01 5.108056283273099041e+01
2.322432802421818678e+02 -2.119516227775582706e+01 5.695635464294532824e+01
2.291416377318639945e+02 -1.777422222805259722e+01 6.245780423664488268e+01
2.260809519499029250e+02 -1.414506856562902470e+01 6.754978434214466176e+01
2.230832870288750769e+02 -1.042426761300370153e+01 7.221249253991200590e+01
2.201649415081443237e+02 -6.704889776154319136e+00 7.643851020500842708e+01
2.173373887131861864e+02 -3.059848916779300154e+00 8.023026402516255473e+01
2.146081029944500074e+02 4.551071368833881636e-01 8.359785510804451292e+01
2.119812834885193809e+02 3.798726903481718598e+00 8.655721010211333066e+01
2.094584813972472546e+02 6.941896216417160481e+00 8.912852643082337067e+01
2.070391423740816208e+02 9.865557934664394679e+00 9.133497061947288387e+01
2.047210704019196612e+02 1.255889568029466830e+01 9.320160410069942714e+01
2.025008222608971664e+02 1.501775554901275811e+01 9.475450534868762986e+01
2.003740400941780706e+02 1.724328430898595599e+01 9.602006262092167788e+01
1.983357291639390212e+02 1.924076305075565330e+01 9.702441379358995732e+01
1.963804876292008714e+02 2.101861512843693092e+01 9.779301158350700973e+01
1.945026946882690879e+02 2.258756787725207715e+01 9.835029491880247576e+01
1.926966611942285965e+02 2.395995660592976506e+01 9.871945211520294094e+01
1.909567490325029269e+02 2.514914920640566720e+01 9.892225816993195053e+01
1.892774654931079965e+02 2.616906812782081815e+01 9.897897052891576664e+01
1.876535332756650405e+02 2.703380977341594260e+01 9.890827915634476142e+01
1.860799394446850386e+02 2.775735394566304137e+01 9.872729731062017322e+01
1.845519739743657794e+02 2.835331203927263388e+01 9.845157854680437026e+01
1.830652483112801576e+02 2.883476636733624332e+01 9.809516640745141558e+01
1.816157087519908089e+02 2.921413179499083057e+01 9.767065400661037700e+01
1.801996376743319104e+02 2.950307012266687678e+01 9.718926627045564715e+01
1.788136500936990672e+02 2.971243582055879529e+01 9.666093926172379724e+01
1.774546828690972973e+02 2.985224753671569431e+01 9.609441968789553812e+01
1.761199829344265027e+02 2.993167648223759159e+01 9.549735291097530876e+01
1.748070892892571635e+02 2.995907038896756092e+01 9.487637367464158444e+01
1.735138145124558093e+02 2.994195794733003169e+01 9.423722046132911601e+01
1.722382290153871907e+02 2.988709856265612430e+01 9.358478447970597358e+01
1.709786352648349634e+02 2.980052033685776536e+01 9.292323563580114865e+01
1.697335502591259058e+02 2.968755879407605747e+01 9.225609457953041215e+01
1.685016895205355354e+02 2.955291021594277723e+01 9.158627959841633981e+01
1.672819406731177878e+02 2.940068776766022296e+01 9.091621763025248981e+01
1.660733512546883617e+02 2.923446080928567170e+01 9.024788133263257350e+01
1.648751098642417503e+02 2.905730906824020821e+01 8.958285341033914051e+01
1.636865264557631576e+02 2.887187804787683021e+01 8.892239513737703760e+01
1.625070243903533367e+02 2.868040755037255352e+01 8.826746748420367794e+01
1.613361193439235137e+02 2.848479460616407621e+01 8.761880063972449761e+01
1.601734111439368746e+02 2.828662127639532287e+01 8.697691728358122987e+01
1.590185725073363301e+02 2.808719224928960401e+01 8.634216549273234875e+01
1.578713345710227998e+02 2.788758175635614123e+01 8.571476248355800465e+01
1.567314837802322529e+02 2.768864644968349964e+01 8.509480107561586237e+01
1.555988487120754371e+02 2.749107000344214313e+01 8.448228754181209865e+01
1.544732942298705609e+02 2.729538426210035595e+01 8.387715696306213431e+01
1.533547179638004536e+02 2.710198307242441373e+01 8.327928130903626425e+01
1.522430398131648417e+02 2.691115961933111933e+01 8.268849768955645629e+01
1.511382008624039202e+02 2.672311169034297507e+01 8.210460978052402936e+01
1.500401591196942661e+02 2.653795813983688490e+01 8.152739790620759663e+01
1.489488829190566435e+02 2.635576372220316799e+01 8.095663534772671710e+01
1.478643513921708177e+02 2.617653855614766556e+01 8.039208586125629097e+01
1.467865510539322145e+02 2.600025181651121642e+01 7.983351122435473712e+01
1.457154715929008546e+02 2.582684855538161628e+01 7.928068060374954484e+01
1.446511067243033324e+02 2.565624737043211567e+01 7.873336751126187494e+01
1.435934525676711360e+02 2.548834748041362630e+01 7.819135278131558664e+01
1.425425045101226260e+02 2.532304208021583136e+01 7.765443067689420786e+01
1.414982576719182816e+02 2.516021717796831680e+01 7.712240710856556802e+01
1.404607073216485276e+02 2.499975044113107359e+01 7.659509816838202312e+01
1.394298465038878589e+02 2.484152208463762435e+01 7.607233390494037906e+01
1.384056657430419364e+02 2.468541664180859385e+01 7.555395835443987096e+01
1.373881541064054090e+02 2.453131907929910582e+01 7.503982678068409484e+01
1.363772986793299822e+02 2.437911739035902059e+01 7.452980630895183367e+01
1.353730837375757972e+02 2.422870756841993511e+01 7.402377598191172581e+01
1.343754908168824329e+02 2.407999355141479469e+01 7.352162636511853577e+01
1.333844996107992529e+02 2.393288370813802146e+01 7.302325745777737609e+01
1.324000877076355778e+02 2.378729187332680084e+01 7.252857929295161910e+01
1.314222304662402792e+02 2.364313974094952542e+01 7.203751016875968105e+01
1.304509010793685206e+02 2.350035683102736073e+01 7.154997626945943523e+01
1.294860708377979392e+02 2.335887960257914386e+01 7.106591088848578863e+01
1.285277097015787149e+02 2.321864848811003412e+01 7.058525387498583825e+01
1.275757857493126437e+02 2.307961027803873577e+01 7.010795266694812256e+01
1.266302658827790708e+02 2.294171716141426742e+01 6.963395869651608905e+01
1.256911158700037277e+02 2.280492661920773045e+01 6.916322722231141995e+01
1.247583003452587889e+02 2.266920142431231255e+01 6.869571732943420272e+01
1.238317830528191621e+02 2.253450854126291958e+01 6.823139150558961319e+01
1.229115271129784190e+02 2.240081695532330031e+01 6.777021621222127123e+01
1.219974943331291541e+02 2.226810132778305018e+01 6.731216248449469219e+01
1.210896462440616119e+02 2.213633877439124831e+01 6.685720256664980354e+01
1.201879441649548426e+02 2.200550861788565626e+01 6.640530974984567081e+01
1.192923492033767019e+02 2.187559238799268613e+01 6.595645837216059704e+01
1.184028222552837946e+02 2.174657382142744311e+01 6.551062381859213701e+01
1.175193239832833285e+02 2.161843838266992179e+01 6.506778314420499498e+01
1.166418145006906428e+02 2.149117404216185889e+01 6.462791630861474346e+01
1.157702538253070088e+02 2.136477070631283581e+01 6.419100382313594366e+01
1.149046021692772968e+02 2.123921884696312290e+01 6.375702627094194952e+01
1.140448199395979572e+02 2.111450949714089020e+01 6.332596430808479226e+01
1.131908677381170918e+02 2.099063425106221104e+01 6.289779866349525150e+01
1.123427063579888170e+02 2.086758526955475901e+01 6.247251015514059702e+01
1.115002965236667052e+02 2.074535586760296013e+01 6.205008071826370752e+01
1.106635989074172954e+02 2.062394068024707394e+01 6.163049316281967549e+01
1.098325744851668162e+02 2.050333445908741936e+01 6.121373008239396540e+01
1.090071845296513118e+02 2.038353196929652356e+01 6.079977397766577241e+01
1.081873906104165144e+02 2.026452798961907220e+01 6.038860725640803651e+01
1.073731545938178016e+02 2.014631731237195567e+01 5.998021223348745679e+01
1.065644386274746438e+02 2.002889478082325780e+01 5.957457118399570817e+01
1.057612049411664401e+02 1.991225589939878304e+01 5.917166695461384762e+01
1.049634159712231991e+02 1.979639657114429951e+01 5.877148250872821933e+01
1.041710344622305939e+02 1.968131257920245147e+01 5.837400071261674128e+01
1.033840234570592855e+02 1.956699958670064632e+01 5.797920438161638401e+01
1.026023462968649653e+02 1.945345313675105814e+01 5.758707628012329849e+01
1.018259666210883410e+02 1.934066865245062061e+01 5.719759912159270954e+01
1.010548483674550653e+02 1.922864143688103056e+01 5.681075556853896558e+01
1.002889557159872993e+02 1.911736683998793040e+01 5.642652838139782290e+01
9.952825297445892261e+01 1.900684071530639585e+01 5.604490069290795873e+01
9.877270477415413552e+01 1.889705878846657328e+01 5.566585548635814717e+01
9.802227601053999706e+01 1.878801670246567568e+01 5.528937577967140271e+01
9.727693183836549906e+01 1.867971002945154879e+01 5.491544463905481877e+01
9.653663767166172249e+01 1.857213427072266754e+01 5.454404517899958194e+01
9.580135918374162429e+01 1.846528485672815023e+01 5.417516056228092225e+01
9.507106230720022211e+01 1.835915714706775503e+01 5.380877399995815580e+01
9.434571323391452324e+01 1.825374643049186929e+01 5.344486875137464921e+01
9.362527839126352092e+01 1.814904798871046054e+01 5.308342817105815925e+01
9.290972431907742646e+01 1.804505751682824766e+01 5.272443593739686918e+01
