2.540000000000000000e+02 7.000000000000000000e+00 0.000000000000000000e+00
2.528283618695081429e+02 -1.487451398401118396e+00 1.593127493857180221e+00
2.511789775966274476e+02 -7.615060200331852158e+00 4.026243696725021692e+00
2.491654330684249601e+02 -1.186483062078325368e+01 7.082313938148730337e+00
2.468788645677347802e+02 -1.462615377910186432e+01 1.058796201962844563e+01
2.443922396108808357e+02 -1.621335293998031091e+01 1.440511095532754737e+01
2.417638285342508482e+02 -1.687991720154260733e+01 1.842420550643542398e+01
2.390400190540253220e+02 -1.683004630437147142e+01 2.255871889198238733e+01
2.362575970466180308e+02 -1.622801071806816964e+01 2.674070271567139301e+01
2.334455975079925452e+02 -1.520575231294481533e+01 3.091717687764144884e+01
2.306268029278033396e+02 -1.386904152879945329e+01 3.504720845891108638e+01
2.278189577228012297e+02 -1.230247189382311213e+01 3.909954538892512232e+01
2.250357522035916418e+02 -1.057351066626812575e+01 4.305070035888783764e+01
2.222876193655929171e+02 -8.735782713237458807e+00 4.688340035177058240e+01
2.195823799387630402e+02 -6.831732613258618692e+00 5.058533252252309609e+01
2.169257643704369229e+02 -4.894782316153504453e+00 5.414813037890095160e+01
2.143218349905955336e+02 -2.951079498972454029e+00 5.756655481880927994e+01
2.117733272511214295e+02 -1.020913932681161373e+00 6.083783310044749015e+01
2.092819255609612412e+02 8.801345943635718871e-01 6.396112541402379748e+01
2.068484856015866455e+02 2.740268179523919212e+00 6.693709582064384733e+01
2.044732139362942007e+02 4.550718221598570423e+00 6.976756644085796211e+01
2.021558124874381406e+02 6.305137366140309396e+00 7.245524008491381096e+01
1.998955948568737426e+02 7.999107389732603934e+00 7.500347770463572772e+01
1.976915796399103158e+02 9.629741941374255987e+00 7.741612060181559229e+01
1.955425651531179199e+02 1.119536604488139098e+01 7.969734875515798933e+01
1.934471896342595869e+02 1.269525562211614123e+01 8.185156737320629361e+01
1.914039789654846970e+02 1.412942869520853506e+01 8.388331764854149242e+01
1.894113835890281337e+02 1.549848174207385121e+01 8.579720835936805656e+01
1.874678102691048025e+02 1.680344703743983104e+01 8.759785757599460965e+01
1.855716440819728632e+02 1.804569125922331452e+01 8.928985308573810187e+01
1.837212677089667636e+02 1.922682534317846148e+01 9.087771802619816697e+01
1.819150758205625493e+02 2.034863453968366542e+01 9.236588607947409457e+01
1.801514854653346731e+02 2.141302641274612739e+01 9.375868399922183016e+01
1.784289449554937619e+02 2.242198392499343385e+01 9.506031739455804086e+01
1.767459400635910924e+02 2.337753130635752896e+01 9.627486123775898363e+01
1.751009973479091570e+02 2.428171191123511719e+01 9.740625591274049100e+01
1.734926896473656086e+02 2.513655544240659978e+01 9.845829954717473242e+01
1.719196348561597176e+02 2.594407841383456770e+01 9.943465176612563994e+01
1.703804999088731904e+02 2.670625591004223764e+01 1.003388294654159267e+02
1.688740001511650917e+02 2.742501915328874773e+01 1.011742095364566012e+02
1.673988983868193543e+02 2.810225431200820623e+01 1.019440322482534782e+02
1.659540060943304809e+02 2.873978550872668336e+01 1.026514024556183244e+02
1.645381818583924769e+02 2.933937810806119018e+01 1.032992935989147298e+02
1.631503300628013449e+02 2.990274176968729947e+01 1.038905509435114425e+02
1.617893999696813410e+02 3.043152075076615759e+01 1.044278973982072358e+02
1.604543848013154843e+02 3.092729386801889646e+01 1.049139364422713925e+02
1.591443199055424031e+02 3.139158184297997778e+01 1.053511557585626974e+02
1.578582821661921685e+02 3.182584496626715520e+01 1.057419298023755374e+02
1.565953868209767279e+02 3.223148221075853570e+01 1.060885301707550781e+02
1.553547871490660555e+02 3.260983154634723036e+01 1.063931265006257547e+02
1.541356721838080261e+02 3.296217620803552251e+01 1.066577918599982979e+02
1.529372686499691838e+02 3.328974354096832400e+01 1.068844969407079759e+02
1.517588360597318911e+02 3.359370739825934038e+01 1.070751249138069880e+02
1.505996644847243147e+02 3.387519105466226677e+01 1.072314776341042659e+02
1.494590745560204539e+02 3.413526720657074520e+01 1.073552756401655159e+02
1.483364167092245793e+02 3.437496032272392910e+01 1.074481598485528480e+02
1.472310710207613056e+02 3.459524985307125178e+01 1.075116911133851261e+02
1.461424457750530337e+02 3.479706825391806291e+01 1.075473553663035062e+02
1.450699731663037255e+02 3.498130827201612902e+01 1.075565750873576434e+02
1.440131091764445159e+02 3.514882321816351407e+01 1.075407096107766876e+02
1.429713334736162551e+02 3.530042719618857205e+01 1.075010553786650007e+02
1.419441490027833481e+02 3.543689688478132638e+01 1.074388467052884408e+02
1.409310823933788583e+02 3.555897013493051873e+01 1.073552549029385119e+02
1.399316795182328974e+02 3.566735279474566767e+01 1.072514003416069102e+02
1.389455047490079380e+02 3.576272006463443631e+01 1.071283544073540384e+02
1.379721409561988139e+02 3.584571649730259679e+01 1.069871395023087217e+02
1.370111892088549723e+02 3.591695668568270605e+01 1.068287297902733570e+02
1.360622694887019009e+02 3.597702425158947648e+01 1.066540492302704166e+02
1.351250180498791451e+02 3.602647582487168165e+01 1.064639787698248483e+02
1.341990855352934204e+02 3.606584424264075750e+01 1.062593613662939021e+02
1.332841369721278966e+02 3.609563855749436101e+01 1.060410019986556591e+02
1.323798516768821969e+02 3.611634421171601161e+01 1.058096679162273688e+02
1.314859234397830505e+02 3.612842284679779681e+01 1.055660881065926304e+02
1.306020600107324583e+02 3.613231304587953474e+01 1.053109547072587162e+02
1.297279805301238014e+02 3.612843460038776300e+01 1.050449298818501944e+02
1.288634153267431088e+02 3.611718885527642442e+01 1.047686463578585432e+02
1.280081059128474408e+02 3.609895871740148010e+01 1.044827074397286708e+02
1.271618047925733350e+02 3.607410900273315235e+01 1.041876875099004991e+02
1.263242760624486749e+02 3.604298543333208471e+01 1.038841304234174885e+02
1.254952932631903479e+02 3.600591819356467482e+01 1.035725552600411845e+02
1.246746385984077676e+02 3.596322324046413854e+01 1.032534584097214605e+02
1.238621029346027740e+02 3.591520230373050282e+01 1.029273135725965318e+02
1.230574857120403749e+02 3.586214303640195311e+01 1.025945719958671845e+02
1.222605951227940864e+02 3.580431872899712431e+01 1.022556619907243487e+02
1.214712479331228820e+02 3.574198859397292694e+01 1.019109894132242573e+02
1.206892676781074982e+02 3.567540077947184329e+01 1.015609424859834178e+02
1.199144845295865451e+02 3.560479259059724910e+01 1.012058921504000182e+02
1.191467352961565780e+02 3.553039048941336375e+01 1.008461920666540266e+02
1.183858633117536101e+02 3.545241028185331089e+01 1.004821789094183657e+02
1.176317187927925545e+02 3.537105652369404396e+01 1.001141714098907016e+02
1.168841583108577993e+02 3.528652339696601814e+01 9.974247176831926254e+01
1.161430434986420153e+02 3.519899687087267637e+01 9.936736910621156937e+01
1.154082410118185891e+02 3.510865476553382791e+01 9.898913956792563340e+01
1.146796225290415521e+02 3.501566675198551337e+01 9.860804632067004150e+01
1.139570646775436842e+02 3.492019447618731931e+01 9.822433975182897825e+01
1.132404492609665141e+02 3.482239117806130935e+01 9.783825685649347292e+01
1.125296631393232900e+02 3.472240189194898363e+01 9.745002156215491596e+01
1.118245969973234253e+02 3.462036550147460190e+01 9.705984801157663355e+01
1.111251452729662645e+02 3.451641485865060588e+01 9.666794075287008070e+01
1.104312061575409416e+02 3.441067678387749140e+01 9.627449473949482694e+01
1.097426815883909939e+02 3.430327207797171951e+01 9.587969534944794248e+01
1.090594771678349275e+02 3.419431565528305583e+01 9.548371859641250126e+01
1.083815026775682213e+02 3.408391568658753101e+01 9.508672976110335640e+01
1.077086710149805668e+02 3.397217537292268474e+01 9.468888622580438152e+01
1.070408978448178061e+02 3.385919352566750007e+01 9.429033840063274852e+01
1.063781015991819174e+02 3.374506456654238917e+01 9.389122972353905539e+01
1.057202034775310011e+02 3.362987852760917917e+01 9.349169666030724102e+01
1.050671274207972630e+02 3.351372109408524125e+01 9.309186877285301875e+01
1.044188001559758874e+02 3.339667352680164214e+01 9.269186859435492920e+01
1.037751514956207188e+02 3.327881216606827763e+01 9.229181083768112615e+01
1.031361134045265686e+02 3.316020998511274342e+01 9.189180487650435225e+01
1.025016198601207833e+02 3.304093682196037207e+01 9.149195511549747550e+01
1.018716068524631595e+02 3.292105937943415483e+01 9.109236099033365974e+01
1.012460123842459581e+02 3.280064122515474168e+01 9.069311696768619413e+01
1.006247764629456753e+02 3.267974280447492674e+01 9.029431256585999677e+01
1.000078410715561290e+02 3.255842148533838554e+01 8.989603242562800745e+01
9.939515056314975538e+01 3.243673090473904352e+01 8.949835526709613021e+01
9.878665093932565355e+01 3.231472216828419164e+01 8.910135580535218480e+01
9.818228964549990678e+01 3.219244418923492645e+01 8.870510529162255864e+01
9.758201557090529832e+01 3.206994368850616439e+01 8.830967151327212150e+01
9.698577904859165244e+01 3.194726519466668790e+01 8.791511879380419714e+01
9.639353185542560709e+01 3.182445104393902824e+01 8.752150799286057747e+01
9.580522717740745975e+01 3.170154143647078726e+01 8.712889659582414481e+01
9.522081977803580344e+01 3.157857415309605287e+01 8.673733826088627552e+01
