2.540000000000000000e+02 7.000000000000000000e+00 0.000000000000000000e+00
2.516690894862792049e+02 5.136313890081449784e+00 2.967783312093114301e+00
2.492140622765470539e+02 3.982963395935317230e+00 6.154687225425605313e+00
2.466693365578402393e+02 3.367781412482791392e+00 9.501768878432132581e+00
2.440610443901499593e+02 3.159904431143689241e+00 1.296426521323113512e+01
2.414090192939877682e+02 3.259866055076738878e+00 1.650819174734214201e+01
2.387283071895069213e+02 3.592066207151731305e+00 2.010775700214593797e+01
2.360303145397982121e+02 4.099048570891191012e+00 2.374339775968656951e+01
2.333236816540289453e+02 4.737147879187135757e+00 2.740028463514786949e+01
2.306149460271373073e+02 5.473183694806690092e+00 3.106718694579795326e+01
2.279090471764042718e+02 6.281944196140675452e+00 3.473560881578375614e+01
2.252097098835285465e+02 7.144276009712954512e+00 3.839913335750824075e+01
2.225197357534681828e+02 8.045631006823189324e+00 4.205292374441791736e+01
2.198412248518470449e+02 8.974961600109590876e+00 4.569334393572098207e+01
2.171757441648618112e+02 9.923881085451974116e+00 4.931767040020465487e+01
2.145244556181880853e+02 1.088602554857583726e+01 5.292387304408499205e+01
2.118882133411611619e+02 1.185656905829014995e+01 5.651044876735668510e+01
2.092676377326337445e+02 1.283185448414891283e+01 6.007629471792307640e+01
2.066631721229274490e+02 1.380911105790563909e+01 6.362061132785910189e+01
2.040751247024071802e+02 1.478624536908983167e+01 6.714283056196453003e+01
2.015037012720567020e+02 1.576167810534012759e+01 7.064255987202662368e+01
1.989490310398914232e+02 1.673421545249821207e+01 7.411953805121265759e+01
1.964111831750681176e+02 1.770296656244294908e+01 7.757360690438810025e+01
1.938901837777321475e+02 1.866725894550557996e+01 8.100468220677254294e+01
1.913860239610632163e+02 1.962659816552827508e+01 8.441273987201664397e+01
1.888986709357280063e+02 2.058061256537151351e+01 8.779779698209362948e+01
1.864280711976846874e+02 2.152903735791922202e+01 9.115990633072998151e+01
1.839741586682881120e+02 2.247167402380168610e+01 9.449914249155030177e+01
1.815368549313330959e+02 2.340838911391267985e+01 9.781560141127653196e+01
1.791160745827674532e+02 2.433908755260733869e+01 1.011093912527169607e+02
1.767117265105575825e+02 2.526370623893367195e+01 1.043806302031811271e+02
1.743237141434899513e+02 2.618221278840686139e+01 1.076294460474018138e+02
1.719519390657817723e+02 2.709458747912415078e+01 1.108559699793171234e+02
1.695963005166136099e+02 2.800082573287677690e+01 1.140603374575196511e+02
1.672566953177940263e+02 2.890093846102774577e+01 1.172426883279706686e+02
1.649330201446706212e+02 2.979494069982244753e+01 1.204031629345841310e+02
1.626251715520854475e+02 3.068285146712674916e+01 1.235419020737994202e+02
1.603330449368007748e+02 3.156469892868368987e+01 1.266590487697338432e+02
1.580565357201934376e+02 3.244051446759087298e+01 1.297547462477120348e+02
1.557955399662644140e+02 3.331032956298822256e+01 1.328291368737166351e+02
1.535499542861775808e+02 3.417417625796250036e+01 1.358823623171687984e+02
1.513196750811810602e+02 3.503209092576840789e+01 1.389145648459473819e+02
1.491045990899832532e+02 3.588411153020439315e+01 1.419258863888645976e+02
1.469046238172188055e+02 3.673027541597147660e+01 1.449164677970668151e+02
1.447196475288815805e+02 3.757061932677672189e+01 1.478864488515094706e+02
1.425495691965726621e+02 3.840517967214880457e+01 1.508359683575584995e+02
1.403942880003601772e+02 3.923399498758612935e+01 1.537651649944186261e+02
1.382537036641854513e+02 4.005710430492817409e+01 1.566741767442495075e+02
1.361277166534648870e+02 4.087454604134822489e+01 1.595631405448310716e+02
1.340162281589488487e+02 4.168635806659833776e+01 1.624321923162243593e+02
1.319191400967214634e+02 4.249257770300939541e+01 1.652814669607715814e+02
1.298363551067729134e+02 4.329324173150886423e+01 1.681110983654595259e+02
1.277677763158133928e+02 4.408838748225041115e+01 1.709212198011317412e+02
1.257133073479442231e+02 4.487805295721400967e+01 1.737119639170325058e+02
1.236728525506885745e+02 4.566227557937249060e+01 1.764834623449643232e+02
1.216463169321017546e+02 4.644109239016017199e+01 1.792358457984592803e+02
1.196336061607711230e+02 4.721454004947278094e+01 1.819692440727789915e+02
1.176346265658162622e+02 4.798265483566753176e+01 1.846837860449147399e+02
1.156492851368888495e+02 4.874547264556309045e+01 1.873795996735875065e+02
1.136774895241726853e+02 4.950302899443953919e+01 1.900568119992476852e+02
1.117191479874161644e+02 5.025535917821975573e+01 1.927155492246028814e+02
1.097741692239760312e+02 5.100249906242274989e+01 1.953559370039147325e+02
1.078424626537384796e+02 5.174448418283316187e+01 1.979780999933620933e+02
1.059239383171557591e+02 5.248134973723428232e+01 2.005821619879070283e+02
1.040185068573400713e+02 5.321313062666908422e+01 2.031682459484415517e+02
1.021260795200634419e+02 5.393986145544015187e+01 2.057364740017875704e+02
1.002465681537578064e+02 5.466157653110980164e+01 2.082869674406968272e+02
9.837988520951486748e+01 5.537830986449995407e+01 2.108198467238510716e+02
9.652594374108628017e+01 5.609009516969220499e+01 2.133352314758619173e+02
9.468465740488349525e+01 5.679696586402781122e+01 2.158332404872708707e+02
9.285594045997787305e+01 5.749895506810770485e+01 2.183139917145493882e+02
9.103970776810059817e+01 5.819609560579245056e+01 2.207776022800987619e+02
8.923587476888710057e+01 5.888841979102044633e+01 2.232241884900988680e+02
8.744435737556607080e+01 5.957596001136012376e+01 2.256538660176442193e+02
8.566507205258524493e+01 6.025874954680775630e+01 2.280667498577259380e+02
8.389793582773484104e+01 6.093682136912041614e+01 2.304629542234352755e+02
8.214286629070248580e+01 6.161020809530978681e+01 2.328425925445251892e+02
8.039978159307314343e+01 6.227894198764212774e+01 2.352057774674098027e+02
7.866860044832914411e+01 6.294305495363830971e+01 2.375526208551650313e+02
7.694924213185011297e+01 6.360257854607378647e+01 2.398832337875279563e+02
7.524162648091314054e+01 6.425754396297864446e+01 2.421977265608971663e+02
7.354567389469259808e+01 6.490798204763751755e+01 2.444962086883327572e+02
7.186130533426018019e+01 6.555392328858971496e+01 2.467787888995562184e+02
7.018844232258504690e+01 6.619539781962903646e+01 2.490455751409504899e+02
6.852700694453362473e+01 6.683243541980399982e+01 2.512966745755599618e+02
6.687692184686974883e+01 6.746506551341764180e+01 2.535321935830905318e+02
6.523811023825462030e+01 6.809331717002763185e+01 2.557522377599093204e+02
6.361049588924669251e+01 6.871721910444621528e+01 2.579569119190451829e+02
6.199400311422609633e+01 6.933679976433019476e+01 2.601463201209386966e+02
6.038855621669497253e+01 6.995209006331684520e+01 2.623205666203589317e+02
5.879407994546688343e+01 7.056312115609385671e+01 2.644797550893161429e+02
5.721049974524540005e+01 7.116992301721548131e+01 2.666239881757136345e+02
5.563774161985089961e+01 7.177252507653267344e+01 2.687533677340293821e+02
5.407573213222060815e+01 7.237095621919313260e+01 2.708679948253152929e+02
5.252439840440850105e+01 7.296524478564117544e+01 2.729679697171981161e+02
5.098366811758540962e+01 7.355541857161797736e+01 2.750533918838787031e+02
4.945346951203894292e+01 7.414150482816124565e+01 2.771243600061324628e+02
4.793373138717354465e+01 7.472353026160554634e+01 2.791809719713091340e+02
4.642438310151046466e+01 7.530152103358200577e+01 2.812233248733327855e+02
4.492535453371795739e+01 7.587550293785849931e+01 2.832515150781210309e+02
4.343657539918427801e+01 7.644550464079381413e+01 2.852656393810096915e+02
4.195797591351514910e+01 7.701155477640453739e+01 2.872657939006346624e+02
4.048948693253588971e+01 7.757368096902338550e+01 2.892520738189956546e+02
3.903103981151961932e+01 7.813191042822002430e+01 2.912245736145774231e+02
3.758256640518724367e+01 7.868626994880108327e+01 2.931833870623496523e+02
3.614399906770745474e+01 7.923678591081015554e+01 2.951286072337663882e+02
3.471527065269677337e+01 7.978348427952768418e+01 2.970603264967672885e+02
3.329631451321947821e+01 8.032639060547120380e+01 2.989786365157760883e+02
3.188706450178768037e+01 8.086553002439502791e+01 3.008836282517017935e+02
3.048745497036124164e+01 8.140092725729054735e+01 3.027753919619380554e+02
2.909742077034783847e+01 8.193260661038604553e+01 3.046540172003636258e+02
2.771689716887057386e+01 8.246059230655303907e+01 3.065195929543697275e+02
2.634581942950143585e+01 8.298491050090217414e+01 3.083722083569219876e+02
2.498412327850248360e+01 8.350558744780664711e+01 3.102119519244707817e+02
2.363174493176818558e+01 8.402264890770581474e+01 3.120389114774168888e+02
2.228862107484487254e+01 8.453612020333115140e+01 3.138531741711456675e+02
2.095468886293071265e+01 8.504602621970616383e+01 3.156548264960271126e+02
1.962988592087572215e+01 8.555239140414656163e+01 3.174439542774157985e+02
1.831415034318176538e+01 8.605523976626007254e+01 3.192206426756508790e+02
1.700742069400254408e+01 8.655459487794659879e+01 3.209849761860560875e+02
1.570963600714359742e+01 8.705047987339811755e+01 3.227370386389399073e+02
1.442073578606232509e+01 8.754291744909869522e+01 3.244769131995952876e+02
1.314066000386795352e+01 8.803192986382455842e+01 3.262046823682999275e+02
1.186934910332157500e+01 8.851753893864398037e+01 3.279204279803159352e+02
