2.540000000000000000e+02 7.000000000000000000e+00 0.000000000000000000e+00
2.509253529086884384e+02 9.953178914528814758e+00 2.025006380469112521e+00
2.480222681428739975e+02 1.214799371520445703e+01 3.784287994676535760e+00
2.452527070412731973e+02 1.378028227726912469e+01 5.342416021801554393e+00
2.425884044443484697e+02 1.499522477207812976e+01 6.747316818309716524e+00
2.400083412537183847e+02 1.590044756497616696e+01 8.034576737438110072e+00
2.374968702498384800e+02 1.657574015431838177e+01 9.230634294191361278e+00
2.350423268978167926e+02 1.708025758518002135e+01 1.035514628003547877e+01
2.326360001267985638e+02 1.745785650315729853e+01 1.142274075689292800e+01
2.302713688421536915e+02 1.774105346006403394e+01 1.244431744491998515e+01
2.279435359345120276e+02 1.795395925581903285e+01 1.342801172618186101e+01
2.256488088835508847e+02 1.811445322960886273e+01 1.437990896262271079e+01
2.233843887724125068e+02 1.823579547420578351e+01 1.530457416499448264e+01
2.211481397787274261e+02 1.832782180352253931e+01 1.620544459104313262e+01
2.189384184365493127e+02 1.839782882667574171e+01 1.708512053970640565e+01
2.167539469900022198e+02 1.845123042078889597e+01 1.794558104671837739e+01
2.145937192013413437e+02 1.849204593846650369e+01 1.878834430271568223e+01
2.124569303209778184e+02 1.852326314272088226e+01 1.961458691774668139e+01
2.103429268245969297e+02 1.854709866009407904e+01 2.042522951810013865e+01
2.082511670879138421e+02 1.856520172468081853e+01 2.122100371364318150e+01
2.061811924887400949e+02 1.857880385745707841e+01 2.200250130473077093e+01
2.041326084578736868e+02 1.858881697764076790e+01 2.277020654508275044e+01
2.021050659392915634e+02 1.859592937364416088e+01 2.352452770585895081e+01
2.000982529737269431e+02 1.860064921490697287e+01 2.426581139960961764e+01
1.981118829506153247e+02 1.860336530659474263e+01 2.499436257602640765e+01
1.961456914005948704e+02 1.860436360651976173e+01 2.571044997483173589e+01
1.941994280635139489e+02 1.860386818461447689e+01 2.641431962088058327e+01
1.922728564547341534e+02 1.860204337896053417e+01 2.710619555436453965e+01
1.903657487662527785e+02 1.859902005526598145e+01 2.778628849933508249e+01
1.884778851634030730e+02 1.859489915641880486e+01 2.845479705268461146e+01
1.866090527317407179e+02 1.858975703757836229e+01 2.911190946631849741e+01
1.847590427485215798e+02 1.858365943445986446e+01 2.975780827811897922e+01
1.829276515906539942e+02 1.857665670182268158e+01 3.039266876036671405e+01
1.811146796373565451e+02 1.856878935288547083e+01 3.101666077484419759e+01
1.793199299406562943e+02 1.856009477200088753e+01 3.162995102059517905e+01
1.775432088342623445e+02 1.855060400451763059e+01 3.223270199174110218e+01
1.757843258731313654e+02 1.854034200237904884e+01 3.282507207396153603e+01
1.740430927767321805e+02 1.852933283365990391e+01 3.340721731919624204e+01
1.723193234009853256e+02 1.851759976714850708e+01 3.397929148768948693e+01
1.706128342620706917e+02 1.850516250990629175e+01 3.454144515111833869e+01
1.689234442391506548e+02 1.849203868905266290e+01 3.509382619322959584e+01
1.672509741108151218e+02 1.847824592341578764e+01 3.563658056799104656e+01
1.655952465497923924e+02 1.846380181985576030e+01 3.616985230564518616e+01
1.639560862467073150e+02 1.844872323225988708e+01 3.669378329217731505e+01
1.623333201750405124e+02 1.843302499115255699e+01 3.720851282751543465e+01
1.607267771778561212e+02 1.841672179184578084e+01 3.771417830513624381e+01
1.591362878852375786e+02 1.839982830978255279e+01 3.821091532260073365e+01
1.575616847145031159e+02 1.838235919850872691e+01 3.869885768109838864e+01
1.560028018716871543e+02 1.836432905817569505e+01 3.917813738057135708e+01
1.544594754750905565e+02 1.834575155279784298e+01 3.964888438486183020e+01
1.529315435999318140e+02 1.832663971656259250e+01 4.011122659806972734e+01
1.514188460241633436e+02 1.830700655335392213e+01 4.056529022746828161e+01
1.499212242018314214e+02 1.828686495422183711e+01 4.101119980723255765e+01
1.484385212630762680e+02 1.826622769738236940e+01 4.144907819843951557e+01
1.469705820141320771e+02 1.824510744821757413e+01 4.187904658906798261e+01
1.455172529368770142e+02 1.822351675828894457e+01 4.230122449443009458e+01
1.440783821454404858e+02 1.820146771349063641e+01 4.271572977229195800e+01
1.426538196096576883e+02 1.817897188970828992e+01 4.312267835284836082e+01
1.412434169633723684e+02 1.815604079774584179e+01 4.352218451128864274e+01
1.398470273692101387e+02 1.813268580134196739e+01 4.391436101960323413e+01
1.384645055185779086e+02 1.810891811717004884e+01 4.429931914658369152e+01
1.370957076316643111e+02 1.808474881483818564e+01 4.467716865782272606e+01
1.357404914574396173e+02 1.806018881688919464e+01 4.504801781571415376e+01
1.343987162736556229e+02 1.803524889880062076e+01 4.541197337945293810e+01
1.330702428868457616e+02 1.800993968898472275e+01 4.576914060503514037e+01
1.317549335702191513e+02 1.798427163512798188e+01 4.611962331350837019e+01
1.304526520568564649e+02 1.795825476614850658e+01 4.646352387008290918e+01
1.291632639020905060e+02 1.793189888516670649e+01 4.680094278473715264e+01
1.278866360518682086e+02 1.790521367089379012e+01 4.713197922658748240e+01
1.266226368040790078e+02 1.787820867310615114e+01 4.745673106835681665e+01
1.253711358085550529e+02 1.785089331264535417e+01 4.777529488637458144e+01
1.241320040670711364e+02 1.782327688141814903e+01 4.808776596057671782e+01
1.229051139333446798e+02 1.779536854239647070e+01 4.839423827450569604e+01
1.216903391130357477e+02 1.776717732961742158e+01 4.869480451531047294e+01
1.204875546637470336e+02 1.773871214818330699e+01 4.898955607374656296e+01
1.192966369950238885e+02 1.770998177426158193e+01 4.927858304417593160e+01
1.181174638683543350e+02 1.768099485508491497e+01 4.956197422456715174e+01
1.169499142659300333e+02 1.765175987198401231e+01 4.983981725746658498e+01
1.157938686252185363e+02 1.762228488249999359e+01 5.011219833022364867e+01
1.146492089235804315e+02 1.759257771610935350e+01 5.037920211061771170e+01
1.135158183145659336e+02 1.756264611949394094e+01 5.064091217459221639e+01
1.123935811251158157e+02 1.753249775696252755e+01 5.089741100944154084e+01
1.112823828555612948e+02 1.750214021045079704e+01 5.114878001381102024e+01
1.101821101796241891e+02 1.747158097952132394e+01 5.139509949769688291e+01
1.090926509444167039e+02 1.744082748136360905e+01 5.163644868244632136e+01
1.080138941704417448e+02 1.740988705079404752e+01 5.187290570075747098e+01
1.069457300515925198e+02 1.737876694025594659e+01 5.210454759667940294e+01
1.058880499551529084e+02 1.734747431981953625e+01 5.233145032561213839e+01
1.048407464217972347e+02 1.731601627718194081e+01 5.255368875430660580e+01
1.038037131481871285e+02 1.728439981815867199e+01 5.277133667957787111e+01
1.027768449060744302e+02 1.725263159821159675e+01 5.298446687627089347e+01
1.017600379672538224e+02 1.722071763748165907e+01 5.319315060279309648e+01
1.007531897174903293e+02 1.718866388029216452e+01 5.339745809732279724e+01
9.975619855017251325e+01 1.715647626951093585e+01 5.359745870259087042e+01
9.876896386631253222e+01 1.712416074655035914e+01 5.379322086588067720e+01
9.779138607454613918e+01 1.709172325136736248e+01 5.398481213902812215e+01
9.682336659113259714e+01 1.705916972246342311e+01 5.417229917842160347e+01
9.586480783995480692e+01 1.702650609688455674e+01 5.435574774500204143e+01
9.491561325251917935e+01 1.699373831022135306e+01 5.453522270426292096e+01
9.397568726795576310e+01 1.696087229660890827e+01 5.471078802625018511e+01
9.304493533301814523e+01 1.692791398872689612e+01 5.488250678556233453e+01
9.212326390208345117e+01 1.689486931779952528e+01 5.505044116135038479e+01
9.121058051958300439e+01 1.686174369084316993e+01 5.521465228047173213e+01
9.030679399896624204e+01 1.682854118739757254e+01 5.537519992131085900e+01
8.941181404552399670e+01 1.679526645564100207e+01 5.553214316698191766e+01
8.852555124913007489e+01 1.676192421149020717e+01 5.568554034701969613e+01
8.764791708832370887e+01 1.672851920409794602e+01 5.583544902847251734e+01
8.677882393030959918e+01 1.669505621585300759e+01 5.598192601590220363e+01
8.591818503095782944e+01 1.666154006238019392e+01 5.612502735138411936e+01
8.506591453480389475e+01 1.662797559254032720e+01 5.626480831450715669e+01
8.422192747504871591e+01 1.659436768843026755e+01 5.640132342237370722e+01
8.338613977355866780e+01 1.656072126538287392e+01 5.653462642959969742e+01
8.255846829346513971e+01 1.652704074708098148e+01 5.666477020617722360e+01
8.173883097709727963e+01 1.649332968180672410e+01 5.679180654114077242e+01
8.092714662681528637e+01 1.645959198473714480e+01 5.691578653296466683e+01
8.012333484672782902e+01 1.642583157180733622e+01 5.703676060631853062e+01
7.932731604286838945e+01 1.639205235344575584e+01 5.715477851109461938e+01
7.853901142319509177e+01 1.635825823457418338e+01 5.726988932240784180e+01
7.775834299759084445e+01 1.632445311460777759e+01 5.738214144059580235e+01
7.698523357786321242e+01 1.629064088745501948e+01 5.749158259121870884e+01
7.621960677774448811e+01 1.625682544151774778e+01 5.759825982505942932e+01
7.546138701289167727e+01 1.622301065969115186e+01 5.770221951812351335e+01
7.471049948859507595e+01 1.618920030822354761e+01 5.780350736983648829e+01
7.396687028650205775e+01 1.615539750971773714e+01 5.790216824221781877e+01
