2.540000000000000000e+02 7.000000000000000000e+00 0.000000000000000000e+00
2.509961632324553591e+02 1.068672061626448411e+01 4.000163471684256677e+00
2.481965274132114700e+02 1.340168573768579385e+01 7.711732971885534305e+00
2.455534431906038435e+02 1.541155721971937353e+01 1.120857714643727476e+01
2.430322390576270095e+02 1.690984567466404798e+01 1.454437618860365333e+01
2.406076632680397438e+02 1.803697226679496524e+01 1.775815770831120943e+01
2.382612993591699819e+02 1.889484088009729135e+01 2.087831779866081305e+01
2.359796929121881988e+02 1.955740001422667973e+01 2.392553551158130176e+01
2.337529915666825389e+02 2.007831072608291123e+01 2.691488877817137393e+01
2.315739573659248265e+02 2.049651520723712395e+01 2.985739103219186319e+01
2.294372507787047653e+02 2.084027353045378916e+01 3.276110514123030271e+01
2.273389109803334236e+02 2.113009380219177302e+01 3.563195198500569205e+01
2.252759786487381461e+02 2.138085875421865367e+01 3.847429729947656085e+01
2.232462221816137458e+02 2.160336920394457749e+01 4.129137761188533773e+01
2.212479388636157012e+02 2.180546491549214494e+01 4.408560956383006157e+01
2.192798110044261932e+02 2.199283551376244716e+01 4.685881370740914065e+01
2.173408016073913984e+02 2.216960851056166248e+01 4.961237679746206908e+01
2.154300777924137265e+02 2.233878084226992300e+01 5.234737090221573652e+01
2.135469552230081547e+02 2.250253197604499178e+01 5.506463983414531782e+01
2.116908601135659183e+02 2.266243790314035067e+01 5.776485823006824205e+01
2.098612978305596926e+02 2.281964794397138618e+01 6.044858037072570767e+01
2.080578332000908119e+02 2.297499555501718049e+01 6.311627078789142331e+01
2.062800751087098377e+02 2.312908494009743166e+01 6.576832819335120917e+01
2.045276645367371486e+02 2.328235828428873688e+01 6.840510406411627287e+01
2.028002676544795690e+02 2.343513448503984264e+01 7.102691335657785032e+01
2.010975690692170019e+02 2.358764698602440646e+01 7.363404497952092242e+01
1.994192675473892109e+02 2.374006769780087822e+01 7.622676842205622449e+01
1.977650741718362610e+02 2.389251718940317204e+01 7.880533659305388028e+01
1.961347076246765937e+02 2.404509101829931694e+01 8.136999312315715827e+01
1.945278953795865107e+02 2.419785289979559195e+01 8.392097049473032655e+01
1.929443706252010315e+02 2.435085175574846161e+01 8.645849478709584446e+01
1.913838711874452656e+02 2.450412759139775787e+01 8.898278732547750280e+01
1.898461406694935931e+02 2.465770499364239754e+01 9.149406289706905682e+01
1.883309264838927675e+02 2.481160388502762970e+01 9.399253276523943157e+01
1.868379792619126363e+02 2.496584264826464050e+01 9.647840555986824995e+01
1.853670537176828361e+02 2.512043318566074035e+01 9.895188592339081879e+01
1.839179081971313963e+02 2.527538331191272292e+01 1.014131751916647630e+02
1.824903038247554434e+02 2.543070111860386717e+01 1.038624726593887146e+02
1.810840045131910756e+02 2.558639485223041277e+01 1.062999755557546990e+02
1.796987774872573596e+02 2.574246984804902283e+01 1.087258782136434263e+02
1.783343931052449989e+02 2.589892958709175375e+01 1.111403723545440556e+02
1.769906243304423299e+02 2.605577801662600734e+01 1.135436478191139855e+02
1.756672467216372411e+02 2.621301950943407277e+01 1.159358925688480468e+02
1.743640384446055123e+02 2.637065874803526100e+01 1.183172926611181168e+02
1.730807805582880121e+02 2.652869888648248065e+01 1.206880317727405867e+02
1.718172569453493281e+02 2.668714242453486207e+01 1.230482913751040712e+02
1.705732539572439919e+02 2.684599218614646787e+01 1.253982511442430194e+02
1.693485603997001476e+02 2.700525121510557369e+01 1.277380889575447753e+02
1.681429675327199504e+02 2.716492277503468955e+01 1.300679808937495920e+02
1.669562690705792249e+02 2.732501034939051010e+01 1.323881012329504756e+02
1.657882611742800236e+02 2.748551705269511203e+01 1.346986223806854923e+02
1.646387427111118029e+02 2.764644523297097933e+01 1.369997146122264837e+02
1.635075150019870307e+02 2.780779749953076774e+01 1.392915464105303442e+02
1.623943816287348625e+02 2.796957654747835420e+01 1.415742845907722369e+02
1.612991484340638237e+02 2.813178515754517406e+01 1.438480943003514483e+02
1.602216235215617530e+02 2.829442619609022103e+01 1.461131390188917294e+02
1.591616172556960578e+02 2.845750261510002233e+01 1.483695805582408411e+02
1.581189422618133165e+02 2.862101745218866355e+01 1.506175790624709236e+02
1.570934133777043940e+02 2.878497380663235816e+01 1.528572930420251907e+02
1.560848474793777143e+02 2.894937438557657217e+01 1.550888794456860182e+02
1.550930642505874744e+02 2.911422161733488068e+01 1.573124930811280819e+02
1.541178855225489883e+02 2.927951800439783270e+01 1.595282871745095292e+02
1.531591351240602989e+02 2.944526612037638813e+01 1.617364134859756746e+02
1.522166388815022913e+02 2.961146861000191066e+01 1.639370223096590848e+02
1.512902246188385504e+02 2.977812818912618908e+01 1.661302624736794655e+02
1.503797221576154755e+02 2.994524764472140532e+01 1.683162813401436608e+02
1.494849633169622223e+02 3.011282983488015930e+01 1.704952248051457104e+02
1.486057819135908176e+02 3.028087768881545117e+01 1.726672372987669917e+02
1.477420137617957892e+02 3.044939420686070974e+01 1.748324617850757932e+02
1.468934966734547345e+02 3.061838246046975698e+01 1.769910397621278264e+02
1.460600703632540842e+02 3.078784553430127957e+01 1.791431113276785538e+02
1.452415766052203594e+02 3.095778584905638908e+01 1.812888149647812668e+02
1.444378595121493731e+02 3.112820545689198326e+01 1.834282873649241594e+02
1.436487649495042263e+02 3.129910656362337207e+01 1.855616639549062370e+02
1.428741405088490239e+02 3.147049153818724676e+01 1.876890789187747828e+02
1.421138355078491600e+02 3.164236291264167278e+01 1.898106651978252160e+02
1.413677009902711461e+02 3.181472338216610041e+01 1.919265544906014895e+02
1.406355897259826406e+02 3.198757580506135767e+01 1.940368772528955219e+02
1.399173562109523630e+02 3.216092320274965743e+01 1.961417626977476800e+02
1.392128566672504064e+02 3.233476875977456189e+01 1.982413387954465520e+02
1.385219490430477549e+02 3.250911582380103226e+01 2.003357322735290325e+02
1.378444930126167947e+02 3.268396790561543241e+01 2.024250686167802655e+02
1.371803500501966653e+02 3.285932772717040962e+01 2.045094718790369654e+02
1.365293836973526709e+02 3.303519668099797713e+01 2.065890644007194794e+02
1.358914591511059484e+02 3.321157662223608042e+01 2.086639673753988404e+02
1.352664431101882201e+02 3.338846967069719085e+01 2.107343009423195213e+02
1.346542037750412533e+02 3.356587821085335577e+01 2.128001841863979564e+02
1.340546108478168605e+02 3.374380489183618437e+01 2.148617351382222296e+02
1.334675355323766723e+02 3.392225262743682634e+01 2.169190707740524147e+02
1.328928505342923359e+02 3.410122459610595769e+01 2.189723070158203484e+02
1.323304300608455151e+02 3.428072424095388016e+01 2.210215587311298009e+02
1.317801498210278623e+02 3.446075526975037207e+01 2.230669397332562198e+02
1.312418870466928240e+02 3.464132126641626286e+01 2.251085627112418024e+02
1.307155208293579562e+02 3.482242363395733520e+01 2.271465386846492436e+02
1.302009319551326882e+02 3.500406387541151787e+01 2.291809774458404263e+02
1.296980025395572227e+02 3.518624388190320929e+01 2.312119878840194929e+02
1.292066160163739426e+02 3.536896584113411990e+01 2.332396779813944363e+02
1.287266571375277238e+02 3.555223223738326510e+01 2.352641548131770719e+02
1.282580119731655657e+02 3.573604585150700075e+01 2.372855245475832362e+02
1.278005679116367759e+02 3.592040976093899474e+01 2.393038924458325027e+02
1.273542136594929701e+02 3.610532733969020569e+01 2.413193628621483526e+02
1.269188392414880440e+02 3.629080225834896822e+01 2.433320392437583450e+02
1.264943360005781727e+02 3.647683848408086504e+01 2.453420241308936909e+02
1.260805967382675874e+02 3.666343894988874297e+01 2.473494188646819509e+02
1.256775160572197763e+02 3.685060450553701372e+01 2.493543231756222553e+02
1.252849898496655356e+02 3.703833665109532092e+01 2.513568359580606852e+02
1.249029151566596596e+02 3.722663724732915114e+01 2.533570553404505858e+02
1.245311901680986892e+02 3.741550851472709383e+01 2.553550786852045462e+02
1.241697142227208133e+02 3.760495303350084129e+01 2.573510025886942003e+02
1.238183878081059817e+02 3.779497374358516737e+01 2.593449228812503975e+02
1.234771125606757778e+02 3.798557394463793457e+01 2.613369346271629183e+02
1.231457912656935605e+02 3.817675729604013668e+01 2.633271321246808725e+02
1.228243278572643362e+02 3.836852781689582059e+01 2.653156089060123577e+02
1.225126274314368828e+02 3.856088974637570743e+01 2.673024577079654591e+02
1.222105966530679240e+02 3.875384475220813840e+01 2.692877697714432657e+02
1.219181437017996075e+02 3.894739356299432131e+01 2.712716351069025791e+02
1.216351777705890953e+02 3.914153760721398356e+01 2.732541431114622696e+02
1.213616090482062617e+02 3.933627874909405620e+01 2.752353825465185651e+02
1.210973487192336080e+02 3.953161928860855312e+01 2.772154415377451073e+02
1.208423089640662766e+02 3.972756196147865637e+01 2.791944075750925549e+02
1.205964029589121083e+02 3.992410993917264506e+01 2.811723675127891511e+02
1.203595448757915563e+02 4.012126682890595220e+01 2.831494075693402692e+02
1.201316498825377579e+02 4.031903667364112920e+01 2.851256133275285833e+02
1.199126341427965201e+02 4.051742395208786718e+01 2.871010697344141249e+02
