2.540000000000000000e+02 7.000000000000000000e+00 0.000000000000000000e+00
2.495248311912322663e+02 1.106494396016484139e+01 4.209859291381992108e+00
2.452838203088441560e+02 1.394369977282039130e+01 8.112003476348943920e+00
2.412249157775881088e+02 1.597474071003353657e+01 1.178603621944390767e+01
2.373106779112421236e+02 1.740015286037755970e+01 1.528902069449923751e+01
2.335141216775361954e+02 1.839307814280467568e+01 1.866189542884887231e+01
2.298157423029235247e+02 1.907734879657558835e+01 2.193406463504819470e+01
2.262013887174723266e+02 1.954152485419704988e+01 2.512668004593635729e+01
2.226607411645825607e+02 1.984894322324315041e+01 2.825499032477115335e+01
2.191862236800716630e+02 2.004489598522611615e+01 3.133001932970191916e+01
2.157722255082751701e+02 2.016176925485770255e+01 3.435976758781446705e+01
2.124145441544920629e+02 2.022271891696178159e+01 3.735007171270962800e+01
2.091099870673515113e+02 2.024429917869709783e+01 4.030521900539153535e+01
2.058560867127930010e+02 2.023834257850469243e+01 4.322838705617913035e+01
2.026508968213126991e+02 2.021330414190711267e+01 4.612195807126597913e+01
1.994928466317363700e+02 2.017522268525901197e+01 4.898774369325121825e+01
1.963806365274348309e+02 2.012840888101376535e+01 5.182714594145618747e+01
1.933131629377991771e+02 2.007594013585360671e+01 5.464127298737299299e+01
1.902894651875674867e+02 2.002001059329274923e+01 5.743102105923287581e+01
1.873086880343668383e+02 1.996217759881549370e+01 6.019713213853598432e+01
1.843700525993883161e+02 1.990355273605501196e+01 6.294023870010663302e+01
1.814728381961880928e+02 1.984492096046185949e+01 6.566089163867827949e+01
1.786163677292483385e+02 1.978683618522881815e+01 6.835958268873379495e+01
1.757999971586011725e+02 1.972968997171374994e+01 7.103676056145054929e+01
1.730231092493500284e+02 1.967375207475209109e+01 7.369284048885867833e+01
1.702851072555201313e+02 1.961921124856607435e+01 7.632821384466390668e+01
1.675854118684379728e+02 1.956619471834560642e+01 7.894325275773006467e+01
1.649234585463595124e+02 1.951478499293816782e+01 8.153831411688493347e+01
1.622986944595549517e+02 1.946503919808226257e+01 8.411374416663394982e+01
1.597105789533879090e+02 1.941698555084630229e+01 8.666987772558981362e+01
1.571585805343529785e+02 1.937064212721327650e+01 8.920704267682634736e+01
1.546421770017507527e+02 1.932601551772592785e+01 9.172555969683996580e+01
1.521608553949064344e+02 1.928310066405651924e+01 9.422574226393896879e+01
1.497141103000318196e+02 1.924189077729704778e+01 9.670789909159343267e+01
1.473014440092330801e+02 1.920237586657432516e+01 9.917233382283708920e+01
1.449223669666069725e+02 1.916453965720589991e+01 1.016193443222491055e+02
1.425763966387889639e+02 1.912836557155427997e+01 1.040492242084813341e+02
1.402630572897543857e+02 1.909383759932586244e+01 1.064622631138298772e+02
1.379818802376135523e+02 1.906093818591242339e+01 1.088587462284764911e+02
1.357324040062163988e+02 1.902964749954098167e+01 1.112389541047662220e+02
1.335141735821034956e+02 1.899994632447682719e+01 1.136031635167645533e+02
1.313267403100743138e+02 1.897181614002013816e+01 1.159516475342960717e+02
1.291696618866280915e+02 1.894523896404136565e+01 1.182846755045529505e+02
1.270425025497673204e+02 1.892019564371084073e+01 1.206025126940425309e+02
1.249448330573307970e+02 1.889666687500481501e+01 1.229054204471381553e+02
1.228762301101868104e+02 1.887463391542976154e+01 1.251936566344821671e+02
1.208362763051070914e+02 1.885407850943651908e+01 1.274674756706629921e+02
1.188245601347667986e+02 1.883498288842031343e+01 1.297271285142151100e+02
1.168406759267479487e+02 1.881732965441487337e+01 1.319728626876812143e+02
1.148842238515746885e+02 1.880110086484975440e+01 1.342049221421606262e+02
1.129548103427848673e+02 1.878627882500133950e+01 1.364235471179372041e+02
1.110520472555728020e+02 1.877284623221442317e+01 1.386289746707592769e+02
1.091755517726584515e+02 1.876078611405197094e+01 1.408214387195893380e+02
1.073249464042874450e+02 1.875008182829509096e+01 1.430011700466035620e+02
1.054998589882310540e+02 1.874071706294305528e+01 1.451683962971921176e+02
1.036999226897860922e+02 1.873267583621327503e+01 1.473233419799590820e+02
1.019247757749705130e+02 1.872594241576437568e+01 1.494662285915309212e+02
1.001740615193270258e+02 1.872050086630621735e+01 1.515972746068518404e+02
9.844742950460660325e+01 1.871633549311403044e+01 1.537166947630238099e+02
9.674453408452987446e+01 1.871343089193057097e+01 1.558247009886627836e+02
9.506503424383836887e+01 1.871177192844332282e+01 1.579215024856950436e+02
9.340859359829454434e+01 1.871134373828452624e+01 1.600073057293566308e+02
9.177488039468171621e+01 1.871213172703114580e+01 1.620823144681939709e+02
9.016356751080405729e+01 1.871412157020488110e+01 1.641467297240634764e+02
8.857433245548662626e+01 1.871729921327216672e+01 1.662007497921316599e+02
8.700685736857542452e+01 1.872165087164417585e+01 1.682445702408751629e+02
8.546082902093728251e+01 1.872716303067682020e+01 1.702783839120806135e+02
8.393593825983796819e+01 1.873382234699884918e+01 1.723023812402982173e+02
8.243188106719937025e+01 1.874161517307025093e+01 1.743167495487841165e+02
8.094835846968629767e+01 1.875052795560280927e+01 1.763216731602828418e+02
7.948507541797309273e+01 1.876054743838790273e+01 1.783173340998148717e+02
7.804174078604664544e+01 1.877166066233360908e+01 1.803039120951015093e+02
7.661806737120645039e+01 1.878385496546474087e+01 1.822815845765651943e+02
7.521377189406456409e+01 1.879711798292282054e+01 1.842505266773291908e+02
7.382857499854556238e+01 1.881143764696610177e+01 1.862109112332178711e+02
7.246220125188662564e+01 1.882680218696954810e+01 1.881629087827563467e+02
7.111437914463746779e+01 1.884320012942485434e+01 1.901066875671710648e+02
6.978484109066036467e+01 1.886062029794042871e+01 1.920424135303890125e+02
6.847332341959810265e+01 1.887905174931690055e+01 1.939702503144638115e+02
6.717956648074840587e+01 1.889848259614318593e+01 1.958903590293674313e+02
6.590331478192995007e+01 1.891890091848578948e+01 1.978028982992667295e+02
6.464431631070819151e+01 1.894029530151940577e+01 1.997080247474160331e+02
6.340232243210540020e+01 1.896265467711387132e+01 2.016058930351267122e+02
6.217708788860063862e+01 1.898596832383409350e+01 2.034966558617671524e+02
6.096837080012983279e+01 1.901022586694007899e+01 2.053804639647630097e+02
5.977593266408566564e+01 1.903541727838693731e+01 2.072574661195968702e+02
5.859953835531767652e+01 1.906153287682486663e+01 2.091278091398084200e+02
5.743895612613216883e+01 1.908856332759916796e+01 2.109916378769945595e+02
5.629395751679096094e+01 1.911649905063939414e+01 2.128490951902118411e+02
5.516431770710936178e+01 1.914532935857367235e+01 2.147003216115918462e+02
5.404981537513737777e+01 1.917504418159284540e+01 2.165454556773102581e+02
5.295023214343471807e+01 1.920563376472157557e+01 2.183846342174839776e+02
5.186535257215371075e+01 1.923708865312802985e+01 2.202179923582372965e+02
5.079496415903934547e+01 1.926939969212389059e+01 2.220456635217020107e+02
4.973885733942910292e+01 1.930255802716436975e+01 2.238677794260171083e+02
4.869682548625316798e+01 1.933655510384820175e+01 2.256844700853292238e+02
4.766866491003425210e+01 1.937138266791760799e+01 2.274958638097921835e+02
4.665417485851913426e+01 1.940703276453454507e+01 2.293020872056850123e+02
4.565315739074642210e+01 1.944349693550449132e+01 2.311032651367534640e+02
4.466541788949846392e+01 1.948076599332286918e+01 2.328995203836643952e+02
4.369076464123398296e+01 1.951883122356089473e+01 2.346909740681540768e+02
4.272900847069674057e+01 1.955768420173647115e+01 2.364777458467735016e+02
4.177996274091555051e+01 1.959731679331421361e+01 2.382599539108882141e+02
4.084344335320423625e+01 1.963772115370544569e+01 2.400377149866783384e+02
3.991926874716165230e+01 1.967888972826815674e+01 2.418111443351387493e+02
3.900725990067171978e+01 1.972081525230706944e+01 2.435803557520787876e+02
3.810724032990334109e+01 1.976349075107357933e+01 2.453454615681225164e+02
3.721903608931049945e+01 1.980690953976580815e+01 2.471065726487085783e+02
3.634247570553920781e+01 1.985106458780085958e+01 2.488637983432788587e+02
3.547739054474150322e+01 1.989594777261092062e+01 2.506172461578474895e+02
3.462361456714695862e+01 1.994155144059029183e+01 2.523670221251649650e+02
3.378098392049660248e+01 1.998786824625524261e+01 2.541132310265190597e+02
3.294933693838311228e+01 2.003489114840843044e+01 2.558559763921869603e+02
3.212851414025079322e+01 2.008261341013892221e+01 2.575953605014352661e+02
3.131835823139555330e+01 2.013102859882219775e+01 2.593314843825202161e+02
3.051871410296492115e+01 2.018013058612015342e+01 2.610644478126873196e+02
2.972942883195805308e+01 2.022991354798108432e+01 2.627943493181714416e+02
2.895035168122572244e+01 2.028037196463970204e+01 2.645212861741971437e+02
2.818133407079154296e+01 2.033150010297057975e+01 2.662453543484938336e+02
2.742222987453200744e+01 2.038329075759999043e+01 2.679666481432769274e+02
2.667289528369421703e+01 2.043573713889107424e+01 2.696852605464305270e+02
2.593318837759149531e+01 2.048883280731461909e+01 2.714012834806668479e+02
2.520296911532509654e+01 2.054257164937600066e+01 2.731148078050816821e+02
2.448209933578419495e+01 2.059694787761518242e+01 2.748259233151542844e+02
