2.540000000000000000e+02 7.000000000000000000e+00 0.000000000000000000e+00
2.498648634147335770e+02 1.309717188628449058e+01 2.052640500725605666e+00
2.460093697951395200e+02 1.733205593607203454e+01 3.709594793186766548e+00
2.423622332805696544e+02 2.024479463483496389e+01 5.085284586269631646e+00
2.388726814454523719e+02 2.221917659298199865e+01 6.261014495162572580e+00
2.355045196405055208e+02 2.352788975297287166e+01 7.294557005897434721e+00
2.322319121643856761e+02 2.436468541268702381e+01 8.226965054459741467e+00
2.290363866321305863e+02 2.486721654984337704e+01 9.087409354230734593e+00
2.259047027349646157e+02 2.513328599480891867e+01 9.896619880813666725e+00
2.228273405256253170e+02 2.523237132067621147e+01 1.066932693080208594e+01
2.197974243958590534e+02 2.521382800279780056e+01 1.141599861355789258e+01
2.168099590151954885e+02 2.511271417811590823e+01 1.214407458030233045e+01
2.138612866010405753e+02 2.495392797088960890e+01 1.285884234232901591e+01
2.109487011269046093e+02 2.475514832105663032e+01 1.356406016224659083e+01
2.080701741713360775e+02 2.452892466480175671e+01 1.426239966583059804e+01
2.052241600474129655e+02 2.428416218234048074e+01 1.495576043053907256e+01
2.024094572002982773e+02 2.402717806039333936e+01 1.564549371176148007e+01
1.996251102084845002e+02 2.376244819743019576e+01 1.633256060253629016e+01
1.968703399658745639e+02 2.349313906299154908e+01 1.701764468729376034e+01
1.941444932385135473e+02 2.322149184615595630e+01 1.770123340934250677e+01
1.914470076124694060e+02 2.294908926479804023e+01 1.838367458503141805e+01
1.887773874302742172e+02 2.267703861963127565e+01 1.906521517783914632e+01
1.861351838302815054e+02 2.240612353804636925e+01 1.974603344086751733e+01
1.835199843994645335e+02 2.213688247600456904e+01 2.042625554591437975e+01
1.809314019878187878e+02 2.186969356807100695e+01 2.110597355733246161e+01
1.783690701487569470e+02 2.160480901498749162e+01 2.178525271731506763e+01
1.758326366902392976e+02 2.134240381808523779e+01 2.246414177021337366e+01
1.733217624703962656e+02 2.108258463532322935e+01 2.314267483982768070e+01
1.708361167438633004e+02 2.082542476949102195e+01 2.382087884245286702e+01
1.683753777317677418e+02 2.057095958975713756e+01 2.449877251821222401e+01
1.659392298544802031e+02 2.031920710532604701e+01 2.517637079114653531e+01
1.635273631240883105e+02 2.007017227039911234e+01 2.585368568255716326e+01
1.611394735182670388e+02 1.982384391741458174e+01 2.653072566245024433e+01
1.587752612019029073e+02 1.958020768263328293e+01 2.720749839021478422e+01
1.564344306000680547e+02 1.933924520325701835e+01 2.788401054571333404e+01
1.541166908778054392e+02 1.910093035661092031e+01 2.856026703319187732e+01
1.518217549009972629e+02 1.886523646410668675e+01 2.923627251047444986e+01
1.495493390562757838e+02 1.863213735112561764e+01 2.991203161491088025e+01
1.472991636265645354e+02 1.840160431457520218e+01 3.058754832187049288e+01
1.450709527270025205e+02 1.817360656821222165e+01 3.126282603926587100e+01
1.428644337929719654e+02 1.794811415945764921e+01 3.193786822994490748e+01
1.406793375570876208e+02 1.772509797985916080e+01 3.261267841467431339e+01
1.385153981177848834e+02 1.750452898657806600e+01 3.328726000843370514e+01
1.363723531755408658e+02 1.728637663507343092e+01 3.396161598736021858e+01
1.342499436790770631e+02 1.707061095425595454e+01 3.463574933117521226e+01
1.321479136898181537e+02 1.685720260653685898e+01 3.530966304043157322e+01
1.300660103818607354e+02 1.664612288090487269e+01 3.598336013508055231e+01
1.280039840367606985e+02 1.643734365137488140e+01 3.665684364604931034e+01
1.259615880785300419e+02 1.623083639929682320e+01 3.733011641146505610e+01
1.239385792341671220e+02 1.602657265001422360e+01 3.800318116141843205e+01
1.219347171797061407e+02 1.582452448110625554e+01 3.867604063580187557e+01
1.199497644722882086e+02 1.562466441023627972e+01 3.934869756348632563e+01
1.179834865501616292e+02 1.542696539515184995e+01 4.002115466232114471e+01
1.160356517326818278e+02 1.523140083368471487e+01 4.069341463913416845e+01
1.141060312202860416e+02 1.503794456373358024e+01 4.136548018972908380e+01
1.121943988894208530e+02 1.484657054632973328e+01 4.203735394050418961e+01
1.103005317560781720e+02 1.465725270643233280e+01 4.270903839903171928e+01
1.084242098067167035e+02 1.446996541569401096e+01 4.338053606006211993e+01
1.065652156037059939e+02 1.428468340417037119e+01 4.405184940122833837e+01
1.047233342853264872e+02 1.410138176031997403e+01 4.472298088304577846e+01
1.028983535657695541e+02 1.392003593100436376e+01 4.539393294891236508e+01
1.010900637351374058e+02 1.374062172148803995e+01 4.606470802510849438e+01
9.929825765944310945e+01 1.356311529543848593e+01 4.673530852079708353e+01
9.752273078061067224e+01 1.338749317492613322e+01 4.740573682802350675e+01
9.576328111647494268e+01 1.321373224042439887e+01 4.807599532171566636e+01
9.401970900164619138e+01 1.304180958270005952e+01 4.874608633819313042e+01
9.229181761566060516e+01 1.287170213866198054e+01 4.941601208099941545e+01
9.057941287233239791e+01 1.270338709886851625e+01 5.008577470924296904e+01
8.888230292817604550e+01 1.253684201547121901e+01 5.075537637739403607e+01
8.720029818238975849e+01 1.237204480221392267e+01 5.142481923528495003e+01
8.553321127685532588e+01 1.220897373443272649e+01 5.209410542811016853e+01
8.388085709613821450e+01 1.204760744905602188e+01 5.276323709642623783e+01
8.224305276748756910e+01 1.188792494460445681e+01 5.343221637615177855e+01
8.061961766083611280e+01 1.172990558119096605e+01 5.410104539856756389e+01
7.901037338880026084e+01 1.157352908052076046e+01 5.476972629031637751e+01
7.741514380668006368e+01 1.141877552589131994e+01 5.543826117340319826e+01
7.583375502067519847e+01 1.126562503633235934e+01 5.610665209739988768e+01
7.426603552353543591e+01 1.111405696748776073e+01 5.677490086909302391e+01
7.271181599727775335e+01 1.096405130717952581e+01 5.744300934857880492e+01
7.117092910704336362e+01 1.081558845218422960e+01 5.811097941033307279e+01
6.964320949718232612e+01 1.066864917417884051e+01 5.877881293629551607e+01
6.812849379125353266e+01 1.052321461974073458e+01 5.944651181586971234e+01
6.662662059202473586e+01 1.037926631034767944e+01 6.011407794592314247e+01
6.513743048147240700e+01 1.023678614237783968e+01 6.078151323078717638e+01
6.366076602078194924e+01 1.009575638710978041e+01 6.144881958225705176e+01
6.219647172446300942e+01 9.956159398224226464e+00 6.211599885991729053e+01
6.074439419086588288e+01 9.817976791522404767e+00 6.278305269658740428e+01
5.930438209365269131e+01 9.681190709982224973e+00 6.344998276068673704e+01
5.787628588206332836e+01 9.545783644081369701e+00 6.411679072964476234e+01
5.645995777027899010e+01 9.411738397323906824e+00 6.478347828313708590e+01
5.505525173742228162e+01 9.279038086240309013e+00 6.545004710308523954e+01
5.366202352755715310e+01 9.147666140387423539e+00 6.611649887365670963e+01
5.228013064968892820e+01 9.017606302348490033e+00 6.678283528126517865e+01
5.090943237776425434e+01 8.888842627733144042e+00 6.744905801457015571e+01
4.954978974354077081e+01 8.761359464391464513e+00 6.811516876042446711e+01
4.820106548744327313e+01 8.635140775202922114e+00 6.878116906532859787e+01
4.686312434701107321e+01 8.510170435591380311e+00 6.944706038683280269e+01
4.553583272498781298e+01 8.386432701050296146e+00 7.011284420215909563e+01
4.421905858377979825e+01 8.263912117331162932e+00 7.077852199333973715e+01
4.291267144545594192e+01 8.142593520443529798e+00 7.144409524721729099e+01
4.161654239174782077e+01 8.022462036654992801e+00 7.210956545544453888e+01
4.033054406404963999e+01 7.903503082491203813e+00 7.277493411448456584e+01
3.905455066341825443e+01 7.785702364735859859e+00 7.344020272561071749e+01
3.778843795057316868e+01 7.669045880430712891e+00 7.410537279490661433e+01
3.653208324051824718e+01 7.553519895230558667e+00 7.477044582897303826e+01
3.528536538500267028e+01 7.439110214705092261e+00 7.543542318459631701e+01
3.404816500408730207e+01 7.325802468144940960e+00 7.610030611932712930e+01
3.282036417763556102e+01 7.213582660866213914e+00 7.676509591683547740e+01
3.160184635748257520e+01 7.102437091178079420e+00 7.742979387282511539e+01
3.039249636743520000e+01 6.992352350382759596e+00 7.809440129503376227e+01
2.919220040327197907e+01 6.883315322775533041e+00 7.875891950323298829e+01
2.800084603274316208e+01 6.775313185644733061e+00 7.942334982922825759e+01
2.681832219557072250e+01 6.668333409271753887e+00 8.008769361685889976e+01
2.564451920344835401e+01 6.562363756931038239e+00 8.075195222199808143e+01
2.447932874213085341e+01 6.457392242424808693e+00 8.141612700368183653e+01
2.332264397539621115e+01 6.353406001852857088e+00 8.208021908670301059e+01
2.217435950671965728e+01 6.250392267366124521e+00 8.274422956468863788e+01
2.103437117863083472e+01 6.148338790495559536e+00 8.340815959491118292e+01
1.990257606196852436e+01 6.047233571056249701e+00 8.407201034251072258e+01
1.877887245588058107e+01 5.947064857147425165e+00 8.473578298049503132e+01
1.766315988782402968e+01 5.847821145152461320e+00 8.539947868973939649e+01
1.655533911356496546e+01 5.749491179738869917e+00 8.606309865898680300e+01
1.545531211717861275e+01 5.652063953858309731e+00 8.672664408484783394e+01
1.436298210919009755e+01 5.555528457023426014e+00 8.739011611972132698e+01
