1.000000000000000000e+00 3.557353019714355469e-01
5.000000000000000000e+01 3.171644806861877441e-01
1.000000000000000000e+02 3.094449937343597412e-01
1.500000000000000000e+02 2.951142787933349609e-01
2.000000000000000000e+02 3.057378530502319336e-01
2.500000000000000000e+02 3.546906709671020508e-01
3.000000000000000000e+02 2.672864794731140137e-01
3.500000000000000000e+02 2.295852154493331909e-01
4.000000000000000000e+02 1.530409455299377441e-01
4.500000000000000000e+02 3.586536347866058350e-01
5.000000000000000000e+02 3.421333432197570801e-01
5.500000000000000000e+02 1.402004957199096680e-01
6.000000000000000000e+02 1.534167975187301636e-01
6.500000000000000000e+02 1.285648494958877563e-01
7.000000000000000000e+02 2.849431335926055908e-01
7.500000000000000000e+02 2.160491496324539185e-01
8.000000000000000000e+02 1.010488867759704590e-01
8.500000000000000000e+02 9.484621137380599976e-02
9.000000000000000000e+02 2.439160346984863281e-01
9.500000000000000000e+02 2.117983847856521606e-01
1.000000000000000000e+03 7.153710722923278809e-02
