0.000000000000000000e+00 1.241913936196077151e+00 9.392074004584151092e-01
1.000000000000000056e-01 1.225954833331492244e+00 6.015755857840462406e-01
2.000000000000000111e-01 9.183890013595578106e-01 7.618187488185230727e-01
3.000000000000000444e-01 1.210840933071561043e+00 4.482411483663877316e-01
4.000000000000000222e-01 1.521541717925394277e+00 3.409156141503989490e-01
5.000000000000000000e-01 1.671208702446588923e+00 6.009680318029076984e-01
6.000000000000000888e-01 2.127521960842988502e+00 3.679175680423185657e-02
7.000000000000000666e-01 2.013698734344639973e+00 4.916112443873471571e-01
8.000000000000000444e-01 2.436185969519541139e+00 4.709447103847499427e-01
9.000000000000000222e-01 2.285400724847095777e+00 3.500938244237709607e-01
1.000000000000000000e+00 2.695079902090382618e+00 2.625893195359542132e-01
1.100000000000000089e+00 3.057954916878724561e+00 -1.494196726720575796e-02
1.200000000000000178e+00 3.510301463865636240e+00 4.730271827648392380e-01
1.300000000000000044e+00 4.082879118468114577e+00 -3.013477970017058860e-02
1.400000000000000133e+00 4.448995844053055038e+00 2.291983127875204806e-01
1.500000000000000000e+00 5.187833916286684222e+00 2.611725630707819601e-01
1.600000000000000089e+00 5.747985265918444497e+00 4.134246424708828971e-01
1.700000000000000178e+00 6.002635523579017196e+00 4.904298228384345038e-01
1.800000000000000044e+00 6.484539615444102623e+00 1.250379613373648002e+00
1.900000000000000133e+00 6.529087351451388521e+00 1.328677180978190986e+00
2.000000000000000000e+00 6.859238911700818342e+00 1.957764200064166626e+00
2.100000000000000089e+00 5.996367123142100297e+00 2.806180284072223863e+00
2.200000000000000178e+00 5.235271764470413203e+00 3.747831287702670711e+00
2.300000000000000266e+00 3.890715672058306929e+00 4.317750490615884118e+00
2.400000000000000355e+00 2.680501303238459254e+00 4.622950447611898106e+00
2.500000000000000000e+00 2.139421203734343635e+00 4.374278962578802776e+00
2.600000000000000089e+00 1.448239746722844279e+00 3.747434512519902228e+00
2.700000000000000178e+00 1.006322501590165786e+00 3.281597099277579144e+00
2.800000000000000266e+00 1.377106001614074371e+00 2.992366407358309832e+00
2.900000000000000355e+00 7.898575717151371522e-01 2.477131852471280649e+00
3.000000000000000000e+00 1.129712928090313540e+00 1.749169939795429896e+00
3.100000000000000089e+00 6.461390407809368686e-01 1.836629338428713787e+00
3.200000000000000178e+00 1.223975153696323259e+00 1.249529749939922940e+00
3.300000000000000266e+00 1.224293206489811325e+00 8.605118831964996273e-01
3.400000000000000355e+00 8.507266593490272477e-01 7.114955376819497301e-01
3.500000000000000000e+00 9.748015622585799456e-01 6.461990181964349933e-01
3.600000000000000089e+00 1.125271679116946810e+00 8.145156386987011388e-01
3.700000000000000178e+00 1.319846351877866253e+00 5.062400447277439763e-01
3.800000000000000266e+00 1.233642516825857793e+00 5.586585586728575192e-01
3.900000000000000355e+00 1.737089119749234190e+00 2.073874481072535414e-01
4.000000000000000000e+00 2.052671698425705404e+00 1.020595147510343637e-01
4.100000000000000533e+00 1.302065295934397238e+00 9.392067299149867154e-02
4.200000000000000178e+00 2.586782638323639638e+00 7.800972181468994737e-01
4.299999999999999822e+00 2.962892997726528144e+00 1.357971888996588605e-01
4.400000000000000355e+00 3.113746292101334578e+00 4.422836324099329586e-01
4.500000000000000000e+00 3.290564773595148651e+00 4.444087206312369864e-01
4.600000000000000533e+00 4.178593044094074394e+00 -1.782250315246434180e-01
4.700000000000000178e+00 4.225635636937842499e+00 2.854998686603444913e-01
4.800000000000000711e+00 4.938567504532018759e+00 8.697839695976954388e-01
4.900000000000000355e+00 5.545167774318529474e+00 4.178690245166272188e-01
5.000000000000000000e+00 6.028774552037178047e+00 3.010614923130107146e-01
5.100000000000000533e+00 6.646933935955431139e+00 1.170191248933971639e+00
5.200000000000000178e+00 7.040691135244373733e+00 1.172160145988943025e+00
5.300000000000000711e+00 6.691371155540751126e+00 1.809773439971557929e+00
5.400000000000000355e+00 6.066876059417680267e+00 2.497714658725571635e+00
5.500000000000000000e+00 5.171334894798738091e+00 3.613348042273112348e+00
5.600000000000000533e+00 3.980355322802821672e+00 4.308028824078141916e+00
5.700000000000000178e+00 3.372300903702021735e+00 4.713891344777332293e+00
5.800000000000000711e+00 1.890290970296622186e+00 4.394373713517584434e+00
5.900000000000000355e+00 1.880890444820826568e+00 4.223828714030371856e+00
6.000000000000000000e+00 1.143873117495649128e+00 3.297796474236479369e+00
6.100000000000000533e+00 9.701379981774467254e-01 2.607876118620714667e+00
6.200000000000000178e+00 1.181549125163934510e+00 2.250461887797837068e+00
6.300000000000000711e+00 7.858707812288092676e-01 1.969491319557502340e+00
6.400000000000000355e+00 7.557083615609532234e-01 1.639750400495035842e+00
6.500000000000000000e+00 9.348923751272707472e-01 1.213597477626112253e+00
6.600000000000000533e+00 9.660580088570503987e-01 8.380356696472143208e-01
6.700000000000000178e+00 1.222747303188246315e+00 1.105424756519953311e+00
6.800000000000000711e+00 1.048622696385081765e+00 1.015985876428421530e+00
6.900000000000000355e+00 1.248637211853873108e+00 5.566593493039407869e-01
7.000000000000000000e+00 1.362060326650902375e+00 4.799281192572900090e-01
7.100000000000000533e+00 1.257010370148877954e+00 6.084134214347415304e-01
7.200000000000000178e+00 1.772477954044203718e+00 4.724321120901110449e-01
7.300000000000000711e+00 1.958072651976732859e+00 4.656336611205043052e-01
7.400000000000000355e+00 2.348671846672206076e+00 6.727648145603299934e-01
7.500000000000000000e+00 2.416098256422847257e+00 3.487799724667084433e-02
7.600000000000000533e+00 2.573014986056673337e+00 4.351734445722676980e-03
7.700000000000000178e+00 3.257849002207295452e+00 2.625507414589471344e-01
7.800000000000000711e+00 3.446125156166373937e+00 2.002037134560679388e-01
7.900000000000000355e+00 3.702305309298576041e+00 4.680674307083021457e-03
8.000000000000000000e+00 4.045885195643181831e+00 3.379177740805556773e-01
8.099999999999999645e+00 4.797840990287750351e+00 4.804795633372271890e-03
8.200000000000001066e+00 5.415459752444196084e+00 4.307026101893576264e-01
8.300000000000000711e+00 5.851425167224889812e+00 7.115570291261780200e-01
8.400000000000000355e+00 6.536714839019225565e+00 9.126732549033819142e-01
8.500000000000000000e+00 6.763482992414405537e+00 9.853803720220333240e-01
8.599999999999999645e+00 6.942204115090379268e+00 1.701050902484560368e+00
8.700000000000001066e+00 6.578564260756243343e+00 2.716415535378472246e+00
8.800000000000000711e+00 5.301555118163259195e+00 3.407681213277814258e+00
8.900000000000000355e+00 4.327545938443661200e+00 4.419297758480403182e+00
9.000000000000000000e+00 3.354489360000889597e+00 4.390443571780319409e+00
9.099999999999999645e+00 2.656786393497641896e+00 4.463633223706483300e+00
9.200000000000001066e+00 2.249248232160366179e+00 3.627935570671762200e+00
9.300000000000000711e+00 1.499938008115745181e+00 3.655961729408265359e+00
9.400000000000000355e+00 1.135180399857049327e+00 2.982408438128532957e+00
9.500000000000000000e+00 1.160636090329432379e+00 2.502862878832033289e+00
9.600000000000001421e+00 9.109873988365946307e-01 1.921009623450089743e+00
9.700000000000001066e+00 5.855694277847538487e-01 1.433561308001882306e+00
9.800000000000000711e+00 5.097739656273569953e-01 1.299890249794017461e+00
9.900000000000000355e+00 1.142743986017255020e+00 8.813610165258265461e-01
