1.000000000000000000e+00 1.387030181884765625e+02
1.000000000000000000e+02 1.472888851165771484e+01
2.000000000000000000e+02 2.242720985412597656e+01
3.000000000000000000e+02 1.612879180908203125e+01
4.000000000000000000e+02 1.403403663635253906e+01
5.000000000000000000e+02 1.334675979614257812e+01
6.000000000000000000e+02 1.141962909698486328e+01
7.000000000000000000e+02 2.037793922424316406e+01
8.000000000000000000e+02 8.111354827880859375e+00
9.000000000000000000e+02 8.218388557434082031e+00
1.000000000000000000e+03 1.390235042572021484e+01
1.100000000000000000e+03 1.147507286071777344e+01
1.200000000000000000e+03 1.641794013977050781e+01
1.300000000000000000e+03 1.466600131988525391e+01
1.400000000000000000e+03 1.267053318023681641e+01
1.500000000000000000e+03 1.687175369262695312e+01
