0.000000000000000000e+00 1.003071533203125000e+03 1.150464534759521484e+00 3.038826179504394531e+01
1.000000014901161194e-01 9.761098632812500000e+02 -4.111029624938964844e+00 6.955290794372558594e+00
2.000000029802322388e-01 9.991401977539062500e+02 -4.975008964538574219e-02 5.081356525421142578e+00
3.000000119209289551e-01 9.840074462890625000e+02 9.395269393920898438e+00 -1.659675407409667969e+01
4.000000059604644775e-01 9.793496704101562500e+02 -1.582374954223632812e+01 -7.901832580566406250e+00
5.000000000000000000e-01 9.730754394531250000e+02 9.314805984497070312e+00 6.199297714233398438e+01
6.000000238418579102e-01 9.984503173828125000e+02 -6.981393814086914062e+00 2.476151466369628906e+00
6.999999880790710449e-01 9.966019897460937500e+02 6.997757911682128906e+00 -1.598514842987060547e+01
8.000000119209289551e-01 9.715310058593750000e+02 -1.697485542297363281e+01 -2.702004432678222656e+01
8.999999761581420898e-01 1.029930175781250000e+03 -5.548388481140136719e+00 8.234210014343261719e+00
1.000000000000000000e+00 9.950502929687500000e+02 -5.068521976470947266e+00 -2.306658363342285156e+01
1.100000023841857910e+00 1.022188476562500000e+03 -5.423704147338867188e+00 1.879817247390747070e+00
1.200000047683715820e+00 1.022111389160156250e+03 9.819952011108398438e+00 -1.479246997833251953e+01
1.299999952316284180e+00 9.690770263671875000e+02 1.568693161010742188e+00 3.007443428039550781e+01
1.399999976158142090e+00 1.008044921875000000e+03 2.492454528808593750e+01 -5.164362430572509766e+00
1.500000000000000000e+00 9.635273437500000000e+02 -1.857298660278320312e+01 -3.196640014648437500e+01
1.600000023841857910e+00 9.734393310546875000e+02 1.001969242095947266e+01 7.783265113830566406e+00
1.700000047683715820e+00 9.577747802734375000e+02 -9.157973289489746094e+00 -6.089079380035400391e-02
1.799999952316284180e+00 9.954910888671875000e+02 4.502823638916015625e+01 1.689230728149414062e+01
1.899999976158142090e+00 1.009558898925781250e+03 8.043152809143066406e+00 -2.283668518066406250e+01
2.000000000000000000e+00 9.672602539062500000e+02 -6.536003112792968750e+00 -6.709069013595581055e-01
2.099999904632568359e+00 9.928568115234375000e+02 4.223339843750000000e+01 -1.282829475402832031e+01
2.200000047683715820e+00 9.543504028320312500e+02 4.569841766357421875e+01 1.106551361083984375e+01
2.299999952316284180e+00 9.954377441406250000e+02 8.467110633850097656e+00 -3.066599082946777344e+01
2.400000095367431641e+00 9.898727416992187500e+02 4.345566177368164062e+01 2.450080633163452148e+00
2.500000000000000000e+00 9.735322875976562500e+02 1.531104183197021484e+01 9.057804107666015625e+00
2.599999904632568359e+00 9.475358276367187500e+02 4.730656051635742188e+01 1.868178367614746094e+01
2.700000047683715820e+00 9.768149414062500000e+02 3.941075897216796875e+01 -1.304380893707275391e-01
2.799999952316284180e+00 9.747814941406250000e+02 1.802282142639160156e+01 2.237255573272705078e+00
2.900000095367431641e+00 9.426147460937500000e+02 1.849562454223632812e+01 -2.081719970703125000e+01
3.000000000000000000e+00 9.484932861328125000e+02 3.830098342895507812e+01 2.191817855834960938e+01
3.099999904632568359e+00 9.723009643554687500e+02 3.967424774169921875e+01 -2.211601448059082031e+01
3.200000047683715820e+00 9.509552001953125000e+02 5.767647933959960938e+01 -1.518602180480957031e+01
3.299999952316284180e+00 9.429786376953125000e+02 6.443763732910156250e+01 -1.064120006561279297e+01
3.400000095367431641e+00 9.539581298828125000e+02 7.137509155273437500e+01 1.662818336486816406e+01
3.500000000000000000e+00 9.039669799804687500e+02 5.156715393066406250e+01 1.468775939941406250e+01
3.599999904632568359e+00 9.058037719726562500e+02 7.847125244140625000e+01 2.952742385864257812e+01
3.700000047683715820e+00 9.116291503906250000e+02 6.945303344726562500e+01 1.398684310913085938e+01
3.799999952316284180e+00 9.007037353515625000e+02 8.035606384277343750e+01 5.267367935180664062e+01
3.900000095367431641e+00 9.351043090820312500e+02 9.740047454833984375e+01 2.365225601196289062e+01
4.000000000000000000e+00 8.971820678710937500e+02 7.547401428222656250e+01 2.196784591674804688e+01
4.099999904632568359e+00 8.278568725585937500e+02 1.494898376464843750e+02 2.878751182556152344e+01
4.199999809265136719e+00 8.522377319335937500e+02 8.947367858886718750e+01 1.005544471740722656e+01
4.300000190734863281e+00 8.408840332031250000e+02 1.179527282714843750e+02 4.581933975219726562e+01
4.400000095367431641e+00 8.425704956054687500e+02 1.558403320312500000e+02 -1.083025360107421875e+01
4.500000000000000000e+00 8.695786132812500000e+02 1.727730712890625000e+02 3.450492477416992188e+01
4.599999904632568359e+00 8.438701782226562500e+02 1.862089691162109375e+02 8.009555816650390625e+00
4.699999809265136719e+00 8.075266723632812500e+02 1.627317352294921875e+02 3.396768569946289062e+00
4.800000190734863281e+00 7.950475463867187500e+02 2.029950866699218750e+02 2.087322235107421875e+00
4.900000095367431641e+00 7.841433715820312500e+02 1.801056518554687500e+02 3.704509735107421875e-01
5.000000000000000000e+00 7.552318115234375000e+02 1.818515319824218750e+02 1.447326469421386719e+01
5.099999904632568359e+00 7.266484985351562500e+02 2.046465759277343750e+02 5.791547775268554688e+00
5.199999809265136719e+00 7.312623291015625000e+02 2.086816864013671875e+02 3.075378036499023438e+01
5.300000190734863281e+00 7.118446655273437500e+02 2.051246643066406250e+02 6.569239044189453125e+01
5.400000095367431641e+00 7.008166503906250000e+02 2.415827331542968750e+02 1.648921775817871094e+01
5.500000000000000000e+00 6.852106323242187500e+02 2.736221008300781250e+02 1.677576255798339844e+01
5.599999904632568359e+00 6.683067626953125000e+02 2.887350158691406250e+02 4.687905120849609375e+01
5.699999809265136719e+00 6.584180297851562500e+02 3.398707275390625000e+02 2.687761116027832031e+01
5.800000190734863281e+00 5.855172729492187500e+02 3.250569458007812500e+02 4.914869308471679688e+01
5.900000095367431641e+00 6.236834716796875000e+02 3.285730590820312500e+02 5.374858474731445312e+01
6.000000000000000000e+00 5.636480102539062500e+02 3.506463928222656250e+02 3.601736450195312500e+01
6.099999904632568359e+00 5.828259887695312500e+02 4.003135070800781250e+02 6.464218139648437500e+01
6.199999809265136719e+00 5.028163757324218750e+02 3.922305908203125000e+02 6.786676788330078125e+01
6.300000190734863281e+00 5.267714233398437500e+02 4.284044799804687500e+02 7.282445526123046875e+01
6.400000095367431641e+00 4.504051818847656250e+02 4.392147521972656250e+02 7.467878723144531250e+01
6.500000000000000000e+00 4.816880493164062500e+02 4.599283142089843750e+02 1.021509170532226562e+02
6.599999904632568359e+00 4.320424804687500000e+02 4.538359069824218750e+02 9.381465148925781250e+01
6.699999809265136719e+00 4.322033081054687500e+02 5.163489990234375000e+02 7.428504180908203125e+01
6.800000190734863281e+00 4.171785888671875000e+02 4.995634765625000000e+02 9.659680175781250000e+01
6.900000095367431641e+00 3.861848449707031250e+02 5.133919677734375000e+02 1.052909698486328125e+02
7.000000000000000000e+00 3.777454223632812500e+02 5.136697998046875000e+02 1.137537078857421875e+02
7.099999904632568359e+00 3.498003845214843750e+02 5.400050659179687500e+02 1.197131271362304688e+02
7.199999809265136719e+00 3.470655822753906250e+02 5.919193115234375000e+02 1.351813812255859375e+02
7.300000190734863281e+00 2.998232727050781250e+02 5.721680297851562500e+02 1.014179992675781250e+02
7.400000095367431641e+00 3.007903137207031250e+02 5.889105834960937500e+02 1.412199401855468750e+02
7.500000000000000000e+00 2.553444213867187500e+02 6.325196533203125000e+02 1.632136688232421875e+02
7.599999904632568359e+00 2.640240478515625000e+02 6.204913330078125000e+02 1.110219421386718750e+02
7.699999809265136719e+00 2.239544372558593750e+02 6.567338867187500000e+02 1.628087158203125000e+02
7.800000190734863281e+00 2.219012145996093750e+02 5.998297729492187500e+02 1.963262329101562500e+02
7.900000095367431641e+00 2.142038574218750000e+02 6.080245971679687500e+02 1.226551818847656250e+02
8.000000000000000000e+00 1.944818420410156250e+02 6.395651855468750000e+02 1.778824768066406250e+02
8.100000381469726562e+00 1.830758972167968750e+02 6.415523071289062500e+02 1.804212646484375000e+02
8.199999809265136719e+00 1.551494293212890625e+02 6.119474487304687500e+02 1.522691650390625000e+02
8.300000190734863281e+00 1.705428314208984375e+02 6.523621826171875000e+02 1.841706390380859375e+02
8.399999618530273438e+00 1.122381134033203125e+02 6.634207153320312500e+02 1.856585083007812500e+02
8.500000000000000000e+00 1.675474243164062500e+02 6.576807861328125000e+02 1.844792022705078125e+02
8.600000381469726562e+00 1.467146148681640625e+02 6.615515747070312500e+02 1.620188903808593750e+02
8.699999809265136719e+00 1.446166534423828125e+02 6.774692993164062500e+02 1.947241210937500000e+02
8.800000190734863281e+00 1.217210159301757812e+02 6.696323852539062500e+02 2.180714416503906250e+02
8.899999618530273438e+00 9.418724822998046875e+01 6.885913085937500000e+02 2.393667144775390625e+02
9.000000000000000000e+00 1.117045516967773438e+02 6.904286499023437500e+02 2.335608367919921875e+02
9.100000381469726562e+00 9.412246704101562500e+01 6.760609741210937500e+02 2.237918243408203125e+02
9.199999809265136719e+00 1.095560455322265625e+02 6.558070678710937500e+02 2.038273620605468750e+02
9.300000190734863281e+00 1.068496170043945312e+02 6.625605468750000000e+02 2.944000549316406250e+02
9.399999618530273438e+00 9.562701416015625000e+01 6.951644897460937500e+02 2.740061950683593750e+02
9.500000000000000000e+00 7.195952606201171875e+01 6.573960571289062500e+02 2.761827697753906250e+02
9.600000381469726562e+00 7.616421508789062500e+01 6.850352783203125000e+02 2.925919494628906250e+02
9.699999809265136719e+00 5.099466705322265625e+01 6.220240478515625000e+02 2.842117919921875000e+02
9.800000190734863281e+00 5.069417190551757812e+01 6.639204101562500000e+02 3.064626159667968750e+02
9.899999618530273438e+00 4.169747161865234375e+01 6.379262084960937500e+02 2.554916076660156250e+02
1.000000000000000000e+01 7.698371887207031250e+01 6.227411499023437500e+02 2.741509704589843750e+02
1.010000038146972656e+01 6.086295700073242188e+01 6.189472656250000000e+02 2.734429321289062500e+02
1.019999980926513672e+01 2.745248985290527344e+01 6.168875732421875000e+02 3.245099182128906250e+02
1.030000019073486328e+01 4.104418945312500000e+01 6.107088623046875000e+02 2.865127563476562500e+02
1.039999961853027344e+01 4.015033340454101562e+01 6.497106323242187500e+02 3.171181030273437500e+02
1.050000000000000000e+01 7.246182250976562500e+01 6.594469604492187500e+02 3.059809265136718750e+02
1.060000038146972656e+01 1.657172393798828125e+01 5.895433349609375000e+02 3.253108520507812500e+02
1.069999980926513672e+01 5.255606079101562500e+01 6.378643188476562500e+02 3.623746643066406250e+02
1.080000019073486328e+01 4.540081405639648438e+01 6.002188720703125000e+02 3.850311584472656250e+02
1.089999961853027344e+01 6.613298797607421875e+01 6.362527465820312500e+02 3.879699707031250000e+02
1.100000000000000000e+01 2.238460540771484375e+00 6.201022338867187500e+02 3.661055908203125000e+02
1.110000038146972656e+01 1.419422531127929688e+01 6.541397094726562500e+02 3.940676879882812500e+02
1.119999980926513672e+01 4.466294860839843750e+01 6.236176147460937500e+02 3.843194885253906250e+02
1.130000019073486328e+01 3.022584533691406250e+01 6.240006103515625000e+02 4.066165771484375000e+02
1.139999961853027344e+01 2.124831581115722656e+01 6.227205810546875000e+02 3.545618896484375000e+02
1.150000000000000000e+01 1.064179611206054688e+01 6.010283203125000000e+02 3.928605651855468750e+02
1.160000038146972656e+01 6.364672851562500000e+01 5.953905029296875000e+02 4.088587951660156250e+02
1.169999980926513672e+01 6.802497863769531250e+00 5.814044799804687500e+02 3.925936584472656250e+02
1.180000019073486328e+01 -1.981753349304199219e+01 5.548101196289062500e+02 4.108575439453125000e+02
1.189999961853027344e+01 2.799514770507812500e+01 5.537385864257812500e+02 3.961793823242187500e+02
1.200000000000000000e+01 5.934589385986328125e+01 5.408286743164062500e+02 4.335612487792968750e+02
1.210000038146972656e+01 3.583775711059570312e+01 5.514642333984375000e+02 4.478758850097656250e+02
1.219999980926513672e+01 -9.312709808349609375e+00 5.590964965820312500e+02 4.278454284667968750e+02
1.230000019073486328e+01 2.761171722412109375e+01 5.710177001953125000e+02 4.053180847167968750e+02
1.239999961853027344e+01 9.750852584838867188e-01 5.782171630859375000e+02 4.336415405273437500e+02
1.250000000000000000e+01 2.699184799194335938e+01 5.526336669921875000e+02 4.359839477539062500e+02
1.260000038146972656e+01 1.494822311401367188e+01 5.471554565429687500e+02 4.756833801269531250e+02
1.269999980926513672e+01 5.303023529052734375e+01 5.203963012695312500e+02 4.859704284667968750e+02
1.280000019073486328e+01 -4.941706657409667969e+00 5.735091552734375000e+02 4.420402221679687500e+02
1.289999961853027344e+01 2.383333778381347656e+01 5.376672363281250000e+02 4.710332031250000000e+02
1.300000000000000000e+01 1.821356582641601562e+01 5.403662109375000000e+02 4.674659729003906250e+02
1.310000038146972656e+01 4.427366256713867188e+01 5.194761962890625000e+02 4.673682556152343750e+02
1.319999980926513672e+01 -2.124212646484375000e+01 5.380134887695312500e+02 4.174088134765625000e+02
1.330000019073486328e+01 1.153266143798828125e+01 5.203894042968750000e+02 5.060433349609375000e+02
1.339999961853027344e+01 -1.584774494171142578e+01 5.095906982421875000e+02 4.678840942382812500e+02
1.350000000000000000e+01 1.840903091430664062e+01 4.852002258300781250e+02 4.897204589843750000e+02
1.360000038146972656e+01 2.682370376586914062e+01 4.780434265136718750e+02 5.201832885742187500e+02
1.369999980926513672e+01 2.235588264465332031e+01 4.538282470703125000e+02 5.470047607421875000e+02
1.380000019073486328e+01 1.395610237121582031e+01 4.906890258789062500e+02 5.117800903320312500e+02
1.389999961853027344e+01 -5.672164916992187500e+00 4.830924377441406250e+02 4.899015502929687500e+02
1.400000000000000000e+01 -3.537761688232421875e+01 4.664767761230468750e+02 5.075376892089843750e+02
1.410000038146972656e+01 1.926821517944335938e+01 4.789407653808593750e+02 5.243091430664062500e+02
1.419999980926513672e+01 4.944040775299072266e+00 4.899331054687500000e+02 5.500277099609375000e+02
1.430000019073486328e+01 4.728490447998046875e+01 4.629430847167968750e+02 5.353439331054687500e+02
1.439999961853027344e+01 3.576107025146484375e-01 4.781505737304687500e+02 5.358070068359375000e+02
1.450000000000000000e+01 3.287123107910156250e+01 4.366218566894531250e+02 5.741687622070312500e+02
1.460000038146972656e+01 -1.377116775512695312e+01 4.401078491210937500e+02 5.701997680664062500e+02
1.469999980926513672e+01 -1.676661300659179688e+01 4.430370483398437500e+02 5.305010375976562500e+02
1.480000019073486328e+01 -1.476750946044921875e+01 4.395476684570312500e+02 5.725404052734375000e+02
1.489999961853027344e+01 1.578235054016113281e+01 4.596578979492187500e+02 5.750140380859375000e+02
1.500000000000000000e+01 4.058737945556640625e+01 4.148812255859375000e+02 5.226472778320312500e+02
1.510000038146972656e+01 -2.268971061706542969e+01 4.398336486816406250e+02 5.965861816406250000e+02
1.519999980926513672e+01 9.894182205200195312e+00 4.395263977050781250e+02 5.500932006835937500e+02
1.530000019073486328e+01 4.603295135498046875e+01 4.105652770996093750e+02 5.775570068359375000e+02
1.539999961853027344e+01 1.811966705322265625e+01 3.982390441894531250e+02 5.836661987304687500e+02
1.550000000000000000e+01 -2.922105216979980469e+01 4.556506958007812500e+02 5.859338989257812500e+02
1.560000038146972656e+01 1.135769748687744141e+01 3.952648925781250000e+02 5.873450317382812500e+02
1.569999980926513672e+01 -1.128472900390625000e+01 3.946543884277343750e+02 6.370944824218750000e+02
1.580000019073486328e+01 5.117377758026123047e+00 4.059515991210937500e+02 5.987135620117187500e+02
1.589999961853027344e+01 -1.762521553039550781e+01 4.236138305664062500e+02 5.827897338867187500e+02
1.600000000000000000e+01 8.515051841735839844e+00 4.129659118652343750e+02 6.332986450195312500e+02
1.610000038146972656e+01 -3.864931344985961914e+00 4.049609375000000000e+02 6.069069824218750000e+02
1.620000076293945312e+01 6.712324523925781250e+01 3.339381103515625000e+02 6.076690673828125000e+02
1.629999923706054688e+01 3.167272329330444336e+00 4.000104370117187500e+02 6.240755004882812500e+02
1.639999961853027344e+01 3.125639724731445312e+01 3.738794250488281250e+02 6.283753662109375000e+02
1.650000000000000000e+01 -1.640813064575195312e+01 3.753743896484375000e+02 6.207163696289062500e+02
1.660000038146972656e+01 3.412591171264648438e+01 3.417083740234375000e+02 6.385160522460937500e+02
1.670000076293945312e+01 3.995376586914062500e+00 3.651963500976562500e+02 6.010942993164062500e+02
1.679999923706054688e+01 -1.502740764617919922e+01 3.806595153808593750e+02 6.119630737304687500e+02
1.689999961853027344e+01 1.543628978729248047e+01 3.637124328613281250e+02 6.363358154296875000e+02
1.700000000000000000e+01 6.890845298767089844e+00 3.331290283203125000e+02 6.728851928710937500e+02
1.710000038146972656e+01 1.725066375732421875e+01 3.555267639160156250e+02 6.435224609375000000e+02
1.720000076293945312e+01 3.024745941162109375e+00 3.151112670898437500e+02 6.171294555664062500e+02
1.729999923706054688e+01 1.617572402954101562e+01 3.523522949218750000e+02 6.775894165039062500e+02
1.739999961853027344e+01 -1.774210548400878906e+01 3.811036376953125000e+02 6.760855712890625000e+02
1.750000000000000000e+01 4.260721683502197266e+00 3.756109008789062500e+02 6.509765014648437500e+02
1.760000038146972656e+01 -1.649523162841796875e+01 2.948524780273437500e+02 6.279632568359375000e+02
1.770000076293945312e+01 -7.305923938751220703e+00 3.076625976562500000e+02 6.549465332031250000e+02
1.779999923706054688e+01 -5.028062343597412109e+00 3.012044677734375000e+02 6.691499023437500000e+02
1.789999961853027344e+01 8.323523521423339844e+00 3.151799316406250000e+02 6.710463867187500000e+02
1.800000000000000000e+01 8.061102867126464844e+00 2.966846618652343750e+02 6.615968017578125000e+02
1.810000038146972656e+01 4.164550781250000000e+00 3.042555541992187500e+02 6.871293334960937500e+02
1.820000076293945312e+01 1.094085311889648438e+01 3.070730285644531250e+02 7.230974731445312500e+02
1.829999923706054688e+01 -8.710727691650390625e+00 3.180348205566406250e+02 6.943710327148437500e+02
1.839999961853027344e+01 -3.184278297424316406e+01 3.441048889160156250e+02 6.728266601562500000e+02
1.850000000000000000e+01 -2.853706359863281250e+01 3.004096374511718750e+02 7.126578369140625000e+02
1.860000038146972656e+01 8.325111865997314453e-01 3.167822570800781250e+02 7.015895996093750000e+02
1.870000076293945312e+01 2.501004028320312500e+01 2.969986877441406250e+02 7.283248901367187500e+02
1.879999923706054688e+01 -1.135169506072998047e+00 3.070760803222656250e+02 7.153327026367187500e+02
1.889999961853027344e+01 1.147991847991943359e+01 2.767886047363281250e+02 7.102121582031250000e+02
1.900000000000000000e+01 1.384835839271545410e+00 2.685972595214843750e+02 6.988975830078125000e+02
1.910000038146972656e+01 9.950789213180541992e-01 3.184576416015625000e+02 7.124183959960937500e+02
1.920000076293945312e+01 -2.543928337097167969e+01 2.792693481445312500e+02 7.357832641601562500e+02
1.929999923706054688e+01 2.080620384216308594e+01 2.674080505371093750e+02 7.430419921875000000e+02
1.939999961853027344e+01 -6.639210224151611328e+00 2.611672973632812500e+02 6.907421875000000000e+02
1.950000000000000000e+01 1.966148376464843750e+01 2.724604797363281250e+02 7.327147216796875000e+02
1.960000038146972656e+01 2.895321655273437500e+01 2.880190429687500000e+02 7.625299072265625000e+02
1.970000076293945312e+01 2.318538856506347656e+01 2.925819091796875000e+02 7.151668701171875000e+02
1.979999923706054688e+01 -7.032009124755859375e+00 3.055546569824218750e+02 7.172798461914062500e+02
1.989999961853027344e+01 -4.860490798950195312e+00 2.542634429931640625e+02 7.435814208984375000e+02
2.000000000000000000e+01 8.550103187561035156e+00 2.574397888183593750e+02 7.488294067382812500e+02
2.010000038146972656e+01 4.450331878662109375e+01 2.977981872558593750e+02 7.308811645507812500e+02
2.020000076293945312e+01 6.408686637878417969e+00 2.975003356933593750e+02 7.354477539062500000e+02
2.029999923706054688e+01 -1.486477375030517578e+01 2.711309204101562500e+02 7.725708618164062500e+02
2.039999961853027344e+01 -1.630531883239746094e+01 2.459651031494140625e+02 7.344600219726562500e+02
2.050000000000000000e+01 -4.045180678367614746e-01 2.179308319091796875e+02 7.413445434570312500e+02
2.060000038146972656e+01 -5.692588806152343750e+00 2.887835693359375000e+02 7.681660766601562500e+02
2.070000076293945312e+01 -1.457020950317382812e+01 2.553149261474609375e+02 7.507158203125000000e+02
2.079999923706054688e+01 3.716671371459960938e+01 2.733244018554687500e+02 7.674206542968750000e+02
2.089999961853027344e+01 1.448148441314697266e+01 2.620939025878906250e+02 7.645274047851562500e+02
2.100000000000000000e+01 -2.295499229431152344e+01 2.429861602783203125e+02 7.573380126953125000e+02
2.110000038146972656e+01 2.016055488586425781e+01 2.323364868164062500e+02 7.507900390625000000e+02
2.120000076293945312e+01 3.223969268798828125e+01 2.344904937744140625e+02 7.943515625000000000e+02
2.129999923706054688e+01 3.016206359863281250e+01 2.298575286865234375e+02 8.039149169921875000e+02
2.139999961853027344e+01 -2.424459218978881836e+00 1.948780059814453125e+02 7.102805786132812500e+02
2.150000000000000000e+01 4.710997772216796875e+01 2.256954193115234375e+02 7.828529052734375000e+02
2.160000038146972656e+01 8.810365200042724609e-01 2.419548339843750000e+02 7.762669067382812500e+02
2.170000076293945312e+01 -3.831804275512695312e+01 2.363632049560546875e+02 8.144140625000000000e+02
2.179999923706054688e+01 -2.344571352005004883e+00 2.046250305175781250e+02 8.021775512695312500e+02
2.189999961853027344e+01 3.034938812255859375e+01 2.187903137207031250e+02 8.022046508789062500e+02
2.200000000000000000e+01 3.644620656967163086e+00 2.130401916503906250e+02 7.780027465820312500e+02
2.210000038146972656e+01 -2.055741691589355469e+01 2.223848876953125000e+02 7.864921875000000000e+02
2.220000076293945312e+01 -1.463767433166503906e+01 2.234028472900390625e+02 8.037351684570312500e+02
2.229999923706054688e+01 -3.068016624450683594e+01 2.156853179931640625e+02 7.665576171875000000e+02
2.239999961853027344e+01 -9.636839866638183594e+00 2.607324218750000000e+02 8.182938232421875000e+02
2.250000000000000000e+01 -4.674328804016113281e+00 2.113362731933593750e+02 8.321845703125000000e+02
2.260000038146972656e+01 1.872966957092285156e+01 1.933932647705078125e+02 7.801860961914062500e+02
2.270000076293945312e+01 4.432406616210937500e+01 1.964809722900390625e+02 7.902556152343750000e+02
2.279999923706054688e+01 -6.139818668365478516e+00 1.897224426269531250e+02 8.042532958984375000e+02
2.289999961853027344e+01 -7.814108371734619141e+00 2.000914764404296875e+02 7.801096191406250000e+02
2.300000000000000000e+01 7.364861011505126953e+00 1.859243621826171875e+02 8.055462036132812500e+02
2.310000038146972656e+01 1.464934921264648438e+01 1.922369689941406250e+02 8.062054443359375000e+02
2.320000076293945312e+01 -2.552976012229919434e-01 1.959387207031250000e+02 7.974601440429687500e+02
2.329999923706054688e+01 2.687539815902709961e+00 1.604348297119140625e+02 8.208193969726562500e+02
2.339999961853027344e+01 -4.581268727779388428e-01 1.886900939941406250e+02 8.439570312500000000e+02
2.350000000000000000e+01 -5.537738418579101562e+01 1.857239227294921875e+02 8.178176269531250000e+02
2.360000038146972656e+01 -2.474065589904785156e+01 1.794619750976562500e+02 8.375202636718750000e+02
2.370000076293945312e+01 1.450902748107910156e+01 1.671552581787109375e+02 8.200530395507812500e+02
2.379999923706054688e+01 -4.028723716735839844e+00 1.500476379394531250e+02 8.188875732421875000e+02
2.389999961853027344e+01 3.016502189636230469e+01 1.602302551269531250e+02 8.004257202148437500e+02
2.400000000000000000e+01 9.795108795166015625e+00 1.723925018310546875e+02 8.111842651367187500e+02
2.410000038146972656e+01 2.807088088989257812e+01 2.044895019531250000e+02 8.390623779296875000e+02
2.420000076293945312e+01 2.343636035919189453e+00 1.658930511474609375e+02 8.059116210937500000e+02
2.429999923706054688e+01 3.822946166992187500e+01 1.598278808593750000e+02 8.381749877929687500e+02
2.439999961853027344e+01 4.627522468566894531e+00 1.530117340087890625e+02 8.360314941406250000e+02
2.450000000000000000e+01 -2.376649093627929688e+01 1.644601745605468750e+02 8.298453369140625000e+02
2.460000038146972656e+01 3.280046081542968750e+01 1.680115051269531250e+02 8.389203491210937500e+02
2.470000076293945312e+01 2.540040779113769531e+01 1.498041992187500000e+02 8.129527587890625000e+02
2.479999923706054688e+01 4.721648406982421875e+01 1.735688323974609375e+02 8.058928833007812500e+02
2.489999961853027344e+01 -2.252122688293457031e+01 1.633273925781250000e+02 8.356113891601562500e+02
2.500000000000000000e+01 -4.766730880737304688e+01 9.226480102539062500e+01 8.296453247070312500e+02
2.510000038146972656e+01 2.981126403808593750e+01 1.780275421142578125e+02 7.774359130859375000e+02
2.520000076293945312e+01 -2.572825622558593750e+01 1.492822418212890625e+02 8.655745239257812500e+02
2.529999923706054688e+01 1.930818557739257812e+01 1.401302490234375000e+02 8.445948486328125000e+02
2.539999961853027344e+01 -1.375745981931686401e-01 1.952938690185546875e+02 8.303655395507812500e+02
2.550000000000000000e+01 -7.585444450378417969e+00 1.762469482421875000e+02 8.356771850585937500e+02
2.560000038146972656e+01 8.051943778991699219e+00 1.783169250488281250e+02 8.329158325195312500e+02
2.570000076293945312e+01 4.532902145385742188e+01 1.316087951660156250e+02 8.543339843750000000e+02
2.579999923706054688e+01 2.062235450744628906e+01 1.438530273437500000e+02 8.658053588867187500e+02
2.589999961853027344e+01 -1.294829010963439941e+00 1.519268188476562500e+02 8.721578369140625000e+02
2.600000000000000000e+01 4.108005905151367188e+01 1.207552032470703125e+02 8.506340942382812500e+02
2.610000038146972656e+01 -4.346959686279296875e+01 1.396908721923828125e+02 8.714352416992187500e+02
2.620000076293945312e+01 -2.205809593200683594e+01 1.355686187744140625e+02 8.593351440429687500e+02
2.629999923706054688e+01 2.132185745239257812e+01 1.369826202392578125e+02 8.636974487304687500e+02
2.639999961853027344e+01 2.701196289062500000e+01 1.521706085205078125e+02 8.420219726562500000e+02
2.650000000000000000e+01 -3.761311721801757812e+01 1.562627410888671875e+02 8.611492919921875000e+02
2.660000038146972656e+01 1.281492519378662109e+01 1.623965606689453125e+02 8.664952392578125000e+02
2.670000076293945312e+01 1.646403503417968750e+01 1.473257598876953125e+02 8.484848022460937500e+02
2.679999923706054688e+01 2.509734535217285156e+01 1.552590332031250000e+02 8.631325683593750000e+02
2.689999961853027344e+01 2.820747375488281250e+00 1.308377075195312500e+02 9.158309326171875000e+02
2.700000000000000000e+01 1.533342647552490234e+01 1.360107574462890625e+02 8.608280639648437500e+02
2.710000038146972656e+01 7.954074859619140625e+00 1.240519027709960938e+02 8.973828125000000000e+02
2.720000076293945312e+01 1.957876920700073242e+00 1.103269577026367188e+02 8.635562744140625000e+02
2.729999923706054688e+01 7.302367687225341797e+00 1.184193267822265625e+02 8.786124267578125000e+02
2.739999961853027344e+01 2.127253341674804688e+01 1.518619537353515625e+02 8.461482543945312500e+02
2.750000000000000000e+01 1.556519699096679688e+01 1.221600036621093750e+02 8.831574707031250000e+02
2.760000038146972656e+01 1.196430444717407227e+00 1.584020538330078125e+02 8.510023803710937500e+02
2.770000076293945312e+01 8.294853210449218750e+00 1.521012878417968750e+02 8.602404785156250000e+02
2.779999923706054688e+01 -2.405114555358886719e+01 1.192603607177734375e+02 8.758241577148437500e+02
2.789999961853027344e+01 -2.837986755371093750e+01 1.352724761962890625e+02 8.802404785156250000e+02
2.800000000000000000e+01 -5.421099662780761719e+00 1.235235595703125000e+02 8.463820190429687500e+02
2.810000038146972656e+01 3.967624282836914062e+01 1.266422042846679688e+02 9.323286132812500000e+02
2.820000076293945312e+01 3.404294252395629883e+00 1.337969207763671875e+02 9.087871093750000000e+02
2.829999923706054688e+01 2.442013263702392578e+00 1.332769622802734375e+02 8.819636230468750000e+02
2.839999961853027344e+01 1.041130161285400391e+01 1.275834884643554688e+02 9.065337524414062500e+02
2.850000000000000000e+01 3.298127746582031250e+01 1.153804397583007812e+02 8.509066772460937500e+02
2.860000038146972656e+01 -7.851530075073242188e+00 9.432368469238281250e+01 9.218214111328125000e+02
2.870000076293945312e+01 -4.968110561370849609e+00 1.749639129638671875e+02 8.796457519531250000e+02
2.879999923706054688e+01 -1.575684785842895508e+00 1.133086395263671875e+02 8.981362915039062500e+02
2.889999961853027344e+01 1.334126567840576172e+01 1.300169525146484375e+02 8.793074951171875000e+02
2.900000000000000000e+01 -1.079473209381103516e+01 1.295137634277343750e+02 8.848621826171875000e+02
2.910000038146972656e+01 -2.718225860595703125e+01 1.080827636718750000e+02 8.931472167968750000e+02
2.920000076293945312e+01 -1.087862777709960938e+01 7.988227844238281250e+01 8.855543823242187500e+02
2.929999923706054688e+01 -9.063331604003906250e+00 1.117424163818359375e+02 8.791071166992187500e+02
2.939999961853027344e+01 -2.995864486694335938e+01 9.545209503173828125e+01 8.558566894531250000e+02
2.950000000000000000e+01 -5.777390956878662109e+00 1.312282104492187500e+02 9.151558837890625000e+02
2.960000038146972656e+01 2.436005210876464844e+01 8.033300781250000000e+01 9.060728149414062500e+02
2.970000076293945312e+01 -6.251098251342773438e+01 1.205780944824218750e+02 9.198487548828125000e+02
2.979999923706054688e+01 -2.685588073730468750e+01 1.034458541870117188e+02 9.012683715820312500e+02
2.989999961853027344e+01 3.139509773254394531e+01 1.147377243041992188e+02 9.025382690429687500e+02
3.000000000000000000e+01 -2.697939109802246094e+01 1.137468872070312500e+02 8.835272827148437500e+02
3.010000038146972656e+01 1.664608192443847656e+01 1.106270141601562500e+02 8.977845458984375000e+02
3.020000076293945312e+01 -1.747269439697265625e+01 1.069935913085937500e+02 8.986524047851562500e+02
3.029999923706054688e+01 2.431157493591308594e+01 8.790377807617187500e+01 8.778035278320312500e+02
3.039999961853027344e+01 9.636680603027343750e+00 1.253870315551757812e+02 9.093591918945312500e+02
3.050000000000000000e+01 1.770961999893188477e+00 8.205679321289062500e+01 8.794926757812500000e+02
3.060000038146972656e+01 -2.357518434524536133e+00 7.072323608398437500e+01 9.455736083984375000e+02
3.070000076293945312e+01 9.540480613708496094e+00 9.200498199462890625e+01 9.405821533203125000e+02
3.079999923706054688e+01 1.189380741119384766e+01 9.418455505371093750e+01 8.819718017578125000e+02
3.089999961853027344e+01 2.001196670532226562e+01 1.230395126342773438e+02 9.002468872070312500e+02
3.100000000000000000e+01 -6.344987869262695312e+00 8.244480895996093750e+01 9.278748168945312500e+02
3.110000038146972656e+01 -1.329062175750732422e+01 9.086105346679687500e+01 9.180884399414062500e+02
3.120000076293945312e+01 -6.961478233337402344e+00 9.382993316650390625e+01 8.939076538085937500e+02
3.129999923706054688e+01 2.887336254119873047e+00 9.803857421875000000e+01 9.377159423828125000e+02
3.139999961853027344e+01 -2.508714914321899414e+00 6.766534423828125000e+01 8.675065917968750000e+02
3.150000000000000000e+01 -3.347778081893920898e+00 6.779792022705078125e+01 8.956463012695312500e+02
3.160000038146972656e+01 -6.928946495056152344e+00 7.735214233398437500e+01 9.448453369140625000e+02
3.170000076293945312e+01 -1.026934504508972168e+00 1.004098129272460938e+02 9.181887207031250000e+02
3.179999923706054688e+01 -1.343848705291748047e+01 5.832450103759765625e+01 9.202869262695312500e+02
3.189999961853027344e+01 -1.585596084594726562e+01 8.005683898925781250e+01 9.043428955078125000e+02
3.200000000000000000e+01 -2.856932830810546875e+01 7.963880920410156250e+01 8.996284790039062500e+02
3.209999847412109375e+01 1.827872657775878906e+01 7.571152496337890625e+01 9.188065185546875000e+02
3.220000076293945312e+01 2.341429591178894043e-01 3.031326293945312500e+01 9.250211181640625000e+02
3.229999923706054688e+01 4.620799064636230469e+00 7.517483520507812500e+01 8.589804077148437500e+02
3.240000152587890625e+01 7.243843674659729004e-01 8.147187042236328125e+01 9.434887695312500000e+02
3.250000000000000000e+01 1.547704458236694336e+00 8.530226135253906250e+01 9.280430297851562500e+02
3.259999847412109375e+01 -4.483631134033203125e+00 4.987569046020507812e+01 9.058843383789062500e+02
3.270000076293945312e+01 9.756063461303710938e+00 8.791439056396484375e+01 9.144819946289062500e+02
3.279999923706054688e+01 7.979588031768798828e+00 9.567276000976562500e+01 9.197979736328125000e+02
3.290000152587890625e+01 1.802802276611328125e+01 1.017844238281250000e+02 9.051436767578125000e+02
3.300000000000000000e+01 -1.506248855590820312e+01 5.719264602661132812e+01 9.091424560546875000e+02
3.309999847412109375e+01 3.046938896179199219e+01 6.675150299072265625e+01 8.969833984375000000e+02
3.320000076293945312e+01 4.393621921539306641e+00 9.502069091796875000e+01 9.353649902343750000e+02
3.329999923706054688e+01 1.851374435424804688e+01 8.128574371337890625e+01 9.306194458007812500e+02
3.340000152587890625e+01 2.807203483581542969e+01 6.168085479736328125e+01 9.230446777343750000e+02
3.350000000000000000e+01 1.033796119689941406e+01 5.816043853759765625e+01 9.322161254882812500e+02
3.359999847412109375e+01 -2.601196861267089844e+01 5.995833969116210938e+01 9.383070678710937500e+02
3.370000076293945312e+01 -8.756234169006347656e+00 7.189933776855468750e+01 9.191029052734375000e+02
3.379999923706054688e+01 -1.575713396072387695e+00 7.936267089843750000e+01 9.086702270507812500e+02
3.390000152587890625e+01 -3.176299667358398438e+01 4.408596801757812500e+01 9.548835449218750000e+02
3.400000000000000000e+01 -5.106896162033081055e-01 5.769321060180664062e+01 9.528179931640625000e+02
3.409999847412109375e+01 -1.336801528930664062e+01 7.214484405517578125e+01 9.184256591796875000e+02
3.420000076293945312e+01 1.819084525108337402e+00 7.072750091552734375e+01 9.618171997070312500e+02
3.429999923706054688e+01 2.572751998901367188e+01 3.773578262329101562e+01 9.118265991210937500e+02
3.440000152587890625e+01 -1.122932720184326172e+01 8.513390350341796875e+01 9.220581665039062500e+02
3.450000000000000000e+01 -1.074466037750244141e+01 4.402616500854492188e+01 9.386220092773437500e+02
3.459999847412109375e+01 -1.938551521301269531e+01 5.851096343994140625e+01 9.428796386718750000e+02
3.470000076293945312e+01 -3.114653015136718750e+01 7.879024505615234375e+00 9.301817626953125000e+02
3.479999923706054688e+01 1.635751605033874512e+00 6.517275238037109375e+01 9.109167480468750000e+02
3.490000152587890625e+01 -1.147473716735839844e+01 3.942985534667968750e+01 9.517831420898437500e+02
3.500000000000000000e+01 -2.049500274658203125e+01 2.971817398071289062e+01 9.671204223632812500e+02
3.509999847412109375e+01 -1.785121154785156250e+01 5.659708404541015625e+01 9.278653564453125000e+02
3.520000076293945312e+01 -6.886480331420898438e+00 7.459690856933593750e+01 9.456339721679687500e+02
3.529999923706054688e+01 -9.684672355651855469e+00 3.164531326293945312e+01 9.345556640625000000e+02
3.540000152587890625e+01 -2.055522537231445312e+01 5.124970626831054688e+01 9.263089599609375000e+02
3.550000000000000000e+01 1.585497379302978516e+00 4.424967193603515625e+01 9.464434204101562500e+02
3.559999847412109375e+01 -6.736677169799804688e+00 2.801292037963867188e+01 9.362288208007812500e+02
3.570000076293945312e+01 -3.142539596557617188e+01 1.023304443359375000e+02 9.390118408203125000e+02
3.579999923706054688e+01 1.902485656738281250e+01 7.034671020507812500e+01 9.726638183593750000e+02
3.590000152587890625e+01 -9.459908485412597656e+00 3.254944610595703125e+01 9.108102416992187500e+02
3.600000000000000000e+01 -1.374278450012207031e+01 7.958045959472656250e+01 9.365075683593750000e+02
3.609999847412109375e+01 -1.810327148437500000e+01 4.375801467895507812e+01 9.279287719726562500e+02
3.620000076293945312e+01 -1.140409851074218750e+01 8.371099090576171875e+01 9.324575195312500000e+02
3.629999923706054688e+01 -2.021241569519042969e+01 8.985728454589843750e+01 9.751248779296875000e+02
3.640000152587890625e+01 -1.384873390197753906e+01 4.426881790161132812e+01 9.209144287109375000e+02
3.650000000000000000e+01 -1.375592041015625000e+01 5.200458908081054688e+01 9.483913574218750000e+02
3.659999847412109375e+01 -1.440920448303222656e+01 5.550465011596679688e+01 9.419299926757812500e+02
3.670000076293945312e+01 8.498889923095703125e+00 4.637589645385742188e+01 9.687821655273437500e+02
3.679999923706054688e+01 -4.066223621368408203e+00 7.631172180175781250e+01 9.846351318359375000e+02
3.690000152587890625e+01 1.702189636230468750e+01 3.885702514648437500e+01 9.389256591796875000e+02
3.700000000000000000e+01 1.066884326934814453e+01 3.048132514953613281e+01 9.746018676757812500e+02
3.709999847412109375e+01 -5.142282485961914062e+00 9.687473297119140625e+00 9.728571166992187500e+02
3.720000076293945312e+01 2.259236335754394531e+01 1.272870635986328125e+01 9.465347290039062500e+02
3.729999923706054688e+01 4.683393955230712891e+00 1.278921508789062500e+01 9.708544311523437500e+02
3.740000152587890625e+01 -2.041386222839355469e+01 3.216312408447265625e+01 9.377203979492187500e+02
3.750000000000000000e+01 -2.066355133056640625e+01 3.318062591552734375e+01 9.584656372070312500e+02
3.759999847412109375e+01 -4.061726570129394531e+00 5.358531188964843750e+01 9.418709106445312500e+02
3.770000076293945312e+01 5.815903663635253906e+00 2.686506271362304688e+01 9.824460449218750000e+02
3.779999923706054688e+01 7.819816112518310547e+00 2.939456939697265625e+01 9.587879028320312500e+02
3.790000152587890625e+01 -2.016217041015625000e+01 2.265205574035644531e+01 9.507372436523437500e+02
3.800000000000000000e+01 -2.226296043395996094e+01 1.944874572753906250e+01 9.438779296875000000e+02
3.809999847412109375e+01 5.657041549682617188e+00 7.725947570800781250e+01 9.397901000976562500e+02
3.820000076293945312e+01 -7.057205677032470703e+00 7.774201965332031250e+01 9.528718261718750000e+02
3.829999923706054688e+01 2.110452461242675781e+01 6.688058471679687500e+01 9.901839599609375000e+02
3.840000152587890625e+01 -4.114832687377929688e+01 2.588694572448730469e+01 9.427011108398437500e+02
3.850000000000000000e+01 2.314483451843261719e+01 4.402751541137695312e+01 9.660350341796875000e+02
3.859999847412109375e+01 -2.045059776306152344e+01 2.128170204162597656e+01 9.681271362304687500e+02
3.870000076293945312e+01 -4.377963542938232422e+00 3.178413581848144531e+01 9.245029296875000000e+02
3.879999923706054688e+01 1.183332824707031250e+01 2.380222129821777344e+01 1.019244750976562500e+03
3.890000152587890625e+01 -3.128096771240234375e+01 3.341157531738281250e+01 9.585734252929687500e+02
3.900000000000000000e+01 2.957606315612792969e+01 4.757094192504882812e+01 9.295309448242187500e+02
3.909999847412109375e+01 -2.615474510192871094e+01 1.150383758544921875e+01 9.564242553710937500e+02
3.920000076293945312e+01 1.555011177062988281e+01 7.290086364746093750e+01 9.614064331054687500e+02
3.929999923706054688e+01 -7.715539932250976562e+00 3.156563568115234375e+01 9.835578613281250000e+02
3.940000152587890625e+01 2.500849366188049316e-01 4.841896438598632812e+01 9.490878295898437500e+02
3.950000000000000000e+01 3.587562942504882812e+01 7.077954101562500000e+01 9.317812500000000000e+02
3.959999847412109375e+01 3.108548736572265625e+01 2.342185020446777344e+01 9.567756347656250000e+02
3.970000076293945312e+01 1.579924583435058594e+01 2.034013748168945312e+01 9.851057128906250000e+02
3.979999923706054688e+01 1.933439064025878906e+01 2.091053581237792969e+01 9.741730957031250000e+02
3.990000152587890625e+01 -5.389402389526367188e+01 3.942206192016601562e+01 9.538660888671875000e+02
4.000000000000000000e+01 -4.003841876983642578e+00 7.765197753906250000e+01 9.676250000000000000e+02
4.009999847412109375e+01 -1.556553840637207031e+01 7.134555053710937500e+01 9.722587280273437500e+02
4.020000076293945312e+01 -3.727795410156250000e+01 7.951728820800781250e+00 9.496539306640625000e+02
4.029999923706054688e+01 8.295261383056640625e+00 4.104959869384765625e+01 1.004272399902343750e+03
4.040000152587890625e+01 4.824180603027343750e+00 3.198997306823730469e+01 9.659594726562500000e+02
4.050000000000000000e+01 7.210490226745605469e+00 2.235455322265625000e+01 9.523590087890625000e+02
4.059999847412109375e+01 1.826437759399414062e+01 2.161211776733398438e+01 9.483240966796875000e+02
4.070000076293945312e+01 -1.290872955322265625e+01 2.784951019287109375e+01 9.426635131835937500e+02
4.079999923706054688e+01 -4.954201126098632812e+01 2.226263999938964844e+01 9.500357055664062500e+02
4.090000152587890625e+01 -4.008090496063232422e+00 -1.781683349609375000e+01 9.591049804687500000e+02
4.100000000000000000e+01 1.146718883514404297e+01 1.689381790161132812e+01 9.719294433593750000e+02
4.109999847412109375e+01 6.751803874969482422e+00 7.296253204345703125e+00 9.660213623046875000e+02
4.120000076293945312e+01 -4.395638942718505859e+00 4.000052642822265625e+01 9.628436889648437500e+02
4.129999923706054688e+01 -4.503942871093750000e+01 3.855953216552734375e-01 9.901441040039062500e+02
4.140000152587890625e+01 -7.712153434753417969e+00 1.655116271972656250e+01 9.881450195312500000e+02
4.150000000000000000e+01 5.595404148101806641e+00 7.321908950805664062e+00 9.748221435546875000e+02
4.159999847412109375e+01 -2.633641242980957031e+01 3.935091781616210938e+01 9.903900146484375000e+02
4.170000076293945312e+01 -1.441681671142578125e+01 4.907741546630859375e+01 9.739041137695312500e+02
4.179999923706054688e+01 1.456294345855712891e+01 1.916961669921875000e+01 9.887344970703125000e+02
4.190000152587890625e+01 -2.481141662597656250e+01 2.171387863159179688e+01 9.569305419921875000e+02
4.200000000000000000e+01 -1.318586540222167969e+01 2.849095916748046875e+01 9.371107177734375000e+02
4.209999847412109375e+01 -1.996813011169433594e+01 3.170320701599121094e+01 9.952895507812500000e+02
4.220000076293945312e+01 -5.799385452270507812e+01 3.991188049316406250e+00 9.719357910156250000e+02
4.229999923706054688e+01 -2.064135169982910156e+01 8.186668395996093750e+01 9.631832275390625000e+02
4.240000152587890625e+01 -2.222436904907226562e+01 3.379374694824218750e+01 9.407662353515625000e+02
4.250000000000000000e+01 2.304919242858886719e+00 7.575234985351562500e+01 9.721863403320312500e+02
4.259999847412109375e+01 8.499495506286621094e+00 3.384567642211914062e+01 9.868824462890625000e+02
4.270000076293945312e+01 3.950426864624023438e+01 2.800498580932617188e+01 9.629205322265625000e+02
4.279999923706054688e+01 -1.272952938079833984e+01 3.279129791259765625e+01 9.556143188476562500e+02
4.290000152587890625e+01 -3.681035757064819336e+00 3.075799942016601562e+01 9.723212280273437500e+02
4.300000000000000000e+01 -2.445068359375000000e+01 3.859213256835937500e+01 9.891723022460937500e+02
4.309999847412109375e+01 -2.483748674392700195e+00 2.139925765991210938e+01 9.408209228515625000e+02
4.320000076293945312e+01 -3.509491348266601562e+01 5.079640197753906250e+01 9.923552856445312500e+02
4.329999923706054688e+01 9.141652584075927734e-01 3.120768356323242188e+01 9.880714111328125000e+02
4.340000152587890625e+01 -9.133909225463867188e+00 3.584531402587890625e+01 9.915419921875000000e+02
4.350000000000000000e+01 3.297415161132812500e+01 5.293300628662109375e+00 9.936435546875000000e+02
4.359999847412109375e+01 1.228420162200927734e+01 3.933118438720703125e+01 9.783433227539062500e+02
4.370000076293945312e+01 9.854942321777343750e+00 3.513255691528320312e+01 9.767142333984375000e+02
4.379999923706054688e+01 9.058866500854492188e+00 1.434833335876464844e+01 9.725123901367187500e+02
4.390000152587890625e+01 -4.217172622680664062e+00 3.498849487304687500e+01 1.007142578125000000e+03
4.400000000000000000e+01 -1.182354986667633057e-01 3.634643936157226562e+01 9.491894531250000000e+02
4.409999847412109375e+01 3.988822937011718750e+01 5.508846664428710938e+01 9.545487060546875000e+02
4.420000076293945312e+01 -1.876550483703613281e+01 3.594413375854492188e+01 9.619007568359375000e+02
4.429999923706054688e+01 -2.061203575134277344e+01 2.205994796752929688e+01 9.786188354492187500e+02
4.440000152587890625e+01 -1.182700538635253906e+01 1.276652526855468750e+01 9.771221923828125000e+02
4.450000000000000000e+01 -1.573029422760009766e+01 4.274170684814453125e+01 9.674916381835937500e+02
4.459999847412109375e+01 -1.620524287223815918e+00 -2.667715072631835938e+00 9.834896240234375000e+02
4.470000076293945312e+01 -1.678585529327392578e+00 -1.211062812805175781e+01 9.699721679687500000e+02
4.479999923706054688e+01 3.952582550048828125e+01 3.646542739868164062e+01 1.006021606445312500e+03
4.490000152587890625e+01 2.323764860630035400e-01 3.593362426757812500e+01 9.963510742187500000e+02
4.500000000000000000e+01 -1.373188495635986328e+01 1.957020187377929688e+01 9.906474609375000000e+02
4.509999847412109375e+01 -1.207040882110595703e+01 1.355642700195312500e+01 9.915378417968750000e+02
4.520000076293945312e+01 2.894107627868652344e+01 -2.049041748046875000e+00 9.774869384765625000e+02
4.529999923706054688e+01 -3.441566467285156250e+01 1.632402038574218750e+01 9.822678833007812500e+02
4.540000152587890625e+01 2.254014968872070312e+01 4.887536621093750000e+01 9.282553710937500000e+02
4.550000000000000000e+01 -2.625356864929199219e+01 -1.144950294494628906e+01 9.764561767578125000e+02
4.559999847412109375e+01 -1.942706108093261719e+01 -3.176445960998535156e+01 9.488559570312500000e+02
4.570000076293945312e+01 1.462983226776123047e+01 4.148120880126953125e+01 9.684884033203125000e+02
4.579999923706054688e+01 -1.409945487976074219e+01 -1.299731636047363281e+01 9.654242553710937500e+02
4.590000152587890625e+01 1.830821800231933594e+01 3.283004760742187500e+00 9.838552246093750000e+02
4.600000000000000000e+01 -2.175839662551879883e+00 2.870235061645507812e+01 9.724097290039062500e+02
4.609999847412109375e+01 9.184598922729492188e+00 2.948069381713867188e+01 1.007012023925781250e+03
4.620000076293945312e+01 -2.590339851379394531e+01 1.438283157348632812e+01 9.908881225585937500e+02
4.629999923706054688e+01 6.617526054382324219e+00 9.866603851318359375e+00 9.630012817382812500e+02
4.640000152587890625e+01 -2.601128005981445312e+01 1.016007995605468750e+01 9.568294067382812500e+02
4.650000000000000000e+01 -1.722369956970214844e+01 5.053517150878906250e+01 9.722080688476562500e+02
4.659999847412109375e+01 -5.476940631866455078e+00 1.785808944702148438e+01 1.018338623046875000e+03
4.670000076293945312e+01 8.501318931579589844e+00 2.360711097717285156e+01 9.758479003906250000e+02
4.679999923706054688e+01 2.010278320312500000e+01 2.902622222900390625e-01 9.952995605468750000e+02
4.690000152587890625e+01 -3.960473251342773438e+01 1.263187980651855469e+01 9.532503662109375000e+02
4.700000000000000000e+01 2.295101642608642578e+00 2.566044616699218750e+01 9.814908447265625000e+02
4.709999847412109375e+01 1.568607425689697266e+01 4.001572036743164062e+01 9.742087402343750000e+02
4.720000076293945312e+01 3.328131437301635742e+00 5.826074218750000000e+01 1.007299987792968750e+03
4.729999923706054688e+01 -3.355135726928710938e+01 3.415783691406250000e+01 1.004840820312500000e+03
4.740000152587890625e+01 1.328775787353515625e+01 3.313420486450195312e+01 9.644713745117187500e+02
4.750000000000000000e+01 6.141873550415039062e+01 4.548208236694335938e+00 9.473203735351562500e+02
4.759999847412109375e+01 1.618464827537536621e+00 4.901253509521484375e+01 9.784392700195312500e+02
4.770000076293945312e+01 4.778605461120605469e+00 3.601314926147460938e+01 1.021951477050781250e+03
4.779999923706054688e+01 4.383757591247558594e+00 1.048351764678955078e+01 9.959976196289062500e+02
4.790000152587890625e+01 1.067542648315429688e+01 -1.306610107421875000e+00 9.695608520507812500e+02
4.800000000000000000e+01 -1.282929325103759766e+01 -1.779676437377929688e+01 9.752923583984375000e+02
4.809999847412109375e+01 6.025679588317871094e+00 3.065539360046386719e+00 9.449913330078125000e+02
4.820000076293945312e+01 -1.221576118469238281e+01 -1.766969108581542969e+01 9.700215454101562500e+02
4.829999923706054688e+01 -1.684613227844238281e+01 2.525008392333984375e+01 9.765183105468750000e+02
4.840000152587890625e+01 2.809387969970703125e+01 -4.246952056884765625e+00 9.665737915039062500e+02
4.850000000000000000e+01 -1.382171058654785156e+01 -3.543578147888183594e+00 9.524748535156250000e+02
4.859999847412109375e+01 -1.120143127441406250e+01 -5.266603469848632812e+00 9.916696777343750000e+02
4.870000076293945312e+01 1.509710979461669922e+01 -1.221185779571533203e+01 9.671357421875000000e+02
4.879999923706054688e+01 2.050237894058227539e+00 -3.304731369018554688e+01 1.014227172851562500e+03
4.890000152587890625e+01 -2.002459526062011719e+00 2.216657447814941406e+01 1.040081054687500000e+03
4.900000000000000000e+01 -5.383996963500976562e+00 3.231136322021484375e+00 9.648692626953125000e+02
4.909999847412109375e+01 -2.649238395690917969e+01 3.732304000854492188e+01 9.859334106445312500e+02
4.920000076293945312e+01 3.407507705688476562e+01 1.585568904876708984e+01 9.706042480468750000e+02
4.929999923706054688e+01 -8.125120162963867188e+00 4.024093627929687500e+01 9.484221801757812500e+02
4.940000152587890625e+01 1.418674826622009277e+00 -3.458637237548828125e+00 9.931636962890625000e+02
4.950000000000000000e+01 -3.423551321029663086e+00 4.417063713073730469e+00 9.576967773437500000e+02
4.959999847412109375e+01 5.020737648010253906e+00 1.790546226501464844e+01 9.912948608398437500e+02
4.970000076293945312e+01 -1.099878692626953125e+01 4.751605033874511719e+00 9.858421630859375000e+02
4.979999923706054688e+01 -1.365652942657470703e+01 -1.186286258697509766e+01 9.742207641601562500e+02
4.990000152587890625e+01 2.088213539123535156e+01 2.603580665588378906e+01 1.001622558593750000e+03
