2.540000000000000000e+02 7.000000000000000000e+00 0.000000000000000000e+00
2.516276960785236554e+02 8.067528235163290873e+00 1.761210235794372192e+00
2.492133388416328899e+02 9.100745902478305283e+00 3.572090229022513164e+00
2.467568868834946159e+02 1.009975820500431887e+01 5.432290306103737976e+00
2.442583047317356204e+02 1.106467002828137680e+01 7.341457351321424518e+00
2.417175628869954949e+02 1.199558599329147413e+01 9.299234760327387050e+00
2.391346378229268623e+02 1.289261045645855042e+01 1.130526244014190063e+01
2.365095119886340171e+02 1.375584751401899730e+01 1.335917680970779386e+01
2.338421738409845148e+02 1.458540104967446283e+01 1.546061077481187596e+01
2.311326179194351198e+02 1.538137483362818259e+01 1.760919363486233280e+01
2.283806103672151266e+02 1.614402130736132079e+01 1.980453922723478755e+01
2.256015703461987698e+02 1.686369681970008116e+01 2.204702566229824257e+01
2.228151383477389516e+02 1.752845343043007986e+01 2.433696458056369138e+01
2.200221686986044176e+02 1.813844107314846354e+01 2.667358550164428266e+01
2.172231704743166176e+02 1.869403478342493941e+01 2.905609780597159286e+01
2.144186493674699818e+02 1.919561517512830662e+01 3.148371022614864145e+01
2.116091075424521080e+02 1.964356817543876588e+01 3.395563118808719594e+01
2.087950436354439034e+02 2.003828502484789453e+01 3.647106881100776121e+01
2.059769527544196137e+02 2.038016227715863948e+01 3.902923090743954049e+01
2.031553264791468223e+02 2.066960179948533849e+01 4.162932498322047792e+01
2.003306527555716343e+02 2.090701048328439882e+01 4.427055855593699363e+01
1.975034160473245493e+02 2.109280049773620291e+01 4.695213881596339434e+01
1.946740972619571721e+02 2.122738924741262068e+01 4.967327273223112627e+01
1.918431734165154978e+02 2.131119861263969639e+01 5.243316794694775496e+01
1.890111176351951769e+02 2.134465494379253414e+01 5.523103278214672684e+01
1.861783991493410326e+02 2.132818906129526937e+01 5.806607623968728404e+01
1.833454832974474300e+02 2.126223625562110797e+01 6.093750800125452116e+01
1.805128315251726860e+02 2.114723628729458582e+01 6.384453842834258808e+01
1.776809014253674093e+02 2.098363333870541325e+01 6.678637855689117941e+01
1.748501465966743069e+02 2.077187567723683514e+01 6.976224048705228142e+01
1.720232304001054615e+02 2.051750142828901602e+01 7.276537285784384324e+01
1.692160176248980008e+02 2.025672937552574737e+01 7.575319802458099616e+01
1.664318728473150770e+02 1.999764170571719646e+01 7.871639297921828415e+01
1.636706779244248082e+02 1.974038126071812727e+01 8.165497310184734658e+01
1.609322017969690251e+02 1.948482825330260226e+01 8.456926035832158561e+01
1.582162714125002765e+02 1.923099088245192334e+01 8.745942428467726870e+01
1.555227052866534621e+02 1.897885533796633339e+01 9.032565906423562296e+01
1.528513233983682369e+02 1.872840792099758644e+01 9.316815731462145322e+01
1.502019471904973216e+02 1.847963504409498725e+01 9.598711008711265436e+01
1.475743995289143413e+02 1.823252322809376835e+01 9.878270691039359974e+01
1.449685046989584691e+02 1.798705910184457224e+01 1.015551357943591455e+02
1.423840884052931699e+02 1.774322940220267952e+01 1.043045832302667293e+02
1.398209777624389858e+02 1.750102097330757900e+01 1.070312342008632243e+02
1.372790012726296709e+02 1.726042076489780541e+01 1.097352722040817241e+02
1.347579888183981893e+02 1.702141583174709893e+01 1.124168792609724079e+02
1.322577716516381656e+02 1.678399333283168815e+01 1.150762359274066142e+02
1.298215536272139161e+02 1.653451465443007606e+01 1.176866831610797988e+02
1.275564358502086293e+02 1.623905723467111883e+01 1.201822644113062069e+02
1.254574121123855406e+02 1.589873748280647625e+01 1.225666051324290322e+02
1.235147493042934599e+02 1.551617900685240592e+01 1.248462301738873492e+02
1.217192791390790632e+02 1.509385316228258134e+01 1.270272857433163978e+02
1.200623862896503624e+02 1.463408224975277960e+01 1.291155473590769702e+02
1.185359510387372239e+02 1.413905497424363489e+01 1.311164582961012286e+02
1.171323242336941206e+02 1.361083319619762300e+01 1.330351463755196448e+02
1.158443184699427349e+02 1.305135430809449026e+01 1.348764298750402020e+02
1.146651602432776400e+02 1.246244413218623492e+01 1.366448496047531762e+02
1.135884673729819667e+02 1.184582300628070684e+01 1.383446840420634771e+02
1.126082432995554825e+02 1.120310732083499872e+01 1.399799531543391424e+02
1.117188383996929275e+02 1.053581994681856848e+01 1.415544443323060761e+02
1.109150820506232122e+02 9.845345246163747177e+00 1.430714971806091569e+02
1.101913161532153538e+02 9.133247689438155348e+00 1.445354269318613945e+02
1.095412277879202350e+02 8.401327583917586495e+00 1.459518206809482308e+02
1.089602069365094223e+02 7.650842620493190971e+00 1.473240637335615304e+02
1.084443481458162069e+02 6.882833848649072550e+00 1.486547191760313922e+02
1.079898770937721508e+02 6.098313016636884853e+00 1.499463377509593158e+02
1.075932588902051350e+02 5.298225844683002173e+00 1.512012913539583678e+02
1.072511678746072619e+02 4.483461698178945909e+00 1.524218119791521246e+02
1.069604781530575650e+02 3.654856136320304039e+00 1.536099980475516702e+02
1.067182405939304317e+02 2.813197107745073033e+00 1.547678297910207164e+02
1.065216790814618264e+02 1.959225959533766881e+00 1.558971717576895060e+02
1.063681842497598495e+02 1.093639124783392091e+00 1.569997770023176145e+02
1.062552958199183308e+02 2.170928796582729248e-01 1.580772988982448624e+02
1.061806978179513266e+02 -6.697953686919378979e-01 1.591312943353849505e+02
1.061422124897628692e+02 -1.566445443296937245e+00 1.601632277895735115e+02
1.061377865247894192e+02 -2.472310687067277524e+00 1.611744805354488790e+02
1.061654879624205279e+02 -3.386877129629605410e+00 1.621663527152809934e+02
1.062234994510887418e+02 -4.309661671852699882e+00 1.631400678469468914e+02
1.063101074292081449e+02 -5.240209172029595130e+00 1.640967800591472212e+02
1.064237002290449539e+02 -6.178091935218239072e+00 1.650375753594514663e+02
1.065627623853755779e+02 -7.122908180445634230e+00 1.659634754403866737e+02
1.067258639495948245e+02 -8.074279162767634688e+00 1.668754448256125329e+02
1.069116586049738089e+02 -9.031848665677928878e+00 1.677743921303596437e+02
1.071188834659168236e+02 -9.995282947057754441e+00 1.686611701956935008e+02
1.073463471582159912e+02 -1.096426752894736012e+01 1.695365840598551017e+02
1.075929257827495746e+02 -1.193850611049154686e+01 1.704013936575449009e+02
1.078575621756044569e+02 -1.291772036869679496e+01 1.712563143147473284e+02
1.081392659806494265e+02 -1.390164997798636115e+01 1.721020167002129142e+02
1.084371019160620193e+02 -1.489004945016313819e+01 1.729391346722626395e+02
1.087501871826384132e+02 -1.588268743642407621e+01 1.737682670119964996e+02
1.090776919852178111e+02 -1.687934686780510773e+01 1.745899770746113688e+02
1.094188377545394246e+02 -1.787982447632498761e+01 1.754047939785900780e+02
1.097728899946478833e+02 -1.888392886866635934e+01 1.762132173890284719e+02
1.101392068067905683e+02 -1.989159869193162322e+01 1.770155978277131226e+02
1.105159741952163444e+02 -2.089998422768090691e+01 1.778151121425553356e+02
1.109017696365337713e+02 -2.190680994607550147e+01 1.786143163743417972e+02
1.112961573602054131e+02 -2.291187455491554914e+01 1.794136289291855633e+02
1.116987880214167177e+02 -2.391512925478776097e+01 1.802133037443331887e+02
1.121093353148864225e+02 -2.491653679031889723e+01 1.810135749743635927e+02
1.125274932056972972e+02 -2.591606489916004108e+01 1.818146634591323334e+02
1.129529776179799399e+02 -2.691368675341671590e+01 1.826167756019877686e+02
1.133855193703944479e+02 -2.790937911953393780e+01 1.834201080631127638e+02
1.138248638405195976e+02 -2.890312227086271335e+01 1.842248479824885408e+02
1.142707709648529431e+02 -2.989489998766002898e+01 1.850311729798950182e+02
1.147230151147091561e+02 -3.088469952585730027e+01 1.858392512374215642e+02
1.151813863470587336e+02 -3.187251194883864258e+01 1.866492406688172707e+02
1.156456901032297822e+02 -3.285833204344141478e+01 1.874612891193641815e+02
1.161157421363658813e+02 -3.384215700410479144e+01 1.882755377361753801e+02
1.165913681152147632e+02 -3.482398633067270310e+01 1.890921212314795810e+02
1.170724036241280714e+02 -3.580382182839384342e+01 1.899111678826211005e+02
1.175586941611478977e+02 -3.678166760743422259e+01 1.907327995333305921e+02
1.180500949242662614e+02 -3.775753003312262734e+01 1.915571317361578281e+02
1.185464732443462594e+02 -3.873141835571529157e+01 1.923842721358950598e+02
1.190477048941861824e+02 -3.970334375191057319e+01 1.932143229218830811e+02
1.195536721626152854e+02 -4.067331882951157240e+01 1.940473821079428092e+02
1.200642638544938166e+02 -4.164135762742611035e+01 1.948835435323749437e+02
1.205793752907131164e+02 -4.260747561566677177e+01 1.957228968579602508e+02
1.210989083081954192e+02 -4.357168969535086944e+01 1.965655275719593362e+02
1.216227711364304440e+02 -4.453401817328063572e+01 1.974115170687357192e+02
1.221508804577148908e+02 -4.549448129378838246e+01 1.982609412806844205e+02
1.226831589661173183e+02 -4.645310060380149508e+01 1.991138722999899073e+02
1.232195334713529888e+02 -4.740989847021983650e+01 1.999703796392700497e+02
1.237599348973472928e+02 -4.836489807955558007e+01 2.008305302325326238e+02
1.243042982822358056e+02 -4.931812343793318121e+01 2.016943884351753979e+02
1.248525627783642307e+02 -5.026959937108939869e+01 2.025620160239859047e+02
