2.540000000000000000e+02 7.000000000000000000e+00 0.000000000000000000e+00
2.525530284017451663e+02 7.795709359483820045e+00 7.078488811748523402e-01
2.510526912508786381e+02 8.574543211120728259e+00 1.486772061747144935e+00
2.494978643856748874e+02 9.336103465133279045e+00 2.338310130183171243e+00
2.478874005491799437e+02 1.007998379327163008e+01 3.264035386476790368e+00
2.462201290646489156e+02 1.080576951297782529e+01 4.265552287856555047e+00
2.444948556313873382e+02 1.151303751452030788e+01 5.344497729152321241e+00
2.427103612361788407e+02 1.220135587248272557e+01 6.502542537690323421e+00
2.408654019143294249e+02 1.287028376048074207e+01 7.741391801441181997e+00
2.389587083792026760e+02 1.351937131894170996e+01 9.062785377768760142e+00
2.369889859216741854e+02 1.414815961921972587e+01 1.046849803150407254e+01
2.349549128942625487e+02 1.475618012258053646e+01 1.196034151663432077e+01
2.328551404786569208e+02 1.534295459723189836e+01 1.354016489554867597e+01
2.306882923825051250e+02 1.590799501010587669e+01 1.520985495543012433e+01
2.284529645951878081e+02 1.645080343969404524e+01 1.697133654363949873e+01
2.261477247838418236e+02 1.697087186048580065e+01 1.882657339714040390e+01
2.237711106424299317e+02 1.746768155374892828e+01 2.077757040966062974e+01
2.213216298415941026e+02 1.794070308963184601e+01 2.282637370055777382e+01
2.187977599752092317e+02 1.838939630808867420e+01 2.497507068821279930e+01
2.161979476892380490e+02 1.881321000796092591e+01 2.722579128635487677e+01
2.135300548855786644e+02 1.921646463137955863e+01 2.956619661733603621e+01
2.108347578611574420e+02 1.962038604461961100e+01 3.193359539894414567e+01
2.081167293411609478e+02 2.002751340752244857e+01 3.432068323878505112e+01
2.053757858331684076e+02 2.043787259904807740e+01 3.672761907021827454e+01
2.026117423460746352e+02 2.085148970952430503e+01 3.915456312470018219e+01
1.998244123885856141e+02 2.126839104085895471e+01 4.160167693308726911e+01
1.970136079529333699e+02 2.168860310883649589e+01 4.406912333974066343e+01
1.941791392011772075e+02 2.211215268736119910e+01 4.655706677424142015e+01
1.913208151988771704e+02 2.253906670498246356e+01 4.906567261591024476e+01
1.884384436059140739e+02 2.296937228850055845e+01 5.159510746160803762e+01
1.855318304439515202e+02 2.340309679576266078e+01 5.414553932715012508e+01
1.826007800964357273e+02 2.384026781566289799e+01 5.671713764730621676e+01
1.796450953085956144e+02 2.428091316814230893e+01 5.931007327580039146e+01
1.766645771874429158e+02 2.472506090418885449e+01 6.192451848531120362e+01
1.736590252017719536e+02 2.517273930583744246e+01 6.456064696747155551e+01
1.706282371821598929e+02 2.562397688616988134e+01 6.721863383286874694e+01
1.675720093209664299e+02 2.607880238931491590e+01 6.989865561104448943e+01
1.644901361723341608e+02 2.653724479044822004e+01 7.260089025049494182e+01
1.613824106521881561e+02 2.699933329579240748e+01 7.532551711867053257e+01
1.582486240382364429e+02 2.746509734261697844e+01 7.807271700197628661e+01
1.550885659699695793e+02 2.793456659923840490e+01 8.084267210577142748e+01
1.519020244467390626e+02 2.840777096529117074e+01 8.363556605603494631e+01
1.487748886588459527e+02 2.880492641562010547e+01 8.643330676730361972e+01
1.458851493034543694e+02 2.896264127181965264e+01 8.919678149943234757e+01
1.432111011792403303e+02 2.890395866132839942e+01 9.192816554966303499e+01
1.407268555945334469e+02 2.865547118819489825e+01 9.463079552955592533e+01
1.384096537054176110e+02 2.824055524385340732e+01 9.730760571859065067e+01
1.362395027512113757e+02 2.767974481180668178e+01 9.996117482290203782e+01
1.341988303200953681e+02 2.699108674451323964e+01 1.025937704163986410e+02
1.322721895642289383e+02 2.619044368453582905e+01 1.052073868327812107e+02
1.304460142163186163e+02 2.529174580968170716e+01 1.078037766560203892e+02
1.287083712385321519e+02 2.430724501113792968e+01 1.103844825151820430e+02
1.270487839581133471e+02 2.324769663942257125e+01 1.129508598188067197e+02
1.254580367982109408e+02 2.212256016310338325e+01 1.155041018550658407e+02
1.239280364804124162e+02 2.094014179714845270e+01 1.180452576329776804e+02
1.224516670150956514e+02 1.970774351491920484e+01 1.205752505221476127e+02
1.210226764458831781e+02 1.843177942962176630e+01 1.230948928107975746e+02
1.196354829084476847e+02 1.711887641615147260e+01 1.256042272399450894e+02
1.182771306536586167e+02 1.589478152136515732e+01 1.280196792459801998e+02
1.169457743927451787e+02 1.484541600015632135e+01 1.302778119572511457e+02
1.156495895466539565e+02 1.394201189810218722e+01 1.323930545969670618e+02
1.143945455536596256e+02 1.316075140727178194e+01 1.343780816495210502e+02
1.131848585105871052e+02 1.248190102693602910e+01 1.362440590718613009e+02
1.120233375478456281e+02 1.188916317031316261e+01 1.380008219344514373e+02
1.109116747559368719e+02 1.136906265316369691e+01 1.396570767903753563e+02
1.098506801203887306e+02 1.091044496795302265e+01 1.412205691448839389e+02
1.088404732651262208e+02 1.050406249298210426e+01 1.426982234104970075e+02
1.078806390214197108e+02 1.014223454328484131e+01 1.440962596708813805e+02
1.069703524049529619e+02 9.818570168680350818e+00 1.454202906036073557e+02
1.061084782142189482e+02 9.527743485403918910e+00 1.466754015784456158e+02
1.052936539327173335e+02 9.265303273803423778e+00 1.478662199114031353e+02
1.045243551501133368e+02 9.027518793345128856e+00 1.489969725057937069e+02
1.037989454217208731e+02 8.811258899591400962e+00 1.500715323482835970e+02
1.031157202221324525e+02 8.613882822785839721e+00 1.510934615182673610e+02
1.024729383176670154e+02 8.433158058210819874e+00 1.520660450437775637e+02
1.018688471153102171e+02 8.267191710861791165e+00 1.529923200145025817e+02
1.013017044083691331e+02 8.114368344783635223e+00 1.538751030316867912e+02
1.007697911715514039e+02 7.973309577040978091e+00 1.547170092776388231e+02
1.002714261064972305e+02 7.842827330028590893e+00 1.555204748130472296e+02
9.980497141332118360e+01 7.721899846107074694e+00 1.562877695589441771e+02
9.936884177072279556e+01 7.609637213546419865e+00 1.570210153315930768e+02
9.896150614511907406e+01 7.505267438246623790e+00 1.577221947868493999e+02
9.858149280720346042e+01 7.408110770355933461e+00 1.583931663740430622e+02
9.822738907361775773e+01 7.317571903415872825e+00 1.590356705043840293e+02
9.789784321278752088e+01 7.233121617072299614e+00 1.596513417756866318e+02
9.759156369393460295e+01 7.154290591478377870e+00 1.602417143612963741e+02
9.730731846821478825e+01 7.080659600626042938e+00 1.608082301237553793e+02
9.704393424022376280e+01 7.011850520379335094e+00 1.613522461176243894e+02
9.680029460457785717e+01 6.947524898106041569e+00 1.618750373756752481e+02
9.657533837788895426e+01 6.887373937980142635e+00 1.623778060458416803e+02
9.636805795981639733e+01 6.831117386543798631e+00 1.628616837325485847e+02
9.617749730615190629e+01 6.778500532932297595e+00 1.633277356255303800e+02
9.600274934590272835e+01 6.729288084965022065e+00 1.637769675114622885e+02
9.584295467537212687e+01 6.683264748045469439e+00 1.642103265238949348e+02
9.569729936138337223e+01 6.640232723298509221e+00 1.646287050481923870e+02
9.556501188558137017e+01 6.600007673365237082e+00 1.650329465747290385e+02
9.544536213823964488e+01 6.562419190424724214e+00 1.654238462599756474e+02
9.533765998831138688e+01 6.527310063394394568e+00 1.658021527870912450e+02
9.524125144045154912e+01 6.494532898821304912e+00 1.661685744384058978e+02
9.515551765649698268e+01 6.463949876926451843e+00 1.665237801727865019e+02
9.507987453066080263e+01 6.435433456398096830e+00 1.668683994767692695e+02
9.501376954586017121e+01 6.408864169721301352e+00 1.672030269064766230e+02
9.495667932257558164e+01 6.384129435412048359e+00 1.675282252249446060e+02
9.490810910498835540e+01 6.361123729181969999e+00 1.678445257402799484e+02
9.486759282766817591e+01 6.339748969756148433e+00 1.681524279514432010e+02
9.483468934096097769e+01 6.319912703840906865e+00 1.684524043688624317e+02
9.480898073901009582e+01 6.301527563831028189e+00 1.687449024507172908e+02
9.479007203152518457e+01 6.284511321972304998e+00 1.690303448608962071e+02
9.477759148503612607e+01 6.268787312050643656e+00 1.693091288372583563e+02
9.477118790365727818e+01 6.254283309706437421e+00 1.695816295215293223e+02
9.477052820733214844e+01 6.240930878510997815e+00 1.698482026638322964e+02
9.477529735388743859e+01 6.228665361101951348e+00 1.701091847004717863e+02
9.478519813404624017e+01 6.217426042459202051e+00 1.703648928165735583e+02
9.479995146938003359e+01 6.207156159638317128e+00 1.706156246671349663e+02
9.481929270046083502e+01 6.197801897556375117e+00 1.708616625237588948e+02
9.484297090559591936e+01 6.189312247733077754e+00 1.711032740029952777e+02
9.487074883524230984e+01 6.181639000792409355e+00 1.713407121318187478e+02
9.490240289109868854e+01 6.174736864151051385e+00 1.715742152771753410e+02
9.493772344030189458e+01 6.168563468657207949e+00 1.718040068545753059e+02
9.497651153652610390e+01 6.163078601068594509e+00 1.720302989002256595e+02
9.501857841827995799e+01 6.158244106608870005e+00 1.722532926023934863e+02
9.506374550873120199e+01 6.154023888938080944e+00 1.724731783015888880e+02
9.511184420516121918e+01 6.150383906225354913e+00 1.726901356854414189e+02
9.516271683495477873e+01 6.147292388409726804e+00 1.729043327521742697e+02
