2.540000000000000000e+02 7.000000000000000000e+00 0.000000000000000000e+00
2.526978229093865878e+02 7.737946674928174673e+00 5.608803681093896820e-01
2.513472059363844835e+02 8.461384495787227067e+00 1.185986008749057463e+00
2.499470666314041125e+02 9.169965008492933833e+00 1.876778691704542590e+00
2.484962985932278059e+02 9.863332031351809803e+00 2.634752550649587466e+00
2.469937711391027051e+02 1.054112154861447159e+01 3.461434528930713128e+00
2.454383288911110128e+02 1.120296157701451101e+01 4.358384938482667614e+00
2.438287907419546343e+02 1.184847183207142862e+01 5.327198857305750934e+00
2.421639495702825968e+02 1.247726363623899282e+01 6.369506514127500907e+00
2.404425720145068226e+02 1.308893984592458892e+01 7.486973594035490009e+00
2.386633976342651522e+02 1.368309458092966402e+01 8.681302371542571450e+00
2.368251378011691202e+02 1.425931286654076757e+01 9.954233209459655285e+00
2.349264755723110625e+02 1.481717059271556813e+01 1.130754472981888625e+01
2.329660651524211801e+02 1.535623434054419079e+01 1.274305454062903742e+01
2.309425317840727132e+02 1.587606134682247472e+01 1.426261938423757947e+01
2.288544697773363623e+02 1.637619886830535876e+01 1.586813779974819205e+01
2.267004422470834299e+02 1.685618409694572151e+01 1.756155047798862512e+01
2.244789810482188841e+02 1.731554413899687717e+01 1.934484034902660099e+01
2.221885858795995432e+02 1.775379572588457933e+01 2.122003379299601633e+01
2.198277232771947638e+02 1.817044488934286406e+01 2.318920200058337144e+01
2.173948260617985682e+02 1.856498678321413109e+01 2.525446171930301986e+01
2.148882925556190173e+02 1.893690543067591392e+01 2.741797631207605690e+01
2.123111990891654841e+02 1.928798703304529383e+01 2.967471866982397799e+01
2.097017718922101039e+02 1.963722183961375833e+01 3.196573677605189445e+01
2.070692084595107474e+02 1.998925259869103499e+01 3.427676570175320592e+01
2.044133145787222361e+02 2.034410278032212815e+01 3.660797342361272655e+01
2.017338943900843731e+02 2.070179605363772524e+01 3.895952934318508198e+01
1.990307503637108653e+02 2.106235628959885986e+01 4.133160430653791195e+01
1.963036832995890961e+02 2.142580756099683370e+01 4.372437060425183830e+01
1.935524923275804667e+02 2.179217414245325557e+01 4.613800197142048631e+01
1.907769749068588681e+02 2.216148051048774903e+01 4.857267358813530933e+01
1.879769268060280183e+02 2.253375134592114648e+01 5.102856209668460963e+01
1.851521420717322144e+02 2.290901153766822773e+01 5.350584562869958916e+01
1.823024130159836602e+02 2.328728618426950092e+01 5.600470381611609128e+01
1.794275302095287543e+02 2.366860059469285815e+01 5.852531779691410208e+01
1.765272824671254170e+02 2.405298029011267857e+01 6.106787022784873642e+01
1.736014568255120878e+02 2.444045100657236702e+01 6.363254530350671700e+01
1.706498385358993914e+02 2.483103869589143997e+01 6.621952876280020917e+01
1.676722110492570437e+02 2.522476952744386836e+01 6.882900790169213678e+01
1.646683559930897047e+02 2.562166989096441938e+01 7.146117159328277069e+01
1.616380531636653757e+02 2.602176639748807219e+01 7.411621029453274900e+01
1.585810805121104181e+02 2.642508588103016720e+01 7.679431605828816032e+01
1.554972141195325150e+02 2.683165540159281903e+01 7.949568255479722723e+01
1.523862281895724493e+02 2.724150224606506754e+01 8.222050507815379206e+01
1.492478950305822138e+02 2.765465393037655417e+01 8.496898056170985569e+01
1.461118729075353144e+02 2.804321815508280835e+01 8.773533124879220679e+01
1.431776081370196607e+02 2.822196786726880902e+01 9.047878680664079809e+01
1.404589218154698926e+02 2.818101776586768992e+01 9.319410972038120633e+01
1.379293307033891836e+02 2.794793006133334501e+01 9.588428780122187334e+01
1.355656403208573124e+02 2.754684314816053359e+01 9.855193869824509534e+01
1.333475331142525420e+02 2.699890035251319276e+01 1.011993562501532722e+02
1.312572016467155436e+02 2.632263180694400262e+01 1.038285517696066620e+02
1.292790545417458077e+02 2.553426058394193632e+01 1.064412871392143103e+02
1.273994274193441498e+02 2.464800363188498977e+01 1.090391073456164435e+02
1.256063493992945723e+02 2.367631486165937460e+01 1.116233667594995609e+02
1.238893378519295112e+02 2.263009882564326247e+01 1.141952522363660592e+02
1.222392012144533737e+02 2.151891599987441595e+01 1.167558053095276591e+02
1.206478964978931998e+02 2.035113112939331970e+01 1.193059382276800591e+02
1.191083673918629842e+02 1.913408177263863408e+01 1.218464521761938784e+02
1.176144414642234608e+02 1.787418532386751124e+01 1.243780488472881700e+02
1.161595306029417145e+02 1.659810662264885650e+01 1.268863842407929354e+02
1.147344221394048560e+02 1.546389592534366741e+01 1.292594262943599972e+02
1.133445698038339771e+02 1.448604053089751353e+01 1.314812269476455526e+02
1.119965849063500372e+02 1.363855847247742759e+01 1.335656139554422168e+02
1.106951284586970559e+02 1.290063509604511083e+01 1.355242428951268039e+02
1.094433615738118135e+02 1.225498877934882636e+01 1.373674344830920973e+02
1.082432460232910501e+02 1.168730869086653712e+01 1.391043309105869525e+02
1.070957934139494654e+02 1.118573045108850827e+01 1.407430698022643583e+02
1.060012687157511522e+02 1.074040349537595596e+01 1.422909296310006084e+02
1.049593559769872684e+02 1.034313463547906764e+01 1.437544513068449419e+02
1.039692924330883415e+02 9.987095433277147549e+00 1.451395397588469223e+02
1.030299747215756696e+02 9.666586592045010917e+00 1.464515473249354329e+02
1.021400470763081785e+02 9.376838926090474757e+00 1.476953455855556570e+02
1.012979726428011418e+02 9.113848614556955496e+00 1.488753863554286738e+02
1.005020870882054282e+02 8.874249715937532201e+00 1.499957503118524471e+02
9.975064499744448199e+01 8.655201245030607282e+00 1.510601910581585230e+02
9.904185578399329870e+01 8.454295888990889907e+00 1.520721721914615614e+02
9.837390950525146138e+01 8.269491269169712666e+00 1.530348963285144634e+02
9.774500175144147818e+01 8.099041501749276506e+00 1.539513347448046261e+02
9.715334749827415806e+01 7.941454540668875239e+00 1.548242473556563823e+02
9.659719672005272173e+01 7.795443932993764591e+00 1.556562053637317433e+02
9.607484185533080279e+01 7.659900278794172124e+00 1.564496062644914502e+02
9.558462673621325223e+01 7.533858140428077554e+00 1.572066909960501278e+02
9.512494990147069984e+01 7.416477311370573311e+00 1.579295552282475228e+02
9.469426956960010955e+01 7.307018570074634845e+00 1.586201633539667739e+02
9.429110394661738326e+01 7.204833337730733867e+00 1.592803561039535793e+02
9.391403383349060618e+01 7.109344020300913947e+00 1.599118631841349156e+02
9.356170129772249311e+01 7.020039684494618015e+00 1.605163077825017410e+02
9.323281015855727105e+01 6.936460854669082465e+00 1.610952177331541009e+02
9.292612458766308237e+01 6.858195944674581490e+00 1.616500295106037299e+02
9.264046762098546139e+01 6.784873843186988829e+00 1.621820952408180290e+02
9.237471977884958108e+01 6.716156303169855235e+00 1.626926897634747604e+02
9.212781722878690971e+01 6.651737862651203592e+00 1.631830123607415430e+02
9.189874942017100068e+01 6.591338051946808108e+00 1.636541948535246433e+02
9.168655729370409802e+01 6.534699255980649824e+00 1.641073048591169368e+02
9.149033169024639278e+01 6.481586380581931373e+00 1.645433474908344351e+02
9.130921007013782287e+01 6.431781126086052680e+00 1.649632727081643964e+02
9.114237500538042980e+01 6.385081246193431426e+00 1.653679772517087088e+02
9.098905304275076844e+01 6.341300782212628384e+00 1.657583054967790019e+02
9.084851096638301726e+01 6.300265979117813941e+00 1.661350559645975125e+02
9.072005425307216342e+01 6.261814373088838259e+00 1.664989834215019755e+02
9.060302646861042319e+01 6.225795576905352569e+00 1.668507988276289780e+02
9.049680644212797631e+01 6.192069073102264731e+00 1.671911735873538305e+02
9.040080544633896409e+01 6.160502552434357071e+00 1.675207433781350517e+02
9.031446658921873905e+01 6.130972117081324058e+00 1.678401085478150208e+02
9.023726461953486933e+01 6.103362561886866544e+00 1.681498340765423336e+02
9.016870192212984136e+01 6.077565269972346584e+00 1.684504548196938174e+02
9.010830709394781479e+01 6.053477693884022237e+00 1.687424771970085544e+02
9.005563447723429249e+01 6.031003512842416647e+00 1.690263794964548651e+02
9.001026438930297502e+01 6.010052876902478580e+00 1.693026114792099861e+02
8.997179924195057765e+01 5.990540866741653758e+00 1.695715990792224659e+02
8.993986217044481180e+01 5.972387108488083740e+00 1.698337459422129143e+02
8.991409678607615774e+01 5.955515785877663504e+00 1.700894336410998449e+02
8.989416750702996239e+01 5.939855986376993968e+00 1.703390211113368480e+02
8.987975756313632303e+01 5.925340927098573296e+00 1.705828470536413022e+02
8.987056624822267281e+01 5.911907242568578802e+00 1.708212329727436156e+02
8.986630885142949410e+01 5.899494972036146478e+00 1.710544832494454113e+02
8.986671634490647875e+01 5.888047584557024372e+00 1.712828854050730456e+02
8.987153617402105965e+01 5.877512220510437757e+00 1.715067091995471458e+02
8.988052927929885527e+01 5.867838861366896808e+00 1.717262099694398501e+02
8.989346866946833359e+01 5.858980019402964423e+00 1.719416301606158299e+02
8.991013942146082627e+01 5.850890737701265998e+00 1.721531993282320059e+02
8.993033845402707982e+01 5.843528583331504933e+00 1.723611343475185436e+02
8.995387535012228852e+01 5.836853870165816360e+00 1.725656384969054784e+02
