2.540000000000000000e+02 7.000000000000000000e+00 0.000000000000000000e+00
2.530329534158436218e+02 7.722140050328460958e+00 2.426137157118907484e-01
2.520250649034330763e+02 8.433361787922383002e+00 5.385399394009020568e-01
2.509753476710016002e+02 9.133378427866576388e+00 8.890925830974441002e-01
2.498827913486547345e+02 9.821896316947386296e+00 1.295616970982460314e+00
2.487463616147896914e+02 1.049861482482214292e+01 1.759490337098786661e+00
2.475649995259590526e+02 1.116322614879400099e+01 2.282122718166211595e+00
2.463376207703383898e+02 1.181541509633347076e+01 2.864957948168434854e+00
2.450631153744469657e+02 1.245485899964012688e+01 3.509474049084271297e+00
2.437403470975050936e+02 1.308122753920718928e+01 4.217184037773420435e+00
2.423681523122230033e+02 1.369418241777349721e+01 4.989637417079689108e+00
2.409453396985786924e+02 1.429337727111539458e+01 5.828420583803245236e+00
2.394706899561568321e+02 1.487845758424444043e+01 6.735157211949617917e+00
2.379429547120654433e+02 1.544906037326332005e+01 7.711509707686857951e+00
2.363608554543329205e+02 1.600481387464309435e+01 8.759180630361823816e+00
2.347230833020610135e+02 1.654533747826414469e+01 9.879912998721573913e+00
2.330282985679043293e+02 1.707024159995827262e+01 1.107549087381085684e+01
2.312751299720881377e+02 1.757912745253628728e+01 1.234774040612379409e+01
2.294621728830480833e+02 1.807158653325222630e+01 1.369853217956355351e+01
2.275879892277433498e+02 1.854720059767608120e+01 1.512978133092954280e+01
2.256511067043249170e+02 1.900554143032751497e+01 1.664344859886848838e+01
2.236500189492519155e+02 1.944617089336145455e+01 1.824154010122313352e+01
2.215831832887578514e+02 1.986864027152535783e+01 1.992611033071333893e+01
2.194490196291661164e+02 2.027248994888664413e+01 2.169926363334612773e+01
2.172459104547575919e+02 2.065724940821163003e+01 2.356315421125591669e+01
2.149720920486038835e+02 2.102238856544315126e+01 2.552015011373309505e+01
2.126503215420324580e+02 2.137835610433588585e+01 2.753564304209858093e+01
2.103071651573485497e+02 2.173720299378971532e+01 2.956939662989574558e+01
2.079425081530424393e+02 2.209898518666974354e+01 3.162146335841066502e+01
2.055561653478889355e+02 2.246372796425129792e+01 3.369200095564820430e+01
2.031479499524903360e+02 2.283145682736032711e+01 3.578116851937306819e+01
2.007176735692769114e+02 2.320219749637335127e+01 3.788912651710978707e+01
1.982651459355819554e+02 2.357597594629362447e+01 4.001603700497938831e+01
1.957901753430367080e+02 2.395281834949340549e+01 4.216206327047563462e+01
1.932925687552432237e+02 2.433275105965061869e+01 4.432736973224307775e+01
1.907721313777533680e+02 2.471580067045518803e+01 4.651212230634388334e+01
1.882286666578097822e+02 2.510199401564455357e+01 4.871648840647893763e+01
1.856619762843461103e+02 2.549135816900369633e+01 5.094063694398789011e+01
1.830718601879870562e+02 2.588392044436510275e+01 5.318473832784913213e+01
1.804581165410481276e+02 2.627970839560881444e+01 5.544896446467978279e+01
1.778205417575359490e+02 2.667874981666237133e+01 5.773348875873569597e+01
1.751589304931480342e+02 2.708107274150085786e+01 6.003848611191149587e+01
1.724730756452727860e+02 2.748670544414687811e+01 6.236413292374052020e+01
1.697627683529896672e+02 2.789567643867055935e+01 6.471060709139482015e+01
1.670277979970691433e+02 2.830801447918956626e+01 6.707808800968527407e+01
1.642679521999724273e+02 2.872374855986907249e+01 6.946675657106139568e+01
1.614830168005680093e+02 2.914290791837348493e+01 7.187679518714712401e+01
1.586727757012854454e+02 2.956552205673358458e+01 7.430838791892682593e+01
1.558377694517350278e+02 2.999093088075928293e+01 7.676156248652448255e+01
1.530837889329705206e+02 3.032339013384179793e+01 7.921390066012831710e+01
1.505473070927939148e+02 3.044118698083378405e+01 8.163498396650547306e+01
1.481994340136890571e+02 3.037314608121950243e+01 8.402870460036552913e+01
1.460167843959701202e+02 3.014272172911151415e+01 8.639811172450977494e+01
1.439782464807753399e+02 2.977102218953839596e+01 8.874601282610908015e+01
1.420654165290031585e+02 2.927644765013803507e+01 9.107485569513517021e+01
1.402622655355315544e+02 2.867502351471393496e+01 9.338677269302903028e+01
1.385548322579845149e+02 2.798070738162348903e+01 9.568362152613940452e+01
1.369309445928263926e+02 2.720566767418145204e+01 9.796702225393373453e+01
1.353800096310889671e+02 2.636049358982953450e+01 1.002383851748372763e+02
1.338927870410019239e+02 2.545442172278341886e+01 1.024989409266778466e+02
1.324612368863172378e+02 2.449548824925653179e+01 1.047497607002120219e+02
1.310783462933174803e+02 2.349070226448867516e+01 1.069917792620765908e+02
1.297380118616574975e+02 2.244616337464230327e+01 1.092258105735658944e+02
1.284349112145351910e+02 2.136719014962343266e+01 1.114525648519788206e+02
1.271644114629747833e+02 2.025841166092579471e+01 1.136726607288508148e+02
1.259224722839332884e+02 1.912386440578096369e+01 1.158866381236046408e+02
1.247055781072377840e+02 1.796706012179530987e+01 1.180949672508220374e+02
1.235106610195444148e+02 1.679106288478322639e+01 1.202980588605271919e+02
1.223365706469360674e+02 1.566948134558603911e+01 1.224436192225942079e+02
1.211898612507466311e+02 1.470779602315347212e+01 1.244497118008823975e+02
1.200778708635292702e+02 1.388209411681675221e+01 1.263274038834196062e+02
1.190058957800273163e+02 1.317021428886803136e+01 1.280882397181161139e+02
1.179776029877214114e+02 1.255380684389211332e+01 1.297423964140201633e+02
1.169953614413505960e+02 1.201770215104140149e+01 1.312988578071388588e+02
1.160605147536879826e+02 1.154934225259516367e+01 1.327655927127885036e+02
1.151736010276779467e+02 1.113831743652101203e+01 1.341497024137769642e+02
1.143345300929426429e+02 1.077598788531734897e+01 1.354575430000404310e+02
1.135427273909918995e+02 1.045517208369842344e+01 1.366948279113048557e+02
1.127972516604963857e+02 1.016988774100668103e+01 1.378667148764076273e+02
1.120968889356094564e+02 9.915140426011557651e+00 1.389778785753646559e+02
1.114402255851702535e+02 9.686755389771523284e+00 1.400325699632939234e+02
1.108257106289853056e+02 9.481230798152790129e+00 1.410346692687658390e+02
1.102517034564549334e+02 9.295620965221974785e+00 1.419877297596673884e+02
1.097165097770228641e+02 9.127445043967059135e+00 1.428950131421410106e+02
1.092184145527643437e+02 8.974600572399761944e+00 1.437595240295504198e+02
1.087557021239402104e+02 8.835305876851133888e+00 1.445840344683951457e+02
1.083266766018994360e+02 8.708040704274868204e+00 1.453711095209519328e+02
1.079296739309740047e+02 8.591505707922248547e+00 1.461231263205691846e+02
1.075630729826327610e+02 8.484584245576767714e+00 1.468422922797022352e+02
1.072253024226281326e+02 8.386313205780368207e+00 1.475306603769405740e+02
1.069148464050183520e+02 8.295857497411132542e+00 1.481901427920363403e+02
1.066302473126612966e+02 8.212490977334198305e+00 1.488225224055088916e+02
1.063701087778748189e+02 8.135576697565609194e+00 1.494294645515166167e+02
1.061330953125380461e+02 8.064557422796788444e+00 1.500125242268106831e+02
1.059179337784433983e+02 7.998937805654139588e+00 1.505731577772781407e+02
1.057234115637298970e+02 7.938281604175731587e+00 1.511127264898761950e+02
1.055483761737754378e+02 7.882197586964242220e+00 1.516325071869407282e+02
1.053917336313343895e+02 7.830336061276393700e+00 1.521336961264660204e+02
1.052524465181442963e+02 7.782383874769338128e+00 1.526174143201853042e+02
1.051295320275434761e+02 7.738055850203752861e+00 1.530847154341801399e+02
1.050220602511764980e+02 7.697095453468433490e+00 1.535365867785125715e+02
1.049291515615624064e+02 7.659269115645900072e+00 1.539739556865948202e+02
1.048499742225894380e+02 7.624361995435534389e+00 1.543976946516826843e+02
1.047837431352859738e+02 7.592179088875360193e+00 1.548086216003185314e+02
1.047297168768701425e+02 7.562541162145452134e+00 1.552075053969973339e+02
1.046871949959100903e+02 7.535281789727132029e+00 1.555950703251287166e+02
1.046555171717166246e+02 7.510248264475258395e+00 1.559719961494472784e+02
1.046340612325762010e+02 7.487300028225326365e+00 1.563389209626148215e+02
1.046222393350305992e+02 7.466305627133412948e+00 1.566964466870761896e+02
1.046194971634327402e+02 7.447142718980705567e+00 1.570451397588908833e+02
1.046253136432506352e+02 7.429698779658250984e+00 1.573855308611932173e+02
1.046391973211928246e+02 7.413868667720440619e+00 1.577181198104407827e+02
1.046606840760816794e+02 7.399553600590508040e+00 1.580433782711771471e+02
1.046893366372348027e+02 7.386661333882489799e+00 1.583617500403751990e+02
1.047247448302858999e+02 7.375106646940560395e+00 1.586736504829765408e+02
1.047665217541439233e+02 7.364809512374906220e+00 1.589794711534458145e+02
1.048143018562972628e+02 7.355694492014133168e+00 1.592795818917640531e+02
1.048677406850943328e+02 7.347690763434536088e+00 1.595743310174265162e+02
1.049265152023696999e+02 7.340732603551360924e+00 1.598640447088794758e+02
1.049903219223582482e+02 7.334758532367551709e+00 1.601490292280213907e+02
1.050588736757828769e+02 7.329710416451838739e+00 1.604295743576107043e+02
1.051318994980302364e+02 7.325533448572026707e+00 1.607059535123411251e+02
1.052091443029857913e+02 7.322176203343982337e+00 1.609784239792145968e+02
1.052903698105666876e+02 7.319590974225986812e+00 1.612472258741061921e+02
