2.540000000000000000e+02 7.000000000000000000e+00 0.000000000000000000e+00
2.529905475091159417e+02 7.716240708732409637e+00 2.890628440864474458e-01
2.519390875928289688e+02 8.420825133018768227e+00 6.330451434554379420e-01
2.508446369120789257e+02 9.113456387090305810e+00 1.033259531309181467e+00
2.497061893926019138e+02 9.793830703695277862e+00 1.491049009010640747e+00
2.485227158845909514e+02 1.046163733107734295e+01 2.007787400693687108e+00
2.472931635847493794e+02 1.111655835802943315e+01 2.584880125258413042e+00
2.460164552634276731e+02 1.175826847994471791e+01 3.223765228733041610e+00
2.446914889521799807e+02 1.238643490423871540e+01 3.925913801623649668e+00
2.433171376186721488e+02 1.300071725194299432e+01 4.692830413157642155e+00
2.418922479190961212e+02 1.360076718005603524e+01 5.526054777759783043e+00
2.404156399017570607e+02 1.418622829181770939e+01 6.427162150989593314e+00
2.388861066058297808e+02 1.475673601525196865e+01 7.397763865503328873e+00
2.373024136868293397e+02 1.531191748979445322e+01 8.439507831339380317e+00
2.356632978386419950e+02 1.585139108863561574e+01 9.554080643704297771e+00
2.339674666000503009e+02 1.637476636015529152e+01 1.074320784140795659e+01
2.322135977657328567e+02 1.688164384962921005e+01 1.200865469363066929e+01
2.304003394588302456e+02 1.737161512119574525e+01 1.335222610298798429e+01
2.285263082670144001e+02 1.784426219363643895e+01 1.477576909529742188e+01
2.265900884224946026e+02 1.829915729216058295e+01 1.628117391489344001e+01
2.245902317879147461e+02 1.873586284413631020e+01 1.787037404346491343e+01
2.225252572147639967e+02 1.915393128487857055e+01 1.954534705706693387e+01
2.203936492858281042e+02 1.955290467698507229e+01 2.130811630589906258e+01
2.181938577121838989e+02 1.993231452780269208e+01 2.316075171978280878e+01
2.159241517461028934e+02 2.029161278196147933e+01 2.510559234245965499e+01
2.136043732180602319e+02 2.064049768013562414e+01 2.711197922633580148e+01
2.112616122043083351e+02 2.099201249996027485e+01 2.913827621088453768e+01
2.088962621718406467e+02 2.134646647219588900e+01 3.118374375003823928e+01
2.065081201856931159e+02 2.170388600156577041e+01 3.324855406800269719e+01
2.040969814437296463e+02 2.206429773573882613e+01 3.533288097359087487e+01
2.016626392656934854e+02 2.242772856675418680e+01 3.743689986951510917e+01
1.992048850932065420e+02 2.279420563102124575e+01 3.956078775238701439e+01
1.967235084897698414e+02 2.316375630931961993e+01 4.170472321271762439e+01
1.942182971407632692e+02 2.353640822679918898e+01 4.386888643491723627e+01
1.916890368517725562e+02 2.391218925319792277e+01 4.605345919871664506e+01
1.891355115096107227e+02 2.429112750791295028e+01 4.825862491224269490e+01
1.865575030438628517e+02 2.467325136500493699e+01 5.048456864465949678e+01
1.839547914194476732e+02 2.505858945416575878e+01 5.273147713247830382e+01
1.813271546278780306e+02 2.544717066185488719e+01 5.499953878697430554e+01
1.786743686651738301e+02 2.583902413417421684e+01 5.728894371293210952e+01
1.759962075103788663e+02 2.623417927966260876e+01 5.959988372687613634e+01
1.732924431161585801e+02 2.663266577051990325e+01 6.193255236505341799e+01
1.705628453839086660e+02 2.703451354584503008e+01 6.428714490455422492e+01
1.678071821439947655e+02 2.743975281420742363e+01 6.666385838008444864e+01
1.650252191457151696e+02 2.784841405495298261e+01 6.906289159248268561e+01
1.622167200302717163e+02 2.826052802172090495e+01 7.148444513165976844e+01
1.593814463131385537e+02 2.867612574473779219e+01 7.392872139156068556e+01
1.565191573690303812e+02 2.909523853277350725e+01 7.639592458292422350e+01
1.537120244718439892e+02 2.944467222208516688e+01 7.886952172143884354e+01
1.511189440592255551e+02 2.958466966106688645e+01 8.131602740212348124e+01
1.487230318785761369e+02 2.953301662325668531e+01 8.373650123715768245e+01
1.464979558313559380e+02 2.931556543358499312e+01 8.613420094339517163e+01
1.444212881439997602e+02 2.895437503781527511e+01 8.851186732234016574e+01
1.424735558365497354e+02 2.846859783110089026e+01 9.087188037997309209e+01
1.406378669134859649e+02 2.787484736436064026e+01 9.321630497043764763e+01
1.388995572009865214e+02 2.718754574129557611e+01 9.554693391871155939e+01
1.372458963457994230e+02 2.641921281966617130e+01 9.786532391939262254e+01
1.356658440178217688e+02 2.558070602848313158e+01 1.001728253053993569e+02
1.341498071647573056e+02 2.468145915029799298e+01 1.024706116882111644e+02
1.326894713054585111e+02 2.372964827356002360e+01 1.047597005576659228e+02
1.312776099935569789e+02 2.273237921829426256e+01 1.070409765472643215e+02
1.299079596721629741e+02 2.169581063828174550e+01 1.093152067149425051e+02
1.285750774870417956e+02 2.062529388654504814e+01 1.115830579046901079e+02
1.272742446825697868e+02 1.952546804223473131e+01 1.138451085423156286e+02
1.260013612711814233e+02 1.840036352155639321e+01 1.161018614967566123e+02
1.247528635747963222e+02 1.725316576742886454e+01 1.183540207693389306e+02
1.235292477441140733e+02 1.618218378955796410e+01 1.205185408827271374e+02
1.223381603650921647e+02 1.526014031215138012e+01 1.225270884220966963e+02
1.211856569899734524e+02 1.446339010940939573e+01 1.243937840834160227e+02
1.200759877869445376e+02 1.377208105379733816e+01 1.261312744121276523e+02
1.190119658241064968e+02 1.316973915362303060e+01 1.277507311228330167e+02
1.179952647610931535e+02 1.264267661212606875e+01 1.292620660153621088e+02
1.170266603200661706e+02 1.217950594546810628e+01 1.306741101185992875e+02
1.161062254447346334e+02 1.177074193902617338e+01 1.319947629703625296e+02
1.152334907379858606e+02 1.140846949287339385e+01 1.332311194786056774e+02
1.144075744350690371e+02 1.108606942716095212e+01 1.343895769874148414e+02
1.136272841834052372e+02 1.079799897744323367e+01 1.354759231406564197e+02
1.128912011748822124e+02 1.053960637140262691e+01 1.364954118533071608e+02
1.121977493080628960e+02 1.030697390850990303e+01 1.374528295372670073e+02
1.115452454308261139e+02 1.009679935147257268e+01 1.383525470874662631e+02
1.109319439442841002e+02 9.906287847873654684e+00 1.391985683701451819e+02
1.103560701826059756e+02 9.733066085839936932e+00 1.399945706788711846e+02
1.098158446775036197e+02 9.575116475883366007e+00 1.407439370128261373e+02
1.093095063917337342e+02 9.430711174812023145e+00 1.414497894657464769e+02
1.088353246200410211e+02 9.298372830994862781e+00 1.421150109155921371e+02
1.083916141032268996e+02 9.176825235255543944e+00 1.427422721467883093e+02
1.079767400621122135e+02 9.064969678326272984e+00 1.433340469376865940e+02
1.075891272927175919e+02 8.961848248409950202e+00 1.438926342674997443e+02
1.072272612813121668e+02 8.866630186188814378e+00 1.444201687220305246e+02
1.068896929897037751e+02 8.778584340864574287e+00 1.449186390946794631e+02
1.065750381720794024e+02 8.697071105820576520e+00 1.453898958095004730e+02
1.062819785786610254e+02 8.621523579873404231e+00 1.458356656062642571e+02
1.060092611225532835e+02 8.551439400910423316e+00 1.462575591915073687e+02
1.057556963341412768e+02 8.486372565097106246e+00 1.466570795775279521e+02
1.055201573294547899e+02 8.425921434008992961e+00 1.470356331364420726e+02
1.053015776066663278e+02 8.369728360987132021e+00 1.473945320043045228e+02
1.050989487299634249e+02 8.317469430101942507e+00 1.477350048986664319e+02
1.049113182656833629e+02 8.268850886878279738e+00 1.480582020749520495e+02
1.047377878387789849e+02 8.223608503959690452e+00 1.483651977029887234e+02
1.045775096183150481e+02 8.181499768846924425e+00 1.486569997640610552e+02
1.044296845557035311e+02 8.142302979478781566e+00 1.489345524819180184e+02
1.042935608560544551e+02 8.105817065850450476e+00 1.491987379226898440e+02
1.041684297622605868e+02 8.071856000816104881e+00 1.494503846896495531e+02
1.040536239790568800e+02 8.040247947218979618e+00 1.496902701346405991e+02
1.039485168753375746e+02 8.010836138641533211e+00 1.499191203748140424e+02
1.038525186358797043e+02 7.983475257091223298e+00 1.501376169862284655e+02
1.037650737588241014e+02 7.958029785442802151e+00 1.503464007618543690e+02
1.036856604671697539e+02 7.934374610558212026e+00 1.505460717631283671e+02
1.036137897519004127e+02 7.912394583933160419e+00 1.507371905967393957e+02
1.035490007173952733e+02 7.891981819543246957e+00 1.509202851000435430e+02
1.034908597177646499e+02 7.873035393066595944e+00 1.510958514130134915e+02
1.034389600688729871e+02 7.855461873233014813e+00 1.512643538050105860e+02
1.033929211998722906e+02 7.839174817942828000e+00 1.514262259029508471e+02
1.033523842234691301e+02 7.824092926600384246e+00 1.515818764455503356e+02
1.033170113925328621e+02 7.810139885377337166e+00 1.517316899287764329e+02
1.032864857132640424e+02 7.797244552414166030e+00 1.518760268171993744e+02
1.032605115458115819e+02 7.785341222734919242e+00 1.520152227516943242e+02
1.032388104489752578e+02 7.774368113878542985e+00 1.521495937633517315e+02
1.032211198637650114e+02 7.764267021207362340e+00 1.522794378118165923e+02
1.032071930034109073e+02 7.754983312215533608e+00 1.524050348944044231e+02
1.031967990176023022e+02 7.746466213723189220e+00 1.525266466490307948e+02
1.031897227158142698e+02 7.738668589155122568e+00 1.526445168037698465e+02
1.031857608700015021e+02 7.731545927631242598e+00 1.527588755333549670e+02
1.031847218361063341e+02 7.725056264173375986e+00 1.528699398852463958e+02
