2.540000000000000000e+02 7.000000000000000000e+00 0.000000000000000000e+00
2.527869202814283369e+02 7.696836376061384932e+00 5.013365475337312471e-01
2.515248342253287603e+02 8.381737808738206397e+00 1.067589806900749894e+00
2.502124328032948881e+02 9.054372471728433069e+00 1.700509617067587076e+00
2.488483720345836048e+02 9.714399676306086917e+00 2.401892542248964979e+00
2.474312724499825435e+02 1.036146973538016702e+01 3.173582588625995626e+00
2.459597178173485759e+02 1.099522364034548971e+01 4.017472908080496730e+00
2.444322540410396982e+02 1.161529278202442939e+01 4.935507269467410474e+00
2.428473886843117100e+02 1.222129882956752311e+01 5.929680697085685459e+00
2.412035898081850291e+02 1.281285343603832949e+01 7.002041022916564827e+00
2.394992842141228380e+02 1.338955779283105763e+01 8.154691235859239384e+00
2.377328569328802814e+02 1.395100250006404963e+01 9.389790165052726678e+00
2.359026507314091532e+02 1.449676744155189034e+01 1.070955313905770367e+01
2.340069641267686507e+02 1.502642128121653897e+01 1.211625464091858007e+01
2.320440497765159762e+02 1.553952105495833536e+01 1.361223045993377667e+01
2.300121140295504176e+02 1.603561205676856716e+01 1.519987829210215580e+01
2.279093162404091117e+02 1.651422766486519933e+01 1.688165865678436717e+01
2.257337670570933028e+02 1.697488890755588287e+01 1.866009718559465469e+01
2.234835258180852122e+02 1.741710380323225493e+01 2.053778810213599471e+01
2.211566004610687344e+02 1.784036733722495782e+01 2.251739434402654538e+01
2.187509465741067629e+02 1.824416122122253725e+01 2.460164883131192681e+01
2.162642185238557602e+02 1.862784593219166851e+01 2.679374164689638960e+01
2.137199037508991069e+02 1.900202535988203678e+01 2.905662835506590014e+01
2.111470473861300832e+02 1.937957642221618926e+01 3.134478568129911125e+01
2.085457213993656183e+02 1.976069455723981250e+01 3.365790220986058046e+01
2.059156310074233147e+02 2.014541669951561076e+01 3.599623637597269266e+01
2.032564782914959665e+02 2.053378017648128662e+01 3.836004936384742336e+01
2.005679621754961488e+02 2.092582271116277326e+01 4.074960512567156456e+01
1.978497784260561900e+02 2.132158242217424515e+01 4.316517038160662878e+01
1.951016196525283704e+02 2.172109782371814291e+01 4.560701461978893434e+01
1.923231753069846093e+02 2.212440782558516261e+01 4.807541009632952722e+01
1.895141315822785373e+02 2.253155174592635390e+01 5.057063192468269364e+01
1.866741710242804686e+02 2.294256935983821322e+01 5.309295841559909235e+01
1.838029737468247617e+02 2.335750074713644864e+01 5.564267001198474105e+01
1.809002165299526155e+02 2.377638640534110337e+01 5.822005007946867039e+01
1.779655726274349092e+02 2.419926727379273501e+01 6.082538507514700399e+01
1.749987117667717769e+02 2.462618473365245819e+01 6.345896454758307215e+01
1.719993001491928055e+02 2.505718060790188417e+01 6.612108113680730526e+01
1.689670004496569788e+02 2.549229716134317769e+01 6.881203057431729064e+01
1.659014718168527907e+02 2.593157710059903565e+01 7.153211168307772994e+01
1.628023698731980460e+02 2.637506357411266222e+01 7.428162637752052433e+01
1.596693467148400032e+02 2.682280017214782220e+01 7.706087966354471064e+01
1.565020509116553171e+02 2.727483092678879117e+01 7.987017963851637603e+01
1.533001275072501528e+02 2.773120031194038404e+01 8.270983749126885698e+01
1.500730391436122204e+02 2.818308848409363421e+01 8.557847685415656258e+01
1.470250659111082143e+02 2.844692195499111875e+01 8.844019421788888735e+01
1.442129086825319177e+02 2.847480787633710619e+01 9.128224998134663792e+01
1.416051044499433260e+02 2.829836209506424183e+01 9.410714480976902507e+01
1.391744039121216758e+02 2.794496618160836121e+01 9.691704455621616887e+01
1.368971990314562674e+02 2.743834268083993777e+01 9.971382573457354681e+01
1.347530310635739283e+02 2.679904948230218409e+01 1.024991146120592305e+02
1.327241839579107250e+02 2.604488840306669672e+01 1.052743195180557905e+02
1.307953060706001338e+02 2.519128532015888666e+01 1.080406609032228431e+02
1.289530946206607496e+02 2.425160725361945779e+01 1.107991964129511473e+02
1.271860329611111524e+02 2.323742637700220115e+01 1.135508417640885739e+02
1.254841338916913855e+02 2.215877795679335804e+01 1.162963911415921530e+02
1.238387539942581412e+02 2.102434692270288608e+01 1.190365319516412512e+02
1.222423992916775433e+02 1.984166315678444548e+01 1.217718602641942169e+02
1.206885806583013618e+02 1.861724678827714641e+01 1.245028923022311602e+02
1.191716739011295374e+02 1.735674879497836187e+01 1.272300755598579229e+02
1.176904523823529587e+02 1.610633763257806095e+01 1.299191377214786201e+02
1.162585477407334196e+02 1.500651020713709194e+01 1.324510840113154586e+02
1.148829078608604277e+02 1.405063758348316227e+01 1.348251505054107611e+02
1.135673179663139081e+02 1.321612596915743509e+01 1.370554629834117009e+02
1.123140994755897992e+02 1.248455218895470509e+01 1.391541937307078456e+02
1.111243928966452330e+02 1.184055773785397747e+01 1.411321681530605474e+02
1.099984125770645704e+02 1.127131918988167314e+01 1.429990543001535173e+02
1.089356526464833905e+02 1.076611358036568333e+01 1.447635210642631307e+02
1.079350541513902186e+02 1.031595962168162117e+01 1.464333712271252921e+02
1.069951419208621388e+02 9.913318190969325983e+00 1.480156547940400458e+02
1.061141346839449966e+02 9.551845409494534422e+00 1.495167647438510699e+02
1.052900311043381691e+02 9.226194296871096157e+00 1.509425160067425224e+02
1.045206815326838097e+02 8.931844726094668729e+00 1.522982148844774599e+02
1.038038453104938412e+02 8.664962099330042022e+00 1.535887187320670648e+02
1.031372327148907004e+02 8.422288721179459259e+00 1.548184836230742292e+02
1.025185421591014006e+02 8.201043958547133528e+00 1.559916093119252309e+02
1.019454867265923070e+02 7.998846902576437046e+00 1.571118760088355373e+02
1.014158141991654247e+02 7.813654167022184183e+00 1.581827750768768510e+02
1.009273248681107873e+02 7.643700243525972660e+00 1.592075396557646627e+02
1.004778807891552930e+02 7.487459953369628884e+00 1.601891656101689421e+02
1.000654167327191004e+02 7.343603595075842705e+00 1.611304366425935939e+02
9.968794355967766307e+01 7.210973704452031008e+00 1.620339392653289110e+02
9.934355400912303935e+01 7.088551862240453083e+00 1.629020833599065554e+02
9.903042278013769817e+01 6.975444604712304653e+00 1.637371129296498964e+02
9.874680876661520301e+01 6.870858341726555629e+00 1.645411234595229359e+02
9.849105344516323157e+01 6.774091341971185010e+00 1.653160694472622652e+02
9.826158046837963411e+01 6.684514995120762748e+00 1.660637791430754930e+02
9.805689362253357899e+01 6.601568152825011637e+00 1.667859606381997253e+02
9.787557445499820119e+01 6.524745697613695050e+00 1.674842126687418613e+02
9.771627996859844245e+01 6.453590824144225913e+00 1.681600325109429832e+02
9.757773992970541599e+01 6.387691879873569789e+00 1.688148207036945223e+02
9.745875333404217145e+01 6.326672408492770572e+00 1.694498917104618556e+02
9.735818632609066015e+01 6.270190622609488784e+00 1.700664760987570503e+02
9.727496862041884640e+01 6.217934160936844812e+00 1.706657276192899246e+02
9.720809001048414189e+01 6.169615051893403646e+00 1.712487300519678968e+02
9.715659883771431282e+01 6.124970271967756119e+00 1.718164980826491615e+02
9.711959780524568941e+01 6.083757074495882655e+00 1.723699844614323808e+02
9.709624083448755982e+01 6.045750208917245239e+00 1.729100848194638615e+02
9.708573209598719700e+01 6.010742634969278519e+00 1.734376379468806704e+02
9.708732211997747186e+01 5.978542409652942702e+00 1.739534315010965599e+02
9.710030431797237327e+01 5.948970334833745710e+00 1.744582067802712118e+02
9.712401432339142104e+01 5.921860452234516181e+00 1.749526589054451051e+02
9.715782800130564567e+01 5.897059027679318888e+00 1.754374392981472681e+02
9.720115667662517467e+01 5.874421923205442653e+00 1.759131617685524702e+02
9.725344628079595566e+01 5.853814431870355328e+00 1.763804033701072456e+02
9.731417720021710238e+01 5.835111766600011407e+00 1.768397041533184790e+02
9.738286060003758848e+01 5.818197237038058134e+00 1.772915717013893868e+02
9.745903546864312261e+01 5.802961128883797670e+00 1.777364845116267134e+02
9.754226824011384167e+01 5.789300749092965326e+00 1.781748922827071908e+02
9.763215301909316679e+01 5.777120779270850548e+00 1.786072154514568808e+02
9.772830781259993671e+01 5.766331778109477391e+00 1.790338495568447854e+02
9.783037223302935104e+01 5.756849487288993927e+00 1.794551677321291265e+02
9.793800728585424054e+01 5.748594828804961310e+00 1.798715208879687850e+02
9.805089572362128081e+01 5.741494223777596773e+00 1.802832371656379848e+02
9.816873984332370640e+01 5.735478790321796083e+00 1.806906244316638208e+02
9.829125844383169408e+01 5.730483501136394153e+00 1.810939735197517280e+02
9.841818671801087248e+01 5.726447160762266897e+00 1.814935583402609609e+02
9.854927606194443968e+01 5.723312461984020771e+00 1.818896359995878527e+02
9.868429462741227098e+01 5.721026129860335985e+00 1.822824462183524190e+02
9.882302371997485579e+01 5.719537924788872907e+00 1.826722151690555620e+02
9.896525683440036403e+01 5.718800414346587146e+00 1.830591564739690398e+02
9.911079961570162311e+01 5.718768966500161532e+00 1.834434712435807455e+02
9.925946987245519892e+01 5.719401818972515095e+00 1.838253480119554695e+02
9.941109794482092354e+01 5.720660142921389912e+00 1.842049623739573576e+02
