2.540000000000000000e+02 7.000000000000000000e+00 0.000000000000000000e+00
2.525197183423062484e+02 7.905622419308010684e+00 7.999623673236599952e-01
2.509782894017394028e+02 8.786041048671846099e+00 1.680343438072704254e+00
2.493748171446484037e+02 9.640782929101325394e+00 2.642405817624956299e+00
2.477083948777573426e+02 1.046936902899882860e+01 3.687427494211126699e+00
2.459781051634873279e+02 1.127131419422674163e+01 4.816701962489493560e+00
2.441830197223219159e+02 1.204612709044318741e+01 6.031538366098561532e+00
2.423221995579481813e+02 1.279331027682902366e+01 7.333261315091655241e+00
2.403946944658793257e+02 1.351235991620210264e+01 8.723211603126117097e+00
2.383995429520498988e+02 1.420276572699293105e+01 1.020274632627841882e+01
2.363357722328158559e+02 1.486401098324468073e+01 1.177323888304414901e+01
2.342023982004454581e+02 1.549557249408282900e+01 1.343607902484545313e+01
2.319984251906388977e+02 1.609692046623821682e+01 1.519267319561308405e+01
2.297228458439492726e+02 1.666751842246314652e+01 1.704444473391266612e+01
2.273746410014152559e+02 1.720682313973410515e+01 1.899283402545662724e+01
2.249527795826240322e+02 1.771428457717006566e+01 2.103929868119822189e+01
2.224563997935546809e+02 1.818949499571509421e+01 2.318501476390850513e+01
2.199110905177109316e+02 1.865381551175196861e+01 2.538754509991956354e+01
2.173354030126171210e+02 1.912283197682111435e+01 2.761604296048756879e+01
2.147290875346796497e+02 1.959666781655896628e+01 2.987065293310093139e+01
2.120918654763776772e+02 2.007542646076116810e+01 3.215156414421723241e+01
2.094234293662628943e+02 2.055919134338257948e+01 3.445901025926320216e+01
2.067234428689596939e+02 2.104802590253725114e+01 3.679326948263474151e+01
2.039915407851650855e+02 2.154197358049844979e+01 3.915466455769691123e+01
2.012273459312232262e+02 2.204107177157015585e+01 4.154353488937585581e+01
1.984305121401243071e+02 2.254538717822257965e+01 4.396016566919438873e+01
1.956006787105293654e+02 2.305497832748572051e+01 4.640486297819843031e+01
1.927374799497065112e+02 2.356990368365845256e+01 4.887793784178704470e+01
1.898405460426259879e+02 2.409022237008271006e+01 5.137970479141570479e+01
1.869095030519602858e+02 2.461599416914348026e+01 5.391048186459621405e+01
1.839439729180839720e+02 2.514727952226877505e+01 5.647059060489673499e+01
1.809435734537342171e+02 2.568413953078338707e+01 5.906035606648287484e+01
1.779079182481772818e+02 2.622663597122981827e+01 6.168010689562608917e+01
1.748366165771343219e+02 2.677483130976898096e+01 6.433017540731118800e+01
1.717292733824115203e+02 2.732878870543662231e+01 6.701089760256242300e+01
1.685854892348080227e+02 2.788857201607332215e+01 6.972261319998962392e+01
1.654048602698856030e+02 2.845424580859323171e+01 7.246566569041785044e+01
1.621869781546294007e+02 2.902587536431407145e+01 7.524040236524152192e+01
1.589314300268319471e+02 2.960352668864805636e+01 7.804717436798004826e+01
1.556383047175800414e+02 3.018681990116715141e+01 8.088625264360692313e+01
1.524731103489689872e+02 3.063018329485660018e+01 8.372973420641926623e+01
1.495646145395438396e+02 3.082300336382924755e+01 8.655340549828255803e+01
1.468813341421457608e+02 3.079634415403920755e+01 8.935937797665420135e+01
1.443921702694557325e+02 3.058047464555308537e+01 9.215013143183558952e+01
1.420707526501690268e+02 3.020110777269177049e+01 9.492772465055853104e+01
1.398942581141413655e+02 2.968049453113840741e+01 9.769394257527780212e+01
1.378429768964711570e+02 2.903785056212542770e+01 1.004503266587388310e+02
1.358998737077391183e+02 2.828978407854781452e+01 1.031982091913026949e+02
1.340502320253691266e+02 2.745064265624931110e+01 1.059387411198096061e+02
1.322813433052338041e+02 2.653281623117537436e+01 1.086729163533686915e+02
1.305822177661658827e+02 2.554701906444613613e+01 1.114015943819988905e+02
1.289433723008744437e+02 2.450249651451845878e+01 1.141255168634536261e+02
1.273566040234211414e+02 2.340724581271327054e+01 1.168453253333660768e+02
1.258148333560082506e+02 2.226816904272723008e+01 1.195615734769419447e+02
1.243119396018386453e+02 2.109123344570508252e+01 1.222747399882923247e+02
1.228426366307387241e+02 1.988159261814681500e+01 1.249852382926736993e+02
1.214023573972034313e+02 1.864369909881347809e+01 1.276934255779702738e+02
1.199877673771818678e+02 1.738838312322844359e+01 1.303933037224680618e+02
1.186108347705131081e+02 1.625243960469715176e+01 1.329613474783287188e+02
1.172828490293112367e+02 1.527016820657644836e+01 1.353592936367563766e+02
1.160089505238759955e+02 1.441748764800687077e+01 1.376025212098862767e+02
1.147925298400687950e+02 1.367444494011795975e+01 1.397045426094353218e+02
1.136355838470999231e+02 1.302441202772188866e+01 1.416773529192056174e+02
1.125390096128034543e+02 1.245351516750192289e+01 1.435316418099835403e+02
1.115028429122084503e+02 1.195016397138464548e+01 1.452769720460992460e+02
1.105264535792009610e+02 1.150465942307808831e+01 1.469219308606173229e+02
1.096087044658989385e+02 1.110886879348622358e+01 1.484742581999381343e+02
1.087480783422764006e+02 1.075596009151847277e+01 1.499409540941406931e+02
1.079427791050975998e+02 1.044018494022943599e+01 1.513283687061946807e+02
1.071908167583955560e+02 1.015669136289398544e+01 1.526422820022546887e+02
1.064900725515738031e+02 9.901374373016647468e+00 1.538879697108536391e+02
1.058383496723832025e+02 9.670755206699364948e+00 1.550702583723258670e+02
1.052334177986673467e+02 9.461870912914482901e+00 1.561935772558317694e+02
1.046730423146265707e+02 9.272195787528023203e+00 1.572619975055538930e+02
1.041550113858882582e+02 9.099566238684960950e+00 1.582792703437615955e+02
1.036771545120107447e+02 8.942122743245926486e+00 1.592488586780764308e+02
1.032373562877365316e+02 8.798263374842452578e+00 1.601739633755757382e+02
1.028335681553108998e+02 8.666599014669857937e+00 1.610575499239902513e+02
1.024638142576203848e+02 8.545925007580446930e+00 1.619023667072244734e+02
1.021261978186620922e+02 8.435187560531264950e+00 1.627109671656413923e+02
1.018189029130065677e+02 8.333465561912015929e+00 1.634857232772645546e+02
1.015401965499442838e+02 8.239947030268821138e+00 1.642288432056594445e+02
1.012884286952121045e+02 8.153915139039460414e+00 1.649423828486712864e+02
1.010620311379157812e+02 8.074734744732419145e+00 1.656282579936351453e+02
1.008595166352629491e+02 8.001838036824484135e+00 1.662882569534273500e+02
1.006794763104580994e+02 7.934720365033616218e+00 1.669240463259833689e+02
1.005205773847255841e+02 7.872925742207217858e+00 1.675371850037456340e+02
1.003815607587350200e+02 7.816045304215697875e+00 1.681291275914210530e+02
1.002612376960817784e+02 7.763709470819750713e+00 1.687012338333481409e+02
1.001584867348127119e+02 7.715581211454556332e+00 1.692547769242179356e+02
1.000722515712652978e+02 7.671356366838918639e+00 1.697909451178533971e+02
1.000015366886543120e+02 7.630756256103579993e+00 1.703108517198552079e+02
9.994540461788112395e+01 7.593524972841024123e+00 1.708155397528043409e+02
9.990297437380354495e+01 7.559429897482544014e+00 1.713059829176627886e+02
9.987341655984634770e+01 7.528256214545255176e+00 1.717830944695835171e+02
9.985595080759539144e+01 7.499805102172278026e+00 1.722477309851195457e+02
9.984984492737615369e+01 7.473894631293491742e+00 1.727006923705638997e+02
9.985441075515419129e+01 7.450356463634748572e+00 1.731427282749465348e+02
9.986900062767766428e+01 7.429033637363275488e+00 1.735745430461038836e+02
9.989300670685531713e+01 7.409781044700147312e+00 1.739967959339578272e+02
9.992585983096138591e+01 7.392465026934419647e+00 1.744101024436156706e+02
9.996702409763466335e+01 7.376960483860559137e+00 1.748150415276679723e+02
1.000159957628202108e+02 7.363150506104053861e+00 1.752121568661051185e+02
1.000723030399346953e+02 7.350926920018071797e+00 1.756019565932273281e+02
1.001355044082275469e+02 7.340189439333407506e+00 1.759849154987125814e+02
1.002051838694959685e+02 7.330843831178080805e+00 1.763614807483988329e+02
1.002809504521831059e+02 7.322801795528043556e+00 1.767320724234552642e+02
1.003624380530742428e+02 7.315981286353578916e+00 1.770970833948138363e+02
1.004493050038377220e+02 7.310306277201275016e+00 1.774568799012713498e+02
1.005412293052901873e+02 7.305705210561042939e+00 1.778118070556212444e+02
1.006379079600884126e+02 7.302110831833049431e+00 1.781621895733446479e+02
1.007390567021856072e+02 7.299460214875278297e+00 1.785083319911750834e+02
1.008444107806526659e+02 7.297695140606155206e+00 1.788505176592187524e+02
1.009537219651580955e+02 7.296761102991894177e+00 1.791890122169924950e+02
1.010667560415798221e+02 7.296606691185154148e+00 1.795240663238288619e+02
1.011832927939135374e+02 7.297183586228694452e+00 1.798559156776355792e+02
1.013031257777485052e+02 7.298446585991019475e+00 1.801847811949616016e+02
1.014260633560175791e+02 7.300353903405445877e+00 1.805108678464237073e+02
1.015519255453084924e+02 7.302866301536131033e+00 1.808343681669268506e+02
1.016805424005621177e+02 7.305946732121427978e+00 1.811554639860719078e+02
1.018117540150724807e+02 7.309560335573881851e+00 1.814743264281553934e+02
1.019454103798282887e+02 7.313674430597142617e+00 1.817911160453938635e+02
1.020813722232157943e+02 7.318258762995665023e+00 1.821059818679646298e+02
1.022195095768122144e+02 7.323285106919965592e+00 1.824190630048332764e+02
