2.540000000000000000e+02 7.000000000000000000e+00 0.000000000000000000e+00
2.529925801212050658e+02 7.743700361527149134e+00 3.337212048563543143e-01
2.519398190446150068e+02 8.472517600802907722e+00 7.257712848448938381e-01
2.508408085415872790e+02 9.186117624229348522e+00 1.177354746535724361e+00
2.496946228407353487e+02 9.884159840018105214e+00 1.689699407201360692e+00
2.485003183708830647e+02 1.056629706293109905e+01 2.264056736421924843e+00
2.472569335881138670e+02 1.123217545018563612e+01 2.901702085931857411e+00
2.459634882607049065e+02 1.188143423645585806e+01 3.603935639919285894e+00
2.446189832729623106e+02 1.251370566117515715e+01 4.372082675723191869e+00
2.432224004410175269e+02 1.312861490027078482e+01 5.207493808635326182e+00
2.417727021921834023e+02 1.372577994733515183e+01 6.111545418025387200e+00
2.402688306725220286e+02 1.430481128289557624e+01 7.085640833355973278e+00
2.387097076752584428e+02 1.486531184788478122e+01 8.131210429318723953e+00
2.370942342476010651e+02 1.540687689792988380e+01 9.249712148358756991e+00
2.354212908598104548e+02 1.592909406600817590e+01 1.044263127598743246e+01
2.336897361700005149e+02 1.643154290468856260e+01 1.171148208232465038e+01
2.318984065699158350e+02 1.691379471779891830e+01 1.305780842574685430e+01
2.300461161837366717e+02 1.737541255998319656e+01 1.448318375447496287e+01
2.281316566016649006e+02 1.781595113796804952e+01 1.598921146063401011e+01
2.261537960948434431e+02 1.823495651961655639e+01 1.757752592359650379e+01
2.241112792522295933e+02 1.863196599935291431e+01 1.924979299257571697e+01
2.220028265300424266e+02 1.900650793119104165e+01 2.100771058538982672e+01
2.198280035572202280e+02 1.935863135953109548e+01 2.285164506074808344e+01
2.176141516836110554e+02 1.970527991272294344e+01 2.473842075581576339e+01
2.153750665434624239e+02 2.005506155419621095e+01 2.664619355253245914e+01
2.131104583897554221e+02 2.040799121627202339e+01 2.857522568815244668e+01
2.108200631806937793e+02 2.076410146599080875e+01 3.052573709571842642e+01
2.085036140979161701e+02 2.112342521285584240e+01 3.249795002100697872e+01
2.061608415464961865e+02 2.148599570883327203e+01 3.449208902252852482e+01
2.037914731549423664e+02 2.185184654835208562e+01 3.650838097152737305e+01
2.013952334469624361e+02 2.222101170878897491e+01 3.854705532538535095e+01
1.989718443466741746e+02 2.259352548815504846e+01 4.060834370680611016e+01
1.965210253378146206e+02 2.296942248545934717e+01 4.269247977120400606e+01
1.940424928373696503e+02 2.334873767796538502e+01 4.479969972843694137e+01
1.915359601943087853e+02 2.373150642134727306e+01 4.693024234386025029e+01
1.890011376895854482e+02 2.411776444968968036e+01 4.908434893832677659e+01
1.864377325361367070e+02 2.450754787548786240e+01 5.126226338818686656e+01
1.838454488788836159e+02 2.490089318964766107e+01 5.346423212528829794e+01
1.812239877947306752e+02 2.529783726148548340e+01 5.569050413697635094e+01
1.785730472925664856e+02 2.569841733872831568e+01 5.794133096609378697e+01
1.758923223132631506e+02 2.610267104751372713e+01 6.021696671098086995e+01
1.731815047296766750e+02 2.651063639238985203e+01 6.251766802547530233e+01
1.704402833213646318e+02 2.692235175943372738e+01 6.484369413997109177e+01
1.676683435393740069e+02 2.733785594526251117e+01 6.719530705733781417e+01
1.648653675471466897e+02 2.775718815198808898e+01 6.957277151884885313e+01
1.620310342251252678e+02 2.818038798664890265e+01 7.197635500034385814e+01
1.591650191348992678e+02 2.860749546563263479e+01 7.440632774209576894e+01
1.562845663943465979e+02 2.902344792698202269e+01 7.685987392544444674e+01
1.535844519411246267e+02 2.926167791998564383e+01 7.930200273562752500e+01
1.510943117929546702e+02 2.929958913114192143e+01 8.172493735760663469e+01
1.487846053874913537e+02 2.916528748225449519e+01 8.413144621277888291e+01
1.466299466607891873e+02 2.888292617248618654e+01 8.652390836903838078e+01
1.446085197280924319e+02 2.847326161833982994e+01 8.890436830231755039e+01
1.427015656000390891e+02 2.795414180827557971e+01 9.127458400079441958e+01
1.408929641949776510e+02 2.734090398955890677e+01 9.363606613808683221e+01
1.391688633898982346e+02 2.664672760106631344e+01 9.599011283805725725e+01
1.375173475510507046e+02 2.588294964385640995e+01 9.833784073963866490e+01
1.359281857887276885e+02 2.505930419961612188e+01 1.006802085900268651e+02
1.343925755797916679e+02 2.418416635638973489e+01 1.030180412720041261e+02
1.329029558781170692e+02 2.326473002128084744e+01 1.053520473189547175e+02
1.314528267774175276e+02 2.230717949900142116e+01 1.076828358158004590e+02
1.300365991490179738e+02 2.131683255130796084e+01 1.100109304907289385e+02
1.286494734393115493e+02 2.029825571297382680e+01 1.123367810741199975e+02
1.272873186487972248e+02 1.925537943500528115e+01 1.146607746404520753e+02
1.259465901583039766e+02 1.819157626739614741e+01 1.169832433095078130e+02
1.246242362488815587e+02 1.710974979909628502e+01 1.193044730071958668e+02
1.233176409008561905e+02 1.601243585284624871e+01 1.216246714419506532e+02
1.220332708703777769e+02 1.496671702184674402e+01 1.238846977948494157e+02
1.207895117963512064e+02 1.406797597355144624e+01 1.259926211309282138e+02
1.195927278381861072e+02 1.329390564370242700e+01 1.279608509377970762e+02
1.184471484800136807e+02 1.262461610410705326e+01 1.298016866451417002e+02
1.173554537947018446e+02 1.204361808890960006e+01 1.315260317440053655e+02
1.163191010847897502e+02 1.153722553805131135e+01 1.331435924724616768e+02
1.153385903078554833e+02 1.109406377441214175e+01 1.346630443357684044e+02
1.144136795666305773e+02 1.070466405892842587e+01 1.360921722204454340e+02
1.135435578096198697e+02 1.036113285536366391e+01 1.374379873268768790e+02
1.127269842764927006e+02 1.005687945206679323e+01 1.387068258504067728e+02
1.119624029177448534e+02 9.786387413498882637e+00 1.399044339963066932e+02
1.112480325047300056e+02 9.545029142783134191e+00 1.410360392911570671e+02
1.105819365238973973e+02 9.328917389464724153e+00 1.421064096226704407e+02
1.099620831607913800e+02 9.134773811178146019e+00 1.431199071100029130e+02
1.093863890424354821e+02 8.959827569495317334e+00 1.440805318332785703e+02
1.088527537258101745e+02 8.801731842982658094e+00 1.449919591412035516e+02
1.083590895972282624e+02 8.658487236835306078e+00 1.458575753655464950e+02
1.079033394188173389e+02 8.528391265077415184e+00 1.466805032383525713e+02
1.074834955221060682e+02 8.409982017769275231e+00 1.474636305536752161e+02
1.070976082942123213e+02 8.302005811049223638e+00 1.482096287966509180e+02
1.067437971055344548e+02 8.203377413009928176e+00 1.489209756252615477e+02
1.064202535308408528e+02 8.113159057273467312e+00 1.495999689097687337e+02
1.061252469933574787e+02 8.030531406215843049e+00 1.502487451417954674e+02
1.058571245328427892e+02 7.954781537873388153e+00 1.508692892466746116e+02
1.056143131731991360e+02 7.885280010572190967e+00 1.514634509127798196e+02
1.053953179105569120e+02 7.821475265992313020e+00 1.520329507919358036e+02
1.051987213878041842e+02 7.762876101864270240e+00 1.525793948047559923e+02
1.050231817671920425e+02 7.709047250043585819e+00 1.531042794995074132e+02
1.048674302522584583e+02 7.659600316784190177e+00 1.536090014225653135e+02
1.047302687348112897e+02 7.614185249161586455e+00 1.540948659608095852e+02
1.046105672912589739e+02 7.572489784606577956e+00 1.545630899241232044e+02
1.045072604805779406e+02 7.534230111097408589e+00 1.550148121871266653e+02
1.044193449406762824e+02 7.499148912757934937e+00 1.554510973096479063e+02
1.043458770431342373e+02 7.467014202616191199e+00 1.558729384772925357e+02
1.042859682409820152e+02 7.437612700161049695e+00 1.562812667814236534e+02
1.042387832636907916e+02 7.410749476644743261e+00 1.566769530472622307e+02
1.042035383414408614e+02 7.386247522942261945e+00 1.570608096989177795e+02
1.041794959892252876e+02 7.363942939694304357e+00 1.574335990710178521e+02
1.041659633668478619e+02 7.343684354591676566e+00 1.577960352781219058e+02
1.041622915603387725e+02 7.325333671851831596e+00 1.581487842296918416e+02
1.041678709630922128e+02 7.308762873520431746e+00 1.584924701415547759e+02
1.041821284442997637e+02 7.293852619905547563e+00 1.588276790784479715e+02
1.042045267859999740e+02 7.280492740304889132e+00 1.591549590429197849e+02
1.042345638077867562e+02 7.268581953338356882e+00 1.594748209479809589e+02
1.042717669884795413e+02 7.258025449466688706e+00 1.597877451531134909e+02
1.043156924428209607e+02 7.248734588532259160e+00 1.600941825817934330e+02
1.043659246156044134e+02 7.240627300985274850e+00 1.603945546620730909e+02
1.044220757637651928e+02 7.233627846698749586e+00 1.606892539626911400e+02
1.044837808534760200e+02 7.227665087353411622e+00 1.609786499413509659e+02
1.045506967859973599e+02 7.222672298067945640e+00 1.612630897577803069e+02
1.046225020172954316e+02 7.218587266865382546e+00 1.615428985195589178e+02
1.046988973874344708e+02 7.215352658310126621e+00 1.618183782815325742e+02
1.047796019892965518e+02 7.212914728286881072e+00 1.620898126087983826e+02
1.048643511857971617e+02 7.211222880396186419e+00 1.623574686280490198e+02
1.049528965544425887e+02 7.210229660927379491e+00 1.626215970790289873e+02
1.050450058550286201e+02 7.209890930506909434e+00 1.628824322048015460e+02
1.051404635127296530e+02 7.210165909126844852e+00 1.631401913024148200e+02
