2.540000000000000000e+02 7.000000000000000000e+00 0.000000000000000000e+00
2.526763065140686422e+02 7.804716499984787781e+00 7.280488832606778482e-01
2.512921699678336154e+02 8.586997118097993820e+00 1.530194203393815622e+00
2.498466436699228836e+02 9.346403786520822266e+00 2.407663408351063961e+00
2.483387684670639999e+02 1.008249234079332268e+01 3.361700358598405991e+00
2.467675726209728566e+02 1.079481245841197712e+01 4.393565490160612264e+00
2.451320717490241634e+02 1.148290762919280894e+01 5.504535893234062449e+00
2.434312688024772910e+02 1.214631514437570026e+01 6.695905341048201009e+00
2.416641535219937680e+02 1.278456582501732619e+01 7.968985011000069285e+00
2.398297023954686154e+02 1.339718400095607365e+01 9.325103540503606681e+00
2.379268786103271793e+02 1.398368748699845732e+01 1.076560709018344575e+01
2.359546318084541383e+02 1.454358746050727369e+01 1.229185966857936130e+01
2.339118984219104220e+02 1.507638862893289655e+01 1.390524268746321290e+01
2.317976008119746041e+02 1.558158880015712988e+01 1.560715610226171357e+01
2.296106471179611503e+02 1.605867880703724282e+01 1.739901861231922453e+01
2.273499312572205326e+02 1.650714250740599098e+01 1.928226766089773747e+01
2.250143329238779302e+02 1.692645678343723858e+01 2.125835943685072493e+01
2.226051814271691569e+02 1.731788209853815985e+01 2.332507216197346622e+01
2.201549051362758576e+02 1.770528064719324490e+01 2.543352266775511694e+01
2.176738937180357425e+02 1.809649795771234082e+01 2.756789467295291729e+01
2.151617972324273467e+02 1.849157752145308464e+01 2.972848330179314402e+01
2.126182621625659976e+02 1.889056326213331971e+01 3.191558670447810186e+01
2.100429307702132462e+02 1.929349962796503704e+01 3.412950659142872922e+01
2.074354410915507856e+02 1.970043159217949480e+01 3.637054823684896832e+01
2.047954269371806220e+02 2.011140465302719349e+01 3.863902047872578294e+01
2.021225178921249324e+02 2.052646483377791853e+01 4.093523571882914069e+01
1.994163393158261215e+02 2.094565868272070475e+01 4.325950992271200590e+01
1.966765123421467933e+02 2.136903327316384704e+01 4.561216261971034669e+01
1.939026538793697227e+02 2.179663620343490393e+01 4.799351690294316342e+01
1.910943765002947714e+02 2.222851561053589009e+01 5.040389952200193591e+01
1.882512878044622369e+02 2.266472024938585506e+01 5.284364142084454130e+01
1.853729919412510299e+02 2.310529930357883899e+01 5.531307645323432354e+01
1.824590885482366787e+02 2.355030251729092683e+01 5.781254227811477620e+01
1.795091724614086957e+02 2.399978023128496218e+01 6.034238060400623738e+01
1.765228337151707194e+02 2.445378338291058995e+01 6.290293718900595366e+01
1.734996575423405716e+02 2.491236350610424211e+01 6.549456184078802323e+01
1.704392243741501431e+02 2.537557273138914482e+01 6.811760841660338883e+01
1.673411098402454513e+02 2.584346378587530424e+01 7.077243482327996560e+01
1.642048847686866395e+02 2.631608999325951714e+01 7.345940301722242793e+01
1.610301151859480342e+02 2.679350527382537450e+01 7.617887900441235161e+01
1.578163623169180028e+02 2.727576414444325437e+01 7.893123284040821375e+01
1.545631825523283283e+02 2.776292172261720381e+01 8.171683865781490397e+01
1.513101249105126271e+02 2.821777721161116048e+01 8.452863641827362073e+01
1.482664515561479277e+02 2.844689440999886898e+01 8.732650012717348886e+01
1.454472894443626387e+02 2.844042611344007554e+01 9.010416098697989185e+01
1.428186288105740687e+02 2.823397825326767929e+01 9.286474569119710054e+01
1.403527377162936887e+02 2.785672757640334041e+01 9.561068709390997356e+01
1.380259036721684538e+02 2.733361955699586687e+01 9.834406739894627947e+01
1.358178758650223301e+02 2.668595796176688850e+01 1.010666648661730136e+02
1.337113604298369580e+02 2.593193582741816527e+01 1.037799981278842836e+02
1.316915792319995262e+02 2.508709962479191447e+01 1.064853649288279485e+02
1.297459140791311825e+02 2.416472355051634580e+01 1.091838733652994051e+02
1.278635890555803343e+02 2.317614371334014223e+01 1.118764697769725416e+02
1.260353929716077488e+02 2.213105011953122414e+01 1.145639631165571473e+02
1.242534670259060903e+02 2.103771005339057965e+01 1.172470435935624664e+02
1.225110913927958052e+02 1.990319258901526567e+01 1.199263014124784092e+02
1.208025305893027905e+02 1.873353126521442036e+01 1.226022403499339219e+02
1.191228849525000584e+02 1.753388033238383059e+01 1.252752907953592967e+02
1.174703438853675124e+02 1.632117394331993410e+01 1.279335304030669676e+02
1.158709699075614736e+02 1.523169118016881818e+01 1.304430840208603968e+02
1.143369469808581016e+02 1.428436979220854397e+01 1.327773568338828909e+02
1.128712040558653626e+02 1.345696190752494914e+01 1.349515000589662748e+02
1.114752296306214845e+02 1.273113098370753349e+01 1.369788652778990752e+02
1.101493710186362733e+02 1.209163362885503368e+01 1.388713827892531185e+02
1.088930949840553239e+02 1.152577622069775387e+01 1.406397551242469035e+02
1.077051971745840007e+02 1.102297022914063085e+01 1.422936190134190895e+02
1.065839715675307673e+02 1.057436479681179620e+01 1.438416825742820322e+02
1.055273472483514752e+02 1.017254279921758275e+01 1.452918419635760472e+02
1.045329969357291588e+02 9.811272205411675884e+00 1.466512799486974643e+02
1.035984212388556642e+02 9.485306273748554062e+00 1.479265478751053422e+02
1.027210186064004773e+02 9.190211780812548525e+00 1.491236384549947331e+02
1.018981391323400914e+02 8.922229600834018726e+00 1.502480476193827883e+02
1.011271239880488366e+02 8.678166265161069148e+00 1.513048248834661820e+02
1.004053401603919866e+02 8.455293665762983579e+00 1.522986215469743456e+02
9.973020305611400715e+01 8.251275519601538377e+00 1.532337287084712045e+02
9.909919504363136866e+01 8.064103110705817201e+00 1.541141116138098255e+02
9.850987940321519432e+01 7.892039344595365158e+00 1.549434416086734814e+02
9.795990802093294292e+01 7.733580436411672032e+00 1.557251197555891338e+02
9.744702923036788889e+01 7.587413017283294536e+00 1.564623039963783526e+02
9.696908958007645651e+01 7.452391317196529030e+00 1.571579258453646162e+02
9.652403700677218978e+01 7.327504970284964614e+00 1.578147133090999716e+02
9.610991967335215236e+01 7.211865262064701909e+00 1.584352030273365131e+02
9.572488568205864112e+01 7.104681525764047656e+00 1.590217595163830708e+02
9.536718077751247336e+01 7.005251908133197425e+00 1.595765847370825838e+02
9.503514560101331199e+01 6.912947904629080043e+00 1.601017330906582288e+02
9.472721291208124228e+01 6.827205191615641766e+00 1.605991213828276614e+02
9.444190397037081652e+01 6.747516963139289281e+00 1.610705375582685974e+02
9.417782457338628888e+01 6.673422572694008181e+00 1.615176535308626455e+02
9.393366222131825793e+01 6.604506649315383449e+00 1.619420285411088116e+02
9.370818109467963097e+01 6.540389874217743760e+00 1.623451212597511244e+02
9.350021877043015195e+01 6.480725633353259241e+00 1.627282955445983816e+02
9.330868342403161364e+01 6.425198656554962362e+00 1.630928241466290842e+02
9.313254801883734046e+01 6.373517969881016931e+00 1.634398998003937322e+02
9.297084823887398386e+01 6.325416385932508767e+00 1.637706375636561233e+02
9.282267976174823332e+01 6.280649085409365284e+00 1.640860785036501568e+02
9.268719236707151765e+01 6.238988685712601345e+00 1.643871991617554897e+02
9.256358836221545516e+01 6.200225034994194750e+00 1.646749131887357578e+02
9.245112104272247677e+01 6.164164921410647757e+00 1.649500730157917587e+02
9.234908858944334042e+01 6.130628229399181173e+00 1.652134786420814692e+02
9.225683232603144290e+01 6.099447295513869882e+00 1.654658797793311464e+02
9.217373634292867735e+01 6.070467477309044568e+00 1.657079757455340712e+02
9.209922307447619971e+01 6.043544840816151620e+00 1.659404214531229229e+02
9.203274968720688776e+01 6.018544641986808941e+00 1.661638320015624686e+02
9.197380757035628562e+01 5.995341473658720943e+00 1.663787830348430532e+02
9.192192212806931195e+01 5.973819385051257314e+00 1.665858108394056671e+02
9.187664738187595503e+01 5.953869729134278366e+00 1.667854191136669044e+02
9.183756437182188392e+01 5.935390658660787189e+00 1.669780808658283888e+02
9.180428083801251660e+01 5.918287251098185209e+00 1.671642386107437233e+02
9.177643132965323503e+01 5.902471605141353272e+00 1.673443041905311475e+02
9.175367229350450771e+01 5.887861199292272474e+00 1.675186646794283831e+02
9.173568077995859937e+01 5.874378537635466024e+00 1.676876838765311675e+02
9.172215420802420738e+01 5.861951160334218258e+00 1.678517025167596159e+02
9.171281098893233263e+01 5.850511940881148121e+00 1.680110374497088515e+02
9.170738721751730793e+01 5.839998037141216791e+00 1.681659855717640539e+02
9.170563435147364828e+01 5.830350287263026843e+00 1.683168264783196264e+02
9.170731915296842374e+01 5.821513199232498437e+00 1.684638225266863856e+02
9.171222373422355645e+01 5.813435052355465871e+00 1.686072187119527825e+02
9.172014568542527968e+01 5.806067898709624586e+00 1.687472425464054879e+02
9.173089437989023054e+01 5.799366585940618712e+00 1.688841082945168637e+02
9.174429037042696677e+01 5.793288614530913705e+00 1.690180176512298544e+02
9.176016533082103876e+01 5.787794127189627602e+00 1.691491598051137828e+02
9.177836229342793217e+01 5.782846016943458345e+00 1.692777111296622081e+02
9.179873560528548637e+01 5.778409886233087711e+00 1.694038352571429868e+02
9.182114792431006833e+01 5.774453298546951885e+00 1.695276864844953195e+02
