2.540000000000000000e+02 7.000000000000000000e+00 0.000000000000000000e+00
2.526818464592055875e+02 7.745683210196462554e+00 6.082155188235295329e-01
2.513096105297007341e+02 8.474735364334270216e+00 1.287474968801100461e+00
2.498821446326216176e+02 9.186765237897390080e+00 2.039327838842041274e+00
2.483982774380961587e+02 9.881373467364246821e+00 2.865355733046711428e+00
2.468568135431249004e+02 1.055815243979305684e+01 3.767172806296555265e+00
2.452565331774466131e+02 1.121668619199900974e+01 4.746426162003586136e+00
2.435961911532364468e+02 1.185655005053577682e+01 5.804797272397435037e+00
2.418745166152321246e+02 1.247731054604472867e+01 6.944002316421258314e+00
2.400902127502487815e+02 1.307852531368273219e+01 8.165792572545816697e+00
2.382419563615964364e+02 1.365974294724252580e+01 9.471954994270634032e+00
2.363283965140254281e+02 1.422050253467143044e+01 1.086431404251913158e+01
2.343481544298436177e+02 1.476033362246252700e+01 1.234473182611671049e+01
2.322998229297690216e+02 1.527875602399213584e+01 1.391510885790491336e+01
2.301819666372157087e+02 1.577527988954302707e+01 1.557738377849634048e+01
2.279931203359060703e+02 1.624940514333217578e+01 1.733353557721921945e+01
2.257317881146545631e+02 1.670062119036185777e+01 1.918558474859931096e+01
2.233964433673048120e+02 1.712840691639841850e+01 2.113559329244366580e+01
2.209869918593465741e+02 1.753314513487154613e+01 2.318323374506336165e+01
2.185338158209310961e+02 1.793422534790140332e+01 2.527758598658942546e+01
2.160488157523420512e+02 1.833937803750403006e+01 2.739855621074293168e+01
2.135316194959526968e+02 1.874865165870719252e+01 2.954645478429211636e+01
2.109818493861449156e+02 1.916209455059345501e+01 3.172159758040129418e+01
2.083991232723727762e+02 1.957975562629111721e+01 3.392430422335340978e+01
2.057830541381053138e+02 2.000168442174702221e+01 3.615489840725818027e+01
2.031332512562875650e+02 2.042793094783450414e+01 3.841370692964606803e+01
2.004493193110433253e+02 2.085854580277023018e+01 4.070106042606001751e+01
1.977308581284937077e+02 2.129358020656799511e+01 4.301729359519468687e+01
1.949774626767571135e+02 2.173308600103872124e+01 4.536274519889646939e+01
1.921887230659490342e+02 2.217711564979047267e+01 4.773775806216350048e+01
1.893642245481822215e+02 2.262572223822842332e+01 5.014267907314566486e+01
1.865035475175667159e+02 2.307895947355489596e+01 5.257785918314453966e+01
1.836062675102096762e+02 2.353688168476933029e+01 5.504365340661342287e+01
1.806719552042155499e+02 2.399954382266831132e+01 5.754042082115739731e+01
1.777001763834682890e+02 2.446700146448108981e+01 6.006852459782503217e+01
1.746904916182228362e+02 2.493931085475248466e+01 6.262833226825648580e+01
1.716424562754428393e+02 2.541652890401926257e+01 6.522021571603757195e+01
1.685556205143440707e+02 2.589871318938070033e+01 6.784455118042590982e+01
1.654295292229485597e+02 2.638592196261940614e+01 7.050171930941776566e+01
1.622637219429248603e+02 2.687821415982120854e+01 7.319210522260767959e+01
1.590577328242347619e+02 2.737564940718026918e+01 7.591609854912519495e+01
1.558110905445141725e+02 2.787828803131770172e+01 7.867409349506047533e+01
1.525440459091609284e+02 2.836755212689716288e+01 8.146264051177682575e+01
1.494807014353992827e+02 2.864317054425862352e+01 8.423907830329429203e+01
1.466510894250705519e+02 2.868231997844159764e+01 8.699430189910017930e+01
1.440205253485603123e+02 2.852008470088424019e+01 8.973146471238740673e+01
1.415594693417910435e+02 2.818634502737381808e+01 9.245325241667299565e+01
1.392427684585780128e+02 2.770654379841265680e+01 9.516195183825384163e+01
1.370490032453243998e+02 2.710234733497683024e+01 9.785951036394430957e+01
1.349599262773132580e+02 2.639221337285527369e+01 1.005475869879050776e+02
1.329600014066548397e+02 2.559185712467873230e+01 1.032275942020268786e+02
1.310360006077565060e+02 2.471465908063300887e+01 1.059007346496985065e+02
1.291766504655349195e+02 2.377202259432426956e+01 1.085680332661830789e+02
1.273723584358850900e+02 2.277365077704213192e+01 1.112303621663083675e+02
1.256149512890152096e+02 2.172781106875517310e+01 1.138884644245226667e+02
1.238974671789117679e+02 2.064154556495748238e+01 1.165429729794001616e+02
1.222139827206844274e+02 1.952084593218635433e+01 1.191944263553223919e+02
1.205594454115631038e+02 1.837082291830096992e+01 1.218432838983272575e+02
1.189295601882622719e+02 1.719581534952978075e+01 1.244899409413407625e+02
1.173420256787535010e+02 1.607081247139501201e+01 1.270544552049450999e+02
1.158279918811991536e+02 1.508608390155991152e+01 1.294313020490024542e+02
1.143891424610871326e+02 1.422143820271434045e+01 1.316359191771012433e+02
1.130257211349874211e+02 1.345937404314294561e+01 1.336828349765605140e+02
1.117370166924146844e+02 1.278522532247530741e+01 1.355850883218604395e+02
1.105215932913603609e+02 1.218667776489075472e+01 1.373544188408645539e+02
1.093774761603899890e+02 1.165336895844388643e+01 1.390014289052743663e+02
1.083022983945635929e+02 1.117656273326131178e+01 1.405357196569688938e+02
1.072934202583226408e+02 1.074887599374920555e+01 1.419660087521829723e+02
1.063480254467623354e+02 1.036404948400338633e+01 1.433002328071636668e+02
1.054631940604150202e+02 1.001676492694078568e+01 1.445456327184168117e+02
1.046359610263968420e+02 9.702491508381461571e+00 1.457088279744343424e+02
1.038633639487273541e+02 9.417352094338104607e+00 1.467958843048334359e+02
1.031424752952318613e+02 9.158023920925485228e+00 1.478123670444764173e+02
1.024704307717543372e+02 8.921646087245909129e+00 1.487633923596525847e+02
1.018444485315390153e+02 8.705746380929863193e+00 1.496536708223131598e+02
1.012618423101829563e+02 8.508184153680470985e+00 1.504875431834504695e+02
1.007200327788541898e+02 8.327093292938675617e+00 1.512690177472348410e+02
1.002165517269599917e+02 8.160847618835749273e+00 1.520017956028304127e+02
9.974904739804114229e+01 8.008017403737598627e+00 1.526893022537553293e+02
9.931528401708823139e+01 7.867348154391238246e+00 1.533347059565390680e+02
9.891314271035233219e+01 7.737727809898034437e+00 1.539409445136324734e+02
9.854061884648017156e+01 7.618173746667285862e+00 1.545107387415317817e+02
9.819581979155717022e+01 7.507808371550338755e+00 1.550466151715219496e+02
9.787696155884964355e+01 7.405850190687225165e+00 1.555509167434410074e+02
9.758236449458476613e+01 7.311597670844790287e+00 1.560258204872488079e+02
9.731044947379955090e+01 7.224419794840144959e+00 1.564733490781853789e+02
9.705973343631674766e+01 7.143749184978012146e+00 1.568953808492468340e+02
9.682882406074904225e+01 7.069070034196388796e+00 1.572936649958176361e+02
9.661641666980928278e+01 6.999917063114216020e+00 1.576698253762772026e+02
9.642128806202954650e+01 6.935865899023367476e+00 1.580253744474685220e+02
9.624229255407554717e+01 6.876529085832736143e+00 1.583617203651167529e+02
9.607835902115041904e+01 6.821554768638769417e+00 1.586801708866941567e+02
9.592848401361597155e+01 6.770619028490358460e+00 1.589819463326225559e+02
9.579172937835676294e+01 6.723425005418795841e+00 1.592681825710203327e+02
9.566721942670191936e+01 6.679701495594895455e+00 1.595399348739177299e+02
9.555413416762885959e+01 6.639197448146029856e+00 1.597981889452083522e+02
9.545170754280923120e+01 6.601681544717880712e+00 1.600438629411569309e+02
9.535922584064110197e+01 6.566941873079622738e+00 1.602778092426512444e+02
9.527602097733887376e+01 6.534781643503270843e+00 1.605008244095296277e+02
9.520146855308999534e+01 6.505018388685545716e+00 1.607136516900803827e+02
9.513498750894787293e+01 6.477484501763566271e+00 1.609169808912163546e+02
9.507603523597168760e+01 6.452024593115909923e+00 1.611114552239496049e+02
9.502410381845461984e+01 6.428493798368172030e+00 1.612976762762720000e+02
9.497871960628964416e+01 6.406757957468141029e+00 1.614762042657945926e+02
9.493944272126564954e+01 6.386693557398515075e+00 1.616475585540685245e+02
9.490586130951342625e+01 6.368185282029523719e+00 1.618122251379153909e+02
9.487759014465521545e+01 6.351125528275451515e+00 1.619706583759431453e+02
9.485427049033650349e+01 6.335414612786996358e+00 1.621232809440079450e+02
9.483556959026132915e+01 6.320960585761879358e+00 1.622704844735812060e+02
9.482117560736953976e+01 6.307677393397913335e+00 1.624126358782777402e+02
9.481079676582160687e+01 6.295484614424156078e+00 1.625500783859214096e+02
9.480416115868877114e+01 6.284307521631818716e+00 1.626831316681842452e+02
9.480101723757429966e+01 6.274077282335293049e+00 1.628120912093799006e+02
9.480112954295091754e+01 6.264729519806111924e+00 1.629372335497560016e+02
9.480427736192361010e+01 6.256203920376606220e+00 1.630588178837665509e+02
9.481025461647955410e+01 6.248444218960490737e+00 1.631770861777642381e+02
9.481887039314320020e+01 6.241398453596890938e+00 1.632922624554024082e+02
9.482994751391555610e+01 6.235018466421121452e+00 1.634045545673606341e+02
9.484331952441205260e+01 6.229259020840526517e+00 1.635141577787396727e+02
9.485883054897283273e+01 6.224077763482620540e+00 1.636212549379127950e+02
9.487633518784484465e+01 6.219435214339380735e+00 1.637260165818881603e+02
9.489569928147176370e+01 6.215295025914334914e+00 1.638285999963529775e+02
9.491679802803788846e+01 6.211623398724008815e+00 1.639291514854406557e+02
9.493951405111199904e+01 6.208388544779019469e+00 1.640278086481358457e+02
