2.540000000000000000e+02 7.000000000000000000e+00 0.000000000000000000e+00
2.526639667117075589e+02 7.767280015690278816e+00 6.546825456120024533e-01
2.512696276043609203e+02 8.515871648813215344e+00 1.384646840323863426e+00
2.498157965171773469e+02 9.245340665787294299e+00 2.191479036304361028e+00
2.483012642446978475e+02 9.955244303669465111e+00 3.076796195529467148e+00
2.467247982199799878e+02 1.064513115277718747e+01 4.042246714839319743e+00
2.450851423506449578e+02 1.131454109594378110e+01 5.089510545908555450e+00
2.433810159791831893e+02 1.196300492331201681e+01 6.220300590184950629e+00
2.416111136488528928e+02 1.259004424559942947e+01 7.436363012978963738e+00
2.397741047400800483e+02 1.319517135938300356e+01 8.739477731299157170e+00
2.378686334495340020e+02 1.377788923934446963e+01 1.013145844192982992e+01
2.358933173339484597e+02 1.433769099875469699e+01 1.161415457515837524e+01
2.338467470439343572e+02 1.487405979085053787e+01 1.318945165191481728e+01
2.317274862715148629e+02 1.538646878939575124e+01 1.485927135416315181e+01
2.295340710731174454e+02 1.587438093784225046e+01 1.662557243323843537e+01
2.272650091499349401e+02 1.633724868270430264e+01 1.849035167537052260e+01
2.249187794296900051e+02 1.677451381859832580e+01 2.045564446282763882e+01
2.225083615182861934e+02 1.719519675421831550e+01 2.249977843311299353e+01
2.200639184590417585e+02 1.761958910466339034e+01 2.457306774369183344e+01
2.175861594302105573e+02 1.804848110591792576e+01 2.667402760526222494e+01
2.150746758339938083e+02 1.848192794315103527e+01 2.880299737838807062e+01
2.125290539509379073e+02 1.891998549326193668e+01 3.096032067741951366e+01
2.099488749191102954e+02 1.936271032769239042e+01 3.314634538778822304e+01
2.073337147340997433e+02 1.981015971242673501e+01 3.536142366600738285e+01
2.046831441709502428e+02 2.026239161853544957e+01 3.760591200450956251e+01
2.019967283155760640e+02 2.071946478546216852e+01 3.988017162082858391e+01
1.992740278810179859e+02 2.118143854325030162e+01 4.218456736438536581e+01
1.965145981535290787e+02 2.164837295488453606e+01 4.451946859181472149e+01
1.937179886996975711e+02 2.212032885584680741e+01 4.688524941021430692e+01
1.908837433664469927e+02 2.259736785411626769e+01 4.928228867714457806e+01
1.880114002810361740e+02 2.307955233016929597e+01 5.171097000062886195e+01
1.851004918510590471e+02 2.356694543697950550e+01 5.417168173915329987e+01
1.821505447644448452e+02 2.405961110001773662e+01 5.666481700166688995e+01
1.791610799894580452e+02 2.455761401725206028e+01 5.919077364758147297e+01
1.761316127746984534e+02 2.506101965914776386e+01 6.174995428677169684e+01
1.730616525650225128e+02 2.556989428002301068e+01 6.434276634940624717e+01
1.699507026050569891e+02 2.608430497159819694e+01 6.696962241524946080e+01
1.667982600240147804e+02 2.660431965154088729e+01 6.963094014321873715e+01
1.636038157918231661e+02 2.713000706939082463e+01 7.232714230781893150e+01
1.603668546325231148e+02 2.766143681825660749e+01 7.505865687107224460e+01
1.570868549466923980e+02 2.819867934529286657e+01 7.782591704694743839e+01
1.538153268499207513e+02 2.869711696224736741e+01 8.062019517368815968e+01
1.507814092325733384e+02 2.896144620190131036e+01 8.339979598837187780e+01
1.479847697838776810e+02 2.899604649586927252e+01 8.616107605543109571e+01
1.453890525587876255e+02 2.883580251678891671e+01 8.890712694226728274e+01
1.429638773629039292e+02 2.850991609265913240e+01 9.164048587725665129e+01
1.406834351627690580e+02 2.804319514925236234e+01 9.436330836441862857e+01
1.385257957708980427e+02 2.745671917875462853e+01 9.707742599663269800e+01
1.364723341712498552e+02 2.676839066855675497e+01 9.978439436153651343e+01
1.345072307153426436e+02 2.599341552393317656e+01 1.024855347786979678e+02
1.326170385052522818e+02 2.514471890918113317e+01 1.051819704262092046e+02
1.307903421564689950e+02 2.423327325240051522e+01 1.078746548364107269e+02
1.290174420275521925e+02 2.326840177101171037e+01 1.105643982649570063e+02
1.272900941594852071e+02 2.225802844786868206e+01 1.132518894077285410e+02
1.256013036634896594e+02 2.120887663151514246e+01 1.159377126544158898e+02
1.239451182542769061e+02 2.012666749664103705e+01 1.186223653299597345e+02
1.223164914709762741e+02 1.901625151918785406e+01 1.213062691165746259e+02
1.207111281812843941e+02 1.788175698121678892e+01 1.239897829552502344e+02
1.191362467582870153e+02 1.675822718097924735e+01 1.266335745059693636e+02
1.176332191545056958e+02 1.576109627389070766e+01 1.290910107717938331e+02
1.162075841223844463e+02 1.488410138630300317e+01 1.313624966962842393e+02
1.148592265270147976e+02 1.411010596347209578e+01 1.334639542463885391e+02
1.135871225101959823e+02 1.342473085067155658e+01 1.354096431935073781e+02
1.123895513097922532e+02 1.281584517190037076e+01 1.372124252847395098e+02
1.112642784258813293e+02 1.227319245387633195e+01 1.388839314456333227e+02
1.102087001929816807e+02 1.178808547110850391e+01 1.404347030305099793e+02
1.092199619263974597e+02 1.135314784633172280e+01 1.418743155786772547e+02
1.082950530182554729e+02 1.096209632905596365e+01 1.432114874078906155e+02
1.074308775960182061e+02 1.060956922975933736e+01 1.444541693375874729e+02
1.066243130272011967e+02 1.029097722014271810e+01 1.456096255706356430e+02
1.058722559365149891e+02 1.000237636574770406e+01 1.466845061808268440e+02
1.051716529238745181e+02 9.740373864091745659e+00 1.476849042717787199e+02
1.045195292752428031e+02 9.502034797883109007e+00 1.486164141469731703e+02
1.039130051498896279e+02 9.284816657676367768e+00 1.494841760119714138e+02
1.033493099170616460e+02 9.086507548932909017e+00 1.502929190731124720e+02
1.028257905413782680e+02 8.905176046249305699e+00 1.510469996653538658e+02
1.023399166270081508e+02 8.739132107980237762e+00 1.517504324179287494e+02
1.018892833404019882e+02 8.586888585474900637e+00 1.524069229299701931e+02
1.014716115033800321e+02 8.447135798716193023e+00 1.530198911367919834e+02
1.010847464307595658e+02 8.318713447623496293e+00 1.535924983525370635e+02
1.007266556851796366e+02 8.200592122263067552e+00 1.541276665075513961e+02
1.003954252392288566e+02 8.091855221361500483e+00 1.546280985545324995e+02
1.000892558377040018e+02 7.991682297852615413e+00 1.550962973639010727e+02
9.980645838746424658e+01 7.899340676220906410e+00 1.555345779311569743e+02
9.954544862022336815e+01 7.814168640112225894e+00 1.559450880670530353e+02
9.930474324949234699e+01 7.735572850297616654e+00 1.563298145089242439e+02
9.908295346921947555e+01 7.663015371070637016e+00 1.566906011988290572e+02
9.887878072941910546e+01 7.596008791242564229e+00 1.570291578840842135e+02
9.869101242658986450e+01 7.534112548555551570e+00 1.573470676902088030e+02
9.851851483906850149e+01 7.476923378354651817e+00 1.576458027882451347e+02
9.836023078330450176e+01 7.424075044394373712e+00 1.579267269173709849e+02
9.821517433401356811e+01 7.375233640347802933e+00 1.581911048430795006e+02
9.808242468284980475e+01 7.330091869190503040e+00 1.584401135943260499e+02
9.796112478703855686e+01 7.288369556834208396e+00 1.586748433009525456e+02
9.785047639400492869e+01 7.249810033266315124e+00 1.588963053603542903e+02
9.774973421406194518e+01 7.214175989321049087e+00 1.591054419146103385e+02
9.765820503255740448e+01 7.181249881993604589e+00 1.593031263380744349e+02
9.757524474912801793e+01 7.150832367808658496e+00 1.594901675557367469e+02
9.750025183327650780e+01 7.122738465069215152e+00 1.596673199343755982e+02
9.743266619153494901e+01 7.096797325511234433e+00 1.598352845924862038e+02
9.737196882750420457e+01 7.072852584561435840e+00 1.599947094070148239e+02
9.731767586622164856e+01 7.050759254901502793e+00 1.601461976778665246e+02
9.726933578931067359e+01 7.030382555981225856e+00 1.602903118906936299e+02
9.722652922067288728e+01 7.011598192735013946e+00 1.604275736677053885e+02
9.718886806116206856e+01 6.994292038464817729e+00 1.605584648999177375e+02
9.715598968958677517e+01 6.978357710671041936e+00 1.606834356107997905e+02
9.712755593293245227e+01 6.963696219687307121e+00 1.608029052796968870e+02
9.710325304519091105e+01 6.950216201302887420e+00 1.609172626477565586e+02
9.708279116677734066e+01 6.937833694889392611e+00 1.610268664471866487e+02
9.706589928925048127e+01 6.926470293595071048e+00 1.611320519939147857e+02
9.705232448345141449e+01 6.916052900816479720e+00 1.612331321612480224e+02
9.704183173633326476e+01 6.906513778449467900e+00 1.613303974936932832e+02
9.703420464088567599e+01 6.897790831015897517e+00 1.614241152753440360e+02
9.702924133858931555e+01 6.889826187539439317e+00 1.615145347755175180e+02
9.702675297981843983e+01 6.882565731247809460e+00 1.616018891766129855e+02
9.702656365169364960e+01 6.875959086707416290e+00 1.616863956559890028e+02
9.702851078791019290e+01 6.869959837022093119e+00 1.617682547878971491e+02
9.703244456614551439e+01 6.864525282870050482e+00 1.618476513505231651e+02
9.703822457661448198e+01 6.859615411937692642e+00 1.619247585094841781e+02
9.704571952503290788e+01 6.855192815367751713e+00 1.619997381831452685e+02
9.705480716546200881e+01 6.851222675400076234e+00 1.620727411191880662e+02
9.706537485735447035e+01 6.847672979800836224e+00 1.621439061562403197e+02
9.707731888823190047e+01 6.844514280468299461e+00 1.622133611038364904e+02
9.709054191768976239e+01 6.841718937503060260e+00 1.622812259200672429e+02
