2.540000000000000000e+02 7.000000000000000000e+00 0.000000000000000000e+00
2.520654786729089665e+02 7.983357322049546845e+00 1.322427389237599726e+00
2.500768319037840683e+02 8.949183040156684754e+00 2.693345807759575106e+00
2.480333076803690915e+02 9.897581983773244829e+00 4.112895380492163966e+00
2.459341516884283010e+02 1.082865473244519450e+01 5.581219303967475120e+00
2.437786073243454155e+02 1.174249765682091784e+01 7.098463781519211757e+00
2.415659156997376442e+02 1.263920291871312074e+01 8.664778019812297671e+00
2.392953156818696812e+02 1.351885851072228029e+01 1.028031414558666867e+01
2.369660439212441361e+02 1.438154835021627420e+01 1.194522705825916375e+01
2.345773348736140917e+02 1.522735230876765478e+01 1.365967437405014451e+01
2.321284208338761061e+02 1.605634626662614295e+01 1.542381632758277199e+01
2.296185319634531083e+02 1.686860215498277782e+01 1.723781569483065823e+01
2.270470470819124102e+02 1.766407428208176356e+01 1.910186681851918422e+01
2.244378879173304426e+02 1.842435694237747512e+01 2.102075871662226803e+01
2.218147758027333225e+02 1.913181010624933265e+01 2.299866881063336876e+01
2.191780783359511133e+02 1.978657514113466931e+01 2.503511131948311430e+01
2.165281579251911239e+02 2.038880299618401537e+01 2.712959441897153923e+01
2.138653769925356869e+02 2.093865006913203786e+01 2.928162162573057969e+01
2.111900978238550977e+02 2.143627807694564424e+01 3.149069205789103876e+01
2.085026825688075860e+02 2.188185405582404641e+01 3.375630043508253664e+01
2.058034932408392024e+02 2.227555036119872511e+01 3.607793707843355691e+01
2.030928917171841590e+02 2.261754466773344063e+01 3.845508791057142872e+01
2.003712397388643751e+02 2.290801996932422568e+01 4.088723445562233394e+01
1.976388989116234711e+02 2.314716455678416196e+01 4.337385385730123488e+01
1.948962306081880627e+02 2.333517186067865268e+01 4.591441911083713023e+01
1.921435958411005629e+02 2.347224042321904136e+01 4.850839921435702706e+01
1.893813552830269202e+02 2.355857388211758163e+01 5.115525916230311765e+01
1.866098692220448356e+02 2.359438091694895689e+01 5.385446003596272391e+01
1.838294975195451002e+02 2.357987520232464718e+01 5.660545908557243422e+01
1.810405996004884628e+02 2.351527539469358530e+01 5.940770975133515464e+01
1.782435343637215794e+02 2.340080503178780447e+01 6.226066183901085793e+01
1.754385944718803216e+02 2.323655790797081622e+01 6.516394213706294636e+01
1.726385491823333496e+02 2.304806420446597315e+01 6.808298983387705050e+01
1.698555176213662321e+02 2.285998961698970433e+01 7.098463257353721190e+01
1.670896346503057828e+02 2.267281181027678016e+01 7.386832798631873231e+01
1.643407974157095737e+02 2.248652540563487889e+01 7.673418371631147750e+01
1.616089037023882042e+02 2.230112505774896547e+01 7.958230673962390256e+01
1.588938518897828374e+02 2.211660545240004438e+01 8.241280341003781018e+01
1.561955409519647731e+02 2.193296130646512054e+01 8.522577945900833640e+01
1.535138704576357043e+02 2.175018736791724905e+01 8.802133999566397904e+01
1.508487405701274895e+02 2.156827841582550676e+01 9.079958950680665453e+01
1.482000520474024086e+02 2.138722926035499583e+01 9.356063185691157003e+01
1.455677062420531058e+02 2.120703474276682954e+01 9.630457028812728026e+01
1.429516051013023059e+02 2.102768973541818198e+01 9.903150742027573017e+01
1.403516511670032969e+02 2.084918914176223126e+01 1.017415452508522264e+02
1.377677475768367401e+02 2.067152789641073340e+01 1.044347851537736034e+02
1.351997980619744624e+02 2.049470096501201510e+01 1.071113278818198324e+02
1.326477069167610523e+02 2.031870334266539757e+01 1.097712735983662498e+02
1.301114685520326475e+02 2.014349515127230461e+01 1.124146678865228921e+02
1.276698916368211627e+02 1.993826291315887289e+01 1.149940965622202498e+02
1.253860445375594281e+02 1.967813381487855651e+01 1.174718298340036995e+02
1.232511216732124808e+02 1.936622042884957295e+01 1.198534970257516648e+02
1.212568042212516559e+02 1.900546323936680082e+01 1.221444163114641697e+02
1.193952293830919587e+02 1.859864150848935793e+01 1.243496143616468856e+02
1.176589846560750061e+02 1.814837530112340147e+01 1.264738300048177138e+02
1.160410680039790918e+02 1.765713956632790271e+01 1.285215396876223224e+02
1.145350263947232747e+02 1.712721507790582720e+01 1.304967959137343598e+02
1.131339943570280440e+02 1.656102916050974727e+01 1.324042527370000357e+02
1.118298466816179513e+02 1.596145386556843171e+01 1.342501004862835714e+02
1.106163222302954665e+02 1.533069816904575156e+01 1.360387300818389065e+02
1.094883675300703629e+02 1.467054242670452702e+01 1.377733916240200358e+02
1.084412035113878545e+02 1.398267019309218817e+01 1.394571604069489581e+02
1.074703309979832255e+02 1.326866595393498471e+01 1.410929244824860405e+02
1.065715030676764883e+02 1.253002499611987375e+01 1.426834103082608749e+02
1.057407193050022585e+02 1.176815544013917325e+01 1.442311864295426176e+02
1.049741967790511410e+02 1.098438850325770133e+01 1.457386820713338693e+02
1.042683612088135590e+02 1.017998162372513704e+01 1.472081927980073885e+02
1.036198453008748288e+02 9.356119048606435840e+00 1.486418815782194542e+02
1.030254695935377640e+02 8.513918607903757874e+00 1.500417910565024044e+02
1.024822271370117903e+02 7.654437132121965526e+00 1.514098533674098803e+02
1.019872821821274442e+02 6.778670915967990318e+00 1.527478909755562313e+02
1.015379620989426570e+02 5.887558576175873526e+00 1.540576218527130266e+02
1.011317384005097750e+02 4.981987762087475069e+00 1.553406716343281175e+02
1.007662236392214510e+02 4.062796253193209139e+00 1.565985756077901669e+02
1.004391692783763119e+02 3.130772711797424002e+00 1.578327800759528259e+02
1.001484501171283625e+02 2.186662190826079488e+00 1.590446523348075232e+02
9.989205750460662614e+01 1.231168533513268715e+00 1.602354850206490369e+02
9.966809835299238785e+01 2.649547223923248152e-01 1.614064967423305177e+02
9.947478524883987916e+01 -7.113536237803247397e-01 1.625588384161457327e+02
9.931042950793984403e+01 -1.697165794027198027e+00 1.636935977150258452e+02
9.917343878432619420e+01 -2.691925139635872544e+00 1.648118006002640925e+02
9.906230877777173305e+01 -3.695106141699382896e+00 1.659144166338685409e+02
9.897561909970386296e+01 -4.706212949193909090e+00 1.670023616269478453e+02
9.891203107030595731e+01 -5.724778599982301763e+00 1.680764990509396455e+02
9.887027893276989232e+01 -6.750361913938869307e+00 1.691376456659535847e+02
9.884916722936232247e+01 -7.782546565062042454e+00 1.701865732017266168e+02
9.884757056777065998e+01 -8.820940998860073989e+00 1.712240085073115381e+02
9.886442524434758639e+01 -9.865175470116774648e+00 1.722506389174247090e+02
9.889872524749972627e+01 -1.091490062959077711e+01 1.732671148127640492e+02
9.894952160610110070e+01 -1.196978729361275562e+01 1.742740500374476369e+02
9.901592206626429515e+01 -1.302952632979200942e+01 1.752720221060845915e+02
9.909708188914521543e+01 -1.409382540290387276e+01 1.762615780989298742e+02
9.919220199675444860e+01 -1.516240831920731935e+01 1.772432358497241864e+02
9.930052958408106178e+01 -1.623501524292141340e+01 1.782174835535668933e+02
9.942056924991055666e+01 -1.730960666211198529e+01 1.791866163384419224e+02
9.955059087123706263e+01 -1.838327561995691539e+01 1.801537981028772890e+02
9.968980889062559925e+01 -1.945505751881889722e+01 1.811201968431298042e+02
9.983768019841939179e+01 -2.052446160246664419e+01 1.820864906239976051e+02
9.999390371159982749e+01 -2.159147003004679277e+01 1.830528685264963542e+02
1.001582747030938378e+02 -2.265624032795837195e+01 1.840193344868168310e+02
1.003304721685547065e+02 -2.371866074737911489e+01 1.849861617918390948e+02
1.005102264588239080e+02 -2.477869569236919745e+01 1.859535415314282147e+02
1.006972818003947765e+02 -2.583631415694204847e+01 1.869216559274926226e+02
1.008913962271941926e+02 -2.689148958768457831e+01 1.878906784743013532e+02
1.010923407515575008e+02 -2.794419959567801115e+01 1.888607744704852962e+02
1.012999016578729368e+02 -2.899442676210498249e+01 1.898320995476274788e+02
1.015138778371610471e+02 -3.004215770369625460e+01 1.908048013802891774e+02
1.017340778851636145e+02 -3.108738205799186005e+01 1.917790215478854918e+02
1.019603201005724742e+02 -3.213009248272268081e+01 1.927548955358224134e+02
1.021924324850294710e+02 -3.317028465581052643e+01 1.937325527354963413e+02
1.024302525789640725e+02 -3.420795722017044938e+01 1.947121165497586901e+02
1.026736284794324945e+02 -3.524311214767129741e+01 1.956937037403601778e+02
1.029224186072146949e+02 -3.627575464905465452e+01 1.966774245768814069e+02
1.031764881629085124e+02 -3.730589194205759185e+01 1.976633851109951081e+02
1.034357089218992201e+02 -3.833353318065137216e+01 1.986516873080737753e+02
1.036999592343593832e+02 -3.935868945504145699e+01 1.996424290471895517e+02
1.039691240252488313e+02 -4.038137379166745689e+01 2.006357041211141166e+02
1.042430946255228719e+02 -4.140160109859073145e+01 2.016316023449333557e+02
1.045217700084461114e+02 -4.241938860330907346e+01 2.026302087632387838e+02
1.048050561773567466e+02 -4.343475562836351855e+01 2.036316040422251774e+02
1.050928635181556103e+02 -4.444772268021729644e+01 2.046358661694068530e+02
1.053851067157165318e+02 -4.545831142081137699e+01 2.056430705073051399e+02
1.056817047538864216e+02 -4.646654466756439916e+01 2.066532897934481241e+02
1.059825809154852436e+02 -4.747244639337269945e+01 2.076665941403707336e+02
