2.540000000000000000e+02 7.000000000000000000e+00 0.000000000000000000e+00
2.526977785849910561e+02 7.763583603883408735e+00 6.176207583152392155e-01
2.513372855497338776e+02 8.507381414858141255e+00 1.309518227876895313e+00
2.499174148231643358e+02 9.230956919990036980e+00 2.077162570353720206e+00
2.484370406934216930e+02 9.933865727626239206e+00 2.922050179527320601e+00
2.468950175262591529e+02 1.061565545420551793e+01 3.845704057613220428e+00
2.452901797456273982e+02 1.127586571645157498e+01 4.849673841209001246e+00
2.436213409815469504e+02 1.191402778884863700e+01 5.935536940085153645e+00
2.418872938112013458e+02 1.252966449957060036e+01 7.104898883189845193e+00
2.400868094727780715e+02 1.312229011545155899e+01 8.359393701077229011e+00
2.382186379601603505e+02 1.369141038004385713e+01 9.700683799365870996e+00
2.362815070887068316e+02 1.423652213809100786e+01 1.113046120724199461e+01
2.342741218728013450e+02 1.475711308532118338e+01 1.265044840931043879e+01
2.321951645256419852e+02 1.525266176836281318e+01 1.426239834587528854e+01
2.300432942676335415e+02 1.572263750771415225e+01 1.596809466901984997e+01
2.278171466070547240e+02 1.616650010858689868e+01 1.776935270393575195e+01
2.255153329659852943e+02 1.658369971054163017e+01 1.966801994883828186e+01
2.231377564907455735e+02 1.697457542660734831e+01 2.166385188660441585e+01
2.207151231615191875e+02 1.736047798302627143e+01 2.370690227373041026e+01
2.182597436479457258e+02 1.775013171017445757e+01 2.577698401798913252e+01
2.157712351553992391e+02 1.814358724124213040e+01 2.787440639957978661e+01
2.132492017619010767e+02 1.854089001130689951e+01 2.999949616443802469e+01
2.106932428017422581e+02 1.894208599982571073e+01 3.215258397339859897e+01
2.081029524890931270e+02 1.934722177382866093e+01 3.433400471282144650e+01
2.054779205415770207e+02 1.975634441635878957e+01 3.654409697997243001e+01
2.028177322702869674e+02 2.016950151614242159e+01 3.878320300873101445e+01
2.001219677723709083e+02 2.058674126024593676e+01 4.105166933593438472e+01
1.973902019290202361e+02 2.100811243430665343e+01 4.334984680303705318e+01
1.946220044054696530e+02 2.143366442253283211e+01 4.567809055611089519e+01
1.918169396509975400e+02 2.186344720770366834e+01 4.803676004584509940e+01
1.889745668989254170e+02 2.229751137116931048e+01 5.042621902754616769e+01
1.860944401666183978e+02 2.273590809285084191e+01 5.284683556113791525e+01
1.831761082554850191e+02 2.317868915124029172e+01 5.529898201116153444e+01
1.802191147384890257e+02 2.362590692483380650e+01 5.778303505708161936e+01
1.772229976724484288e+02 2.407761442514732053e+01 6.029937593072025237e+01
1.741872894977120154e+02 2.453386530822969647e+01 6.284839049905061614e+01
1.711115170755287807e+02 2.499471387037425174e+01 6.543046923335829490e+01
1.679952016211891248e+02 2.546021505579123101e+01 6.804600726441735503e+01
1.648378586188481734e+02 2.593042446638242282e+01 7.069540445278460084e+01
1.616389977716085014e+02 2.640539836746987490e+01 7.337906542999695603e+01
1.583981229162847342e+02 2.688519369757677069e+01 7.609739966891247320e+01
1.551147319630234733e+02 2.736986807535710398e+01 7.885082153354137802e+01
1.518517015924675491e+02 2.780491685129133828e+01 8.162970288024544629e+01
1.488320727259051921e+02 2.800018444036620480e+01 8.439704139298709151e+01
1.460419384319121150e+02 2.797191270406027286e+01 8.715122497077227592e+01
1.434453642027524438e+02 2.775477682713125560e+01 8.989460553066892601e+01
1.410121219906586987e+02 2.737795841142477471e+01 9.262914997749186341e+01
1.387166782464964001e+02 2.686610701235397158e+01 9.535651980729542743e+01
1.365374601217933161e+02 2.624004854392049779e+01 9.807811884588664952e+01
1.344562422647297524e+02 2.551737726291387176e+01 1.007951331418876180e+02
1.324576350952104917e+02 2.471294978568380074e+01 1.035085642578949177e+02
1.305286336086676897e+02 2.383932067077925865e+01 1.062192586238417675e+02
1.286582502652694018e+02 2.290709682593391250e+01 1.089279314200319675e+02
1.268372102949667664e+02 2.192523165910638383e+01 1.116351863996051179e+02
1.250576700179965854e+02 2.090129701050789635e+01 1.143415342136892008e+02
1.233130103003020963e+02 1.984168254974402501e+01 1.170474058485207252e+02
1.215976368803631118e+02 1.875178853932991885e+01 1.197531656155322537e+02
1.199068234930962689e+02 1.763617728212088309e+01 1.224591213572018660e+02
1.182365917536714051e+02 1.649873189377357718e+01 1.251654910231860640e+02
1.166028847792660343e+02 1.539331798839221221e+01 1.278045241332417561e+02
1.150480094707880880e+02 1.442151182915075580e+01 1.302362879136254321e+02
1.135738108412689940e+02 1.356666565923483425e+01 1.324749963013966294e+02
1.121797815252471366e+02 1.281205413512400959e+01 1.345372774502740185e+02
1.108645125048775668e+02 1.214362195224906671e+01 1.364380835993454752e+02
1.096259245398864834e+02 1.154953139257744255e+01 1.381908967486115785e+02
1.084614513474935649e+02 1.101979261126550114e+01 1.398079026276051877e+02
1.073681873742165749e+02 1.054595477599510289e+01 1.413001412659496339e+02
1.063430063939681105e+02 1.012084757280922531e+01 1.426776380655156231e+02
1.053826526269278929e+02 9.738371680710161016e+00 1.439495150340505916e+02
1.044838116037244333e+02 9.393326586787283716e+00 1.451240861947871963e+02
1.036431685137851844e+02 9.081259830167789815e+00 1.462089448035352461e+02
1.028574490244690764e+02 8.798350148007850535e+00 1.472110353421111597e+02
1.021234513086073292e+02 8.541308287450814163e+00 1.481367172376140502e+02
1.014380713397059850e+02 8.307288587218355502e+00 1.489918249046852168e+02
1.007983170859615711e+02 8.093827126322608478e+00 1.497817132331884409e+02
1.002013224317125974e+02 7.898776546530474008e+00 1.505113065537730961e+02
9.964435221015381217e+01 7.720263947855759312e+00 1.511851342137333063e+02
9.912480744591475457e+01 7.556646215562614621e+00 1.518073684198358535e+02
9.864022540037747433e+01 7.406479264750542413e+00 1.523818538407948893e+02
9.818827952816805293e+01 7.268487620530592608e+00 1.529121369747055041e+02
9.776677636077174327e+01 7.141542620613824610e+00 1.534014902649005592e+02
9.737365258540069135e+01 7.024639960506755543e+00 1.538529366550698683e+02
9.700697025218262581e+01 6.916886193513418490e+00 1.542692673761189326e+02
9.666491193256563008e+01 6.817479807607656817e+00 1.546530650093985741e+02
9.634577586780093839e+01 6.725704847375478579e+00 1.550067144666190586e+02
9.604796939737700257e+01 6.640914398848943634e+00 1.553324254547196119e+02
9.577000482131722947e+01 6.562527316547234868e+00 1.556322397516470346e+02
9.551049238178839573e+01 6.490017135299887663e+00 1.559080488847040726e+02
9.526813519412731068e+01 6.422906116496865714e+00 1.561616049180057075e+02
9.504172496705352557e+01 6.360762318677447347e+00 1.563945275385821674e+02
9.483013423015442811e+01 6.303190472066326322e+00 1.566083205937401885e+02
9.463231374784349725e+01 6.249831333013566415e+00 1.568043752887953417e+02
9.444728696020185055e+01 6.200357301180892122e+00 1.569839799483416130e+02
9.427414355303410787e+01 6.154467075633974993e+00 1.571483315712127364e+02
9.411203804720759081e+01 6.111885995671318739e+00 1.572985369067982049e+02
9.396018415938914359e+01 6.072362232959396700e+00 1.574356217418526853e+02
9.381784924372959722e+01 6.035663240954368902e+00 1.575605398586717172e+02
9.368435353524843379e+01 6.001576189348442725e+00 1.576741733698052599e+02
9.355906596490578409e+01 5.969905684528827194e+00 1.577773390832284406e+02
9.344139830746271969e+01 5.940470630557360465e+00 1.578707973564034148e+02
9.333080440042539294e+01 5.913104295777461772e+00 1.579552528099195854e+02
9.322677889199293588e+01 5.887653954548982327e+00 1.580313559197645077e+02
9.312885071733802533e+01 5.863977810446870720e+00 1.580997124802279359e+02
9.303658159472975342e+01 5.841944455728271812e+00 1.581608856226668536e+02
9.294956613722155225e+01 5.821433276644164323e+00 1.582153953135613165e+02
9.286742848743172374e+01 5.802332988959294724e+00 1.582637231176467765e+02
9.278981796686169048e+01 5.784539962284252823e+00 1.583063181460380804e+02
9.271640870680136004e+01 5.767958167072541720e+00 1.583435974749007187e+02
9.264690005563114994e+01 5.752499517485762937e+00 1.583759454093117256e+02
9.258101289864838179e+01 5.738082435577431362e+00 1.584037185324114319e+02
9.251848668939291542e+01 5.724630846319874955e+00 1.584272496306645337e+02
9.245907928094136707e+01 5.712074156765081234e+00 1.584468478819610198e+02
9.240256746921478737e+01 5.700347560056699514e+00 1.584627980214773686e+02
9.234874454058122240e+01 5.689391142863017947e+00 1.584753636444206677e+02
9.229741728178893823e+01 5.679148929850996730e+00 1.584847911049235734e+02
9.224840585725672781e+01 5.669568851278850019e+00 1.584913096694897945e+02
9.220154397594963314e+01 5.660602865181736831e+00 1.584951312330211692e+02
9.215667882741342964e+01 5.652206916493864419e+00 1.584964504219232708e+02
9.211366760413723398e+01 5.644339842212731995e+00 1.584954491128627865e+02
9.207237697327614967e+01 5.636963217667378956e+00 1.584922971070693904e+02
9.203268301018593434e+01 5.630041344550987148e+00 1.584871522080652824e+02
9.199447176981715302e+01 5.623541462650331724e+00 1.584801594485122394e+02
9.195763824502594730e+01 5.617433403507572365e+00 1.584714524614888091e+02
9.192208405459587084e+01 5.611688902594160311e+00 1.584611564460232387e+02
