2.540000000000000000e+02 7.000000000000000000e+00 0.000000000000000000e+00
2.528940708049336479e+02 7.723809045355269909e+00 4.801340788894242761e-01
2.517318683498324674e+02 8.429974675799297046e+00 1.028998505521414586e+00
2.505122461480765992e+02 9.118078931402665788e+00 1.648050201733286091e+00
2.492340357942910032e+02 9.787695741159261331e+00 2.338774059684534556e+00
2.478960466645599183e+02 1.043839081185875983e+01 3.102683324597069081e+00
2.464970657233092766e+02 1.106972155649924261e+01 3.941319841309041561e+00
2.450358566029102860e+02 1.168123675310849841e+01 4.856255229350802338e+00
2.435111593779597001e+02 1.227247646107269219e+01 5.849091171121648891e+00
2.419216902897589137e+02 1.284297191899854340e+01 6.921459763656948816e+00
2.402661415257219630e+02 1.339224546294182794e+01 8.075023800257161710e+00
2.385431799781845541e+02 1.391981006630858353e+01 9.311478355130313744e+00
2.367514471100580238e+02 1.442516929005424053e+01 1.063255095491263802e+01
2.348895585762956841e+02 1.490781714235989597e+01 1.204000206195048683e+01
2.329561042546936847e+02 1.536723809004422669e+01 1.353562503498291214e+01
2.309496472324818512e+02 1.580290668289896061e+01 1.512124742297226199e+01
2.288687227408756257e+02 1.621428715872984228e+01 1.679873232537977756e+01
2.267118381515901433e+02 1.660083344206440970e+01 1.856997839661604033e+01
2.244780981483723110e+02 1.696237137062961509e+01 2.043597598894467993e+01
2.221963439602103563e+02 1.731688578402888368e+01 2.235284156548289403e+01
2.198828719954327369e+02 1.767462117072110317e+01 2.429569949315992616e+01
2.175373058257720231e+02 1.803561908567069949e+01 2.626485502817140016e+01
2.151592597967581071e+02 1.839991873248498777e+01 2.826062417117405090e+01
2.127483435348495675e+02 1.876755979448733314e+01 3.028332678957528046e+01
2.103041619474333572e+02 1.913858243471709741e+01 3.233328661753314748e+01
2.078263152228250874e+02 1.951302729592964269e+01 3.441083125595640269e+01
2.053143984221705693e+02 1.989093554208159986e+01 3.651629250689502015e+01
2.027680020658397666e+02 2.027234879872074558e+01 3.865000589305708445e+01
2.001867123047495909e+02 2.065730913557072768e+01 4.081231051742762617e+01
1.975701100483787513e+02 2.104585915517217742e+01 4.300354977776348164e+01
1.949177709616069762e+02 2.143804199320414128e+01 4.522407136918327808e+01
1.922292654647146151e+02 2.183390131848405957e+01 4.747422728416742643e+01
1.895041587333829511e+02 2.223348133296776652e+01 4.975437381255819247e+01
1.867420106986940596e+02 2.263682677174950442e+01 5.206487154155958308e+01
1.839423760471308071e+02 2.304398290306190944e+01 5.440608535573742444e+01
1.811048042205767956e+02 2.345499552827602940e+01 5.677838443701933357e+01
1.782288394147765018e+02 2.386991098205780304e+01 5.918214226595605254e+01
1.753140203541196058e+02 2.428877615526248235e+01 6.161773680626251348e+01
1.723598800730908920e+02 2.471163851715099824e+01 6.408555068389215137e+01
1.693659460038063287e+02 2.513854610649192267e+01 6.658597111531292967e+01
1.663317399087806336e+02 2.556954753839530525e+01 6.911938996259566181e+01
1.632567777946602234e+02 2.600469201308291289e+01 7.168620380410222026e+01
1.601405698573340146e+02 2.644402932146731189e+01 7.428681397945744891e+01
1.569826204041525273e+02 2.688760985305915696e+01 7.692162665328588389e+01
1.537824277836443798e+02 2.733548460311151018e+01 7.959105287279838592e+01
1.506175082452941183e+02 2.771861446503232784e+01 8.228057326819174477e+01
1.476877234320670595e+02 2.786223251055229966e+01 8.495015826027390915e+01
1.449707414486573214e+02 2.779084899419424559e+01 8.760028910260570001e+01
1.424321743688181243e+02 2.753897842198352919e+01 9.023429273185901422e+01
1.400431635881186310e+02 2.713558723145831308e+01 9.285495985117938744e+01
1.377794961366127779e+02 2.660497887913697568e+01 9.546463190871516247e+01
1.356208535436801697e+02 2.596754778036954292e+01 9.806527373596811969e+01
1.335501912795286898e+02 2.524040218496632448e+01 1.006585335587568295e+02
1.315532135253615991e+02 2.443789136820926444e+01 1.032457937894488254e+02
1.296179209800700107e+02 2.357205951262171340e+01 1.058282147562053126e+02
1.277342477654035946e+02 2.265301015857689038e+01 1.084067698159842621e+02
1.258937537146856442e+02 2.168921506455264847e+01 1.109822751116878408e+02
1.240893496027016454e+02 2.068779000322499684e+01 1.135554161437422636e+02
1.223150954150533920e+02 1.965469724536166751e+01 1.161267672784122880e+02
1.205660034781298009e+02 1.859494316495282717e+01 1.186968107860727031e+02
1.188378894396035719e+02 1.751272781514519039e+01 1.212659512521039602e+02
1.171272458330565200e+02 1.641157183571916889e+01 1.238345278037954103e+02
1.154395302462748560e+02 1.531099560281829497e+01 1.263807244704977961e+02
1.138308341045250529e+02 1.431946121400474858e+01 1.287588093334663029e+02
1.123152957034617714e+02 1.344855446081128747e+01 1.309454691068580701e+02
1.108904756870011852e+02 1.268002671486072686e+01 1.329585701336704346e+02
1.095537364145772017e+02 1.199965270880381851e+01 1.348127406919263649e+02
1.083018328894070947e+02 1.139532074125094674e+01 1.365213866597949277e+02
1.071311604991549729e+02 1.085681891288273171e+01 1.380966378705458624e+02
1.060378912534294074e+02 1.037551227311765523e+01 1.395494934601951798e+02
1.050180791721770248e+02 9.944078297766342445e+00 1.408899468888807576e+02
1.040677403420029350e+02 9.556292503095711766e+00 1.421270923652968747e+02
1.031829172540201398e+02 9.206843985500976046e+00 1.432692207402494944e+02
1.023597258157913643e+02 8.891185507470165561e+00 1.443239024632293876e+02
1.015943883034400272e+02 8.605415212236254163e+00 1.452980569786388116e+02
1.008832605077136719e+02 8.346168111312282534e+00 1.461980193233329430e+02
1.002228473497637822e+02 8.110534727157727275e+00 1.470295945669317632e+02
9.960981418958326117e+01 7.895990925483404865e+00 1.477981068201008270e+02
9.904099354745400774e+01 7.700335287496185011e+00 1.485084461859549663e+02
9.851338649045867157e+01 7.521646441854931808e+00 1.491651037867762568e+02
9.802416331035294661e+01 7.358234879334009548e+00 1.497722121651026157e+02
9.757065998465260748e+01 7.208616474390232121e+00 1.503335712075387676e+02
9.715037458870467901e+01 7.071476223221963231e+00 1.508526824492215042e+02
9.676096168423202926e+01 6.945651679446561033e+00 1.513327685250542913e+02
9.640022593318539634e+01 6.830105418194305500e+00 1.517768027043408665e+02
9.606611605762883244e+01 6.723914934706198387e+00 1.521875232446398343e+02
9.575671667111285501e+01 6.626251777691940070e+00 1.525674589418227640e+02
9.547024256518838570e+01 6.536374544680546350e+00 1.529189405350913944e+02
9.520503011728911247e+01 6.453614960925476041e+00 1.532441207436189927e+02
9.495953092798387729e+01 6.377369872642284498e+00 1.535449871431773374e+02
9.473230546600092339e+01 6.307095456273713374e+00 1.538233731476638013e+02
9.452201427818152979e+01 6.242296585005325582e+00 1.540809754336113713e+02
9.432741453424748101e+01 6.182525830295594993e+00 1.543193580794513764e+02
9.414735126609424753e+01 6.127375231719833337e+00 1.545399679148454197e+02
9.398075189345389902e+01 6.076472287287900009e+00 1.547441431468330393e+02
9.382662314754850286e+01 6.029478963377545853e+00 1.549331171313117466e+02
9.368404193917618272e+01 5.986084792229638296e+00 1.551080329447345321e+02
9.355215237657050409e+01 5.946005649430094131e+00 1.552699472639384908e+02
9.343016295402702553e+01 5.908982696869133910e+00 1.554198339424693245e+02
9.331733810243412108e+01 5.874777230551827323e+00 1.555585964417304012e+02
9.321299608655466784e+01 5.843170000739884351e+00 1.556870704115052035e+02
9.311650756568847953e+01 5.813960952387544623e+00 1.558060252810410589e+02
9.302728784589204736e+01 5.786965219887971301e+00 1.559161750453142758e+02
9.294479454832523402e+01 5.762012204676695504e+00 1.560181812700592445e+02
9.286852747050947698e+01 5.738945963721565846e+00 1.561126528928924131e+02
9.279802317271521872e+01 5.717622718586846453e+00 1.562001534979310691e+02
9.273285088919777763e+01 5.697909183044951753e+00 1.562812066321349107e+02
9.267261229893884433e+01 5.679682708092288479e+00 1.563562958999842181e+02
9.261694071224745528e+01 5.662831036844408139e+00 1.564258659464748007e+02
9.256549507373219399e+01 5.647249947041900420e+00 1.564903301733654359e+02
9.251795873684419291e+01 5.632842836523815677e+00 1.565500722586939730e+02
9.247403965751324506e+01 5.619520962710073064e+00 1.566054457684673480e+02
9.243346896629977039e+01 5.607202899677606212e+00 1.566567759781926839e+02
9.239599623467704248e+01 5.595812867067495588e+00 1.567043658019860857e+02
9.236138894741647221e+01 5.585280567349128589e+00 1.567484964333878850e+02
9.232943270392368618e+01 5.575541350588031797e+00 1.567894270133722046e+02
9.229993064370505351e+01 5.566536000251804950e+00 1.568273953596541901e+02
9.227269931321966112e+01 5.558209353767965766e+00 1.568626230757317046e+02
9.224756812829120634e+01 5.550510137218070739e+00 1.568953162033823787e+02
9.222437931642555498e+01 5.543390981300928999e+00 1.569256652639670904e+02
9.220298861255571410e+01 5.536808669045764297e+00 1.569538443852022738e+02
9.218326212603433589e+01 5.530723104601000806e+00 1.569800151616169046e+02
9.216507495820385998e+01 5.525096889552035151e+00 1.570043283312762981e+02
9.214831117283486606e+01 5.519895315435958238e+00 1.570269238102940790e+02
