2.540000000000000000e+02 7.000000000000000000e+00 0.000000000000000000e+00
2.527210700811259585e+02 7.778894781983525242e+00 5.835169917413853824e-01
2.513826994568212854e+02 8.536926238191600902e+00 1.244509867326315744e+00
2.499837512596879492e+02 9.273629230318462646e+00 1.984528119900878629e+00
2.485230683650868855e+02 9.988530188796033826e+00 2.805148998841526353e+00
2.469994731111272586e+02 1.068114699599023609e+01 3.707977893688314985e+00
2.454117672367066234e+02 1.135098896035136384e+01 4.694648419105227788e+00
2.437587310151505449e+02 1.199755645502087908e+01 5.766823602781235181e+00
2.420391230292539433e+02 1.262034082399269330e+01 6.926196193878696228e+00
2.402516798497416630e+02 1.321882424797882827e+01 8.174489103919295729e+00
2.383951161596995973e+02 1.379247979631229093e+01 9.513455236170921481e+00
2.364681236071959063e+02 1.434077094832135479e+01 1.094487905887511836e+01
2.344693703929978881e+02 1.486315142134649037e+01 1.247057717054811832e+01
2.323975012635575865e+02 1.535906516781408371e+01 1.409239830959800166e+01
2.302511371752235334e+02 1.582794623514815413e+01 1.581222381475829053e+01
2.280288745844561049e+02 1.626921846968435048e+01 1.763196859830631169e+01
2.257304778219002230e+02 1.668318126796645018e+01 1.955154859389299915e+01
2.233850383508578261e+02 1.709189728732848579e+01 2.152091077377099637e+01
2.210047525357387883e+02 1.750481909788955193e+01 2.351886298008270870e+01
2.185891707722012995e+02 1.792200185675707402e+01 2.554577318187821788e+01
2.161378365640069035e+02 1.834350067243393667e+01 2.760201590418396833e+01
2.136502872756554723e+02 1.876937139455835890e+01 2.968797070888523848e+01
2.111260543667924310e+02 1.919967058560620998e+01 3.180402200241036681e+01
2.085646639648816461e+02 1.963445545175753892e+01 3.395055856589087284e+01
2.059656357836670395e+02 2.007378397346057852e+01 3.612797444249203949e+01
2.033284830865415245e+02 2.051771490985380098e+01 3.833666896746615294e+01
2.006527126865474600e+02 2.096630779876596051e+01 4.057704676815244227e+01
1.979378249463762245e+02 2.141962295671606142e+01 4.284951776397713985e+01
1.951833137783686425e+02 2.187772147891336871e+01 4.515449716645343869e+01
1.923886666445145295e+02 2.234066523925741521e+01 4.749240547918154220e+01
1.895533645559476952e+02 2.280851689039899810e+01 4.986366849826338665e+01
1.866768812295212001e+02 2.328133996555886753e+01 5.226871800427612413e+01
1.837586842123895963e+02 2.375919874276758037e+01 5.470799083962776166e+01
1.807982347733374127e+02 2.424215825798430757e+01 5.718192899771425175e+01
1.777949868176164330e+02 2.473028443609833715e+01 5.969098051322394127e+01
1.747483868869460935e+02 2.522364409092909199e+01 6.223559946213753591e+01
1.716578741595130566e+02 2.572230492522611911e+01 6.481624596172811437e+01
1.685228804499713533e+02 2.622633553066907908e+01 6.743338617056113549e+01
1.653428302094425533e+02 2.673580538786776373e+01 7.008749228849437429e+01
1.621171405255154809e+02 2.725078486636208197e+01 7.277904255667809252e+01
1.588452211222464143e+02 2.777134522462207755e+01 7.550852125755477573e+01
1.555264743493907531e+02 2.829755861134793093e+01 7.827641872369396481e+01
1.522848670568499188e+02 2.872433038566609298e+01 8.106222768673343637e+01
1.493059851622974463e+02 2.889763730898670602e+01 8.383226562003149240e+01
1.465519862844119814e+02 2.885402290627653343e+01 8.658877260436341317e+01
1.439865650075567771e+02 2.862800672439897554e+01 8.933438402562647696e+01
1.415789736858884851e+02 2.824879538765258857e+01 9.207135754745708311e+01
1.393034300100218559e+02 2.774087871502095837e+01 9.480158654212921476e+01
1.371383064989385616e+02 2.712479965951411032e+01 9.752665955520242846e+01
1.350654640042757535e+02 2.641778744345178609e+01 1.002479092043978994e+02
1.330696964624101497e+02 2.563428501428435169e+01 1.029664529165409874e+02
1.311382478661490154e+02 2.478640789565860203e+01 1.056832283659619947e+02
1.292604168801688900e+02 2.388431978160231850e+01 1.083990224827253144e+02
1.274272370739347053e+02 2.293653629815239725e+01 1.111144949130201383e+02
1.256311803128547382e+02 2.195020676589212627e+01 1.138301997805010615e+02
1.238659379452212761e+02 2.093132206065598311e+01 1.165466017399730845e+02
1.221262190695097161e+02 1.988490624880640212e+01 1.192640907779408224e+02
1.204075821482407349e+02 1.881517654505869430e+01 1.219829945666162558e+02
1.187063090863076553e+02 1.772566293133523629e+01 1.247035877024298571e+02
1.170198711790031609e+02 1.662038219371514103e+01 1.274245128056913359e+02
1.153963123226572804e+02 1.558620494785927590e+01 1.300156353222318444e+02
1.138694134911444991e+02 1.467048662095439227e+01 1.323985789840373002e+02
1.124365929117159766e+02 1.385722371423647559e+01 1.345911809336562612e+02
1.110946408022299039e+02 1.313289304782185951e+01 1.366095233243303539e+02
1.098398734413629825e+02 1.248597316640345767e+01 1.384682395979227465e+02
1.086683196109007667e+02 1.190665557751319703e+01 1.401806075858619920e+02
1.075758438207534766e+02 1.138656368633762028e+01 1.417586972667260454e+02
1.065582376718637789e+02 1.091852979764055753e+01 1.432134942856910129e+02
1.056112949954920737e+02 1.049640014501703789e+01 1.445550126043062562e+02
1.047308688682381188e+02 1.011487170367878186e+01 1.457923945551759743e+02
1.039129103014171136e+02 9.769366783360947437e+00 1.469339927654804114e+02
1.031535012655347998e+02 9.455916149895253753e+00 1.479874494877572602e+02
1.024488750552443577e+02 9.171067998842298508e+00 1.489597636414781334e+02
1.017954300615437120e+02 8.911813745172992185e+00 1.498573482487268222e+02
1.011897398985132810e+02 8.675516672991982148e+00 1.506860887145089123e+02
1.006285558376915077e+02 8.459865801400455965e+00 1.514513845488534400e+02
1.001088094074135739e+02 8.262821372024077959e+00 1.521581989381041637e+02
9.962760921371983613e+01 8.082585043710398764e+00 1.528110903654453239e+02
9.918223824917423315e+01 7.917559011443227490e+00 1.534142543427587384e+02
9.877014816383859852e+01 7.766326677882100959e+00 1.539715475171369405e+02
9.838895318289658576e+01 7.627621355384934354e+00 1.544865235692919896e+02
9.803642364394873709e+01 7.500314359164502065e+00 1.549624509440806719e+02
9.771047769914525816e+01 7.383390594234401583e+00 1.554023443410230243e+02
9.740917520604905633e+01 7.275940858964115243e+00 1.558089780717870951e+02
9.713070842655585579e+01 7.177144377632726169e+00 1.561849118945153521e+02
9.687339570848631354e+01 7.086260826611323616e+00 1.565325048419968255e+02
9.663567382336928802e+01 7.002621627619181055e+00 1.568539310700867020e+02
9.641608929480456425e+01 6.925618661840732493e+00 1.571511991633445859e+02
9.621329425278419478e+01 6.854702526505217719e+00 1.574261578725349864e+02
9.602603647683197607e+01 6.789371861280280029e+00 1.576805160967376196e+02
9.585315462978735468e+01 6.729170096669094825e+00 1.579158506722157256e+02
9.569357345324394259e+01 6.673682531874163715e+00 1.581336138839117211e+02
9.554629435775183310e+01 6.622528486176198825e+00 1.583351502092336887e+02
9.541039321932625228e+01 6.575360839106235034e+00 1.585216989212524368e+02
9.528501511480438069e+01 6.531862801331714152e+00 1.586944023454616968e+02
9.516936633385425637e+01 6.491742561106787157e+00 1.588543188218164346e+02
9.506271316834019558e+01 6.454733332139109159e+00 1.590024238476419214e+02
9.496437785830127609e+01 6.420591213839775158e+00 1.591396161041008099e+02
9.487373108184482362e+01 6.389090911097918379e+00 1.592667289227304650e+02
9.479019083132078549e+01 6.360025561029550190e+00 1.593845315545469532e+02
9.471322094345919140e+01 6.333206259658820336e+00 1.594937310658199294e+02
9.464232363108244783e+01 6.308458276051103653e+00 1.595949832908590054e+02
9.457703769010376504e+01 6.285620330450155890e+00 1.596888952827228252e+02
9.451693861589080825e+01 6.264544991724904754e+00 1.597760248189338768e+02
9.446163396629211206e+01 6.245096499026000281e+00 1.598568870372314734e+02
9.441075915099490601e+01 6.227148965045834039e+00 1.599319602878396154e+02
9.436397713632119633e+01 6.210586388473902986e+00 1.600016864114074622e+02
9.432097858147687930e+01 6.195302829395445521e+00 1.600664704375198255e+02
9.428147650866741003e+01 6.181200166335707458e+00 1.601266879625697470e+02
9.424520441394825809e+01 6.168187378237981022e+00 1.601826876911983391e+02
9.421191618112058563e+01 6.156180602957382675e+00 1.602347914649073175e+02
9.418138636840195943e+01 6.145103289631506982e+00 1.602832938348945788e+02
9.415340564099953724e+01 6.134884416066155310e+00 1.603284682511312838e+02
9.412777943515845891e+01 6.125458008696687884e+00 1.603705688330836949e+02
9.410432787632049667e+01 6.116763147088641439e+00 1.604098304457652375e+02
9.408288647182776288e+01 6.108744269453163511e+00 1.604464677274754649e+02
9.406330303772543289e+01 6.101350006453958308e+00 1.604806792223359366e+02
9.404543579391076946e+01 6.094532511910462524e+00 1.605126498905607377e+02
9.402915331589819914e+01 6.088247449272738088e+00 1.605425511687474227e+02
9.401433488190724574e+01 6.082454156308274129e+00 1.605705404716170506e+02
9.400087015894209230e+01 6.077115514402853691e+00 1.605967616252096377e+02
9.398865626446628596e+01 6.072196913706891408e+00 1.606213487414186716e+02
9.397759743814087585e+01 6.067666142942868213e+00 1.606444266456619232e+02
9.396760499934552513e+01 6.063493378800930422e+00 1.606661109287310012e+02
