2.540000000000000000e+02 7.000000000000000000e+00 0.000000000000000000e+00
2.531145783267865284e+02 7.713538907372095466e+00 2.282838598329148261e-01
2.521811281701109237e+02 8.412389101318924034e+00 5.175379619098361417e-01
2.511986070964667306e+02 9.096184959066853537e+00 8.691378601535405535e-01
2.501659510394435699e+02 9.764553199932851868e+00 1.284487732941661964e+00
2.490820739881550594e+02 1.041711277495149446e+01 1.765020795466356152e+00
2.479458675393278781e+02 1.105347470820760236e+01 2.312199892525476308e+00
2.467562002014593929e+02 1.167324185033988115e+01 2.927518419448042142e+00
2.455119171159412872e+02 1.227600877975021554e+01 3.612500691181224965e+00
2.442118398544460263e+02 1.286136173082968348e+01 4.368702210439695754e+00
2.428547653277524034e+02 1.342887820741823823e+01 5.197711111842104437e+00
2.414394655001200931e+02 1.397812688162408357e+01 6.101148539927080172e+00
2.399646870192388519e+02 1.450866746273497121e+01 7.080669138904057469e+00
2.384291511007843383e+02 1.502005065632187630e+01 8.137961205442289625e+00
2.368315520868049191e+02 1.551181765355753761e+01 9.274748596600476347e+00
2.351705571624195557e+02 1.598350003085844406e+01 1.049279110476873278e+01
2.334448062456758350e+02 1.643461971086761864e+01 1.179388460343658451e+01
2.316529111851659479e+02 1.686468867821024276e+01 1.317986210913490019e+01
2.297934550715843045e+02 1.727320873562113945e+01 1.465259469255699898e+01
2.278649917397980289e+02 1.765967132755259428e+01 1.621399213756220092e+01
2.258660162817913601e+02 1.802353958170318293e+01 1.786605034822608928e+01
2.238133039820812371e+02 1.837550309775583557e+01 1.958127162415097189e+01
2.217307202081528601e+02 1.873052034566216406e+01 2.132081425295945465e+01
2.196179781636392079e+02 1.908867671953649037e+01 2.308484918321565971e+01
2.174747092995947924e+02 1.945001058104687885e+01 2.487367572292681572e+01
2.153005405425016079e+02 1.981456076281686762e+01 2.668759685462176989e+01
2.130950938785114204e+02 2.018236661170103119e+01 2.852691957299587244e+01
2.108579873028457428e+02 2.055346788996348906e+01 3.039195411388228152e+01
2.085888343114529562e+02 2.092790482819046005e+01 3.228301436708829897e+01
2.062872434471374277e+02 2.130571817253297695e+01 3.420041824499596572e+01
2.039528182995593113e+02 2.168694918470690780e+01 3.614448768256212219e+01
2.015851575052348608e+02 2.207163964199290973e+01 3.811554863731833365e+01
1.991838547475360031e+02 2.245983183723647869e+01 4.011393108937096486e+01
1.967484987566907080e+02 2.285156857884792103e+01 4.213996904140112321e+01
1.942786733097829028e+02 2.324689319080234284e+01 4.419400051866468004e+01
1.917739572307523019e+02 2.364584951263970325e+01 4.627636756899227777e+01
1.892339238734803359e+02 2.404848195326957239e+01 4.838741668258954576e+01
1.866581414550740305e+02 2.445483545627998012e+01 5.052749852136514619e+01
1.840461737874351229e+02 2.486495542378986556e+01 5.269696732480981893e+01
1.813975790462953057e+02 2.527888784457796945e+01 5.489618190969105882e+01
1.787119097528443490e+02 2.569667929599526701e+01 5.712550568497428571e+01
1.759887127737299863e+02 2.611837694396490406e+01 5.938530665182285873e+01
1.732275293210578866e+02 2.654402854298226089e+01 6.167595740359806200e+01
1.704278949523917390e+02 2.697368243611488836e+01 6.399783512585910472e+01
1.675893395707532250e+02 2.740738755500256119e+01 6.635132159636316374e+01
1.647113874246218188e+02 2.784519341985724949e+01 6.873680318506531250e+01
1.617935571079352144e+02 2.828715013946311174e+01 7.115467085411859216e+01
1.588587771003685134e+02 2.871316771177578531e+01 7.360077464999206143e+01
1.561108352203426648e+02 2.894919224910317368e+01 7.603454697629125292e+01
1.535772051948810031e+02 2.897575781805171502e+01 7.844724973133324397e+01
1.512208568156850959e+02 2.882856762817527851e+01 8.084292274391115996e+01
1.490117656395242705e+02 2.853664713304577560e+01 8.322477864330743103e+01
1.469249507513217736e+02 2.812414593310885991e+01 8.559549051012811560e+01
1.449396231042025533e+02 2.761116112165566250e+01 8.795728298557723690e+01
1.430384880751207106e+02 2.701441154221478413e+01 9.031200688298507373e+01
1.412071599870859018e+02 2.634780380174486325e+01 9.266120182132316074e+01
1.394336633767894114e+02 2.562291442233316729e+01 9.500614957882690703e+01
1.377080362591825917e+02 2.484937338689772091e+01 9.734791653514426457e+01
1.360219947216591549e+02 2.403518839422023134e+01 9.968738955253249401e+01
1.343686372244700635e+02 2.318703072781590890e+01 1.020253076093490563e+02
1.327422305772994662e+02 2.231044216400955094e+01 1.043622846959476789e+02
1.311379986337420007e+02 2.141003925247236950e+01 1.066988324198189559e+02
1.295519693306929696e+02 2.048966119155884513e+01 1.090353763690824138e+02
1.279808392592871087e+02 1.955250075494339512e+01 1.113722706004789842e+02
1.264218559994613429e+02 1.860121804519291544e+01 1.137098102270394833e+02
1.248727344840592508e+02 1.763802134913742847e+01 1.160482403653244035e+02
1.233315687943652961e+02 1.666475240991895745e+01 1.183877655714017152e+02
1.217967751218762658e+02 1.568294156894874725e+01 1.207285559427108979e+02
1.202823401104158734e+02 1.471594441996992231e+01 1.230379981037797137e+02
1.188568008479977749e+02 1.385777043758236182e+01 1.251735270323945031e+02
1.175268615199388620e+02 1.310494617106685133e+01 1.271318907017115123e+02
1.162889735157761777e+02 1.244239519199772026e+01 1.289290880506449355e+02
1.151391460965840423e+02 1.185751135409713797e+01 1.305794412739296320e+02
1.140730800393399846e+02 1.133967213561778387e+01 1.320958831769174822e+02
1.130863076495487860e+02 1.087990245510391318e+01 1.334901116804585968e+02
1.121742991297486896e+02 1.047060126022867799e+01 1.347727223987829746e+02
1.113325456522897099e+02 1.010531119599855998e+01 1.359533263603039472e+02
1.105566218610041886e+02 9.778526571357019748e+00 1.370406543916716089e+02
1.098422286299629889e+02 9.485542904705852152e+00 1.380426446321021672e+02
1.091852261284479795e+02 9.222325692667981301e+00 1.389665227706906023e+02
1.085816559669569585e+02 8.985400547701557272e+00 1.398188743266398717e+02
1.080277529995511117e+02 8.771771438061769288e+00 1.406057027586733170e+02
1.075199546624446896e+02 8.578839555851551779e+00 1.413324893182031303e+02
1.070549018619268224e+02 8.404348118415393643e+00 1.420042388151515524e+02
1.066294389991971059e+02 8.246327749719348787e+00 1.426255256908407034e+02
1.062406093432701653e+02 8.103055128411247310e+00 1.432005331877273875e+02
1.058856498502626948e+02 7.973017756441371340e+00 1.437330878645879011e+02
1.055619832699819511e+02 7.854882771317910795e+00 1.442266932026438724e+02
1.052672106895636546e+02 7.747473180669267379e+00 1.446845565442193617e+02
1.049991020274541000e+02 7.649745918883568585e+00 1.451096163853038092e+02
1.047555874349192351e+02 7.560773448626918025e+00 1.455045658388159779e+02
1.045347481692105021e+02 7.479730834567579478e+00 1.458718719671729218e+02
1.043348064141452625e+02 7.405878654665700722e+00 1.462137995992316348e+02
1.041541185385199242e+02 7.338557826729299904e+00 1.465324219184028323e+02
1.039911632423781640e+02 7.277173871329735810e+00 1.468296446841319778e+02
1.038445364096199341e+02 7.221194066150229851e+00 1.471072133841423408e+02
1.037129411184140224e+02 7.170137987250078559e+00 1.473667304367959900e+02
1.035951794995152966e+02 7.123570448224397111e+00 1.476096686642692930e+02
1.034901489021144982e+02 7.081100324701115944e+00 1.478373758232397961e+02
1.033968306962219401e+02 7.042371520658772255e+00 1.480510925634387434e+02
1.033142861798183390e+02 7.007061049163647581e+00 1.482519578248007974e+02
1.032416525619182437e+02 6.974877255798140219e+00 1.484410140441250405e+02
1.031781327301842879e+02 6.945553197988200367e+00 1.486192221863181828e+02
1.031229930225168374e+02 6.918846087853290250e+00 1.487874642712491777e+02
1.030755602890646827e+02 6.894536165273759565e+00 1.489465470363628867e+02
1.030352125681065161e+02 6.872421644689302056e+00 1.490972148067841374e+02
1.030013771218845449e+02 6.852318104860001924e+00 1.492401518230995521e+02
1.029735297114092702e+02 6.834058608182600025e+00 1.493759828099646256e+02
1.029511864806943606e+02 6.817489815582811197e+00 1.495052837451631262e+02
1.029339009289525535e+02 6.802470769699906938e+00 1.496285856809742825e+02
1.029212641611139389e+02 6.788873389420697180e+00 1.497463740955981564e+02
1.029129011255563171e+02 6.776580854559492550e+00 1.498590937286903682e+02
1.029084647773952952e+02 6.765485282374856801e+00 1.499671559291010965e+02
1.029076355831191307e+02 6.755487640487912060e+00 1.500709391855489798e+02
1.029101221045271899e+02 6.746498172439729046e+00 1.501707882285447226e+02
1.029156561284573712e+02 6.738434476581651289e+00 1.502670201465931257e+02
1.029239893648240383e+02 6.731220349547475834e+00 1.503599284097035991e+02
1.029348933138759321e+02 6.724785797661359865e+00 1.504497829822716710e+02
1.029481600789683569e+02 6.719067433860927530e+00 1.505368292379702666e+02
1.029635984419075925e+02 6.714007039795622411e+00 1.506212927954194924e+02
1.029810311222057209e+02 6.709550664486303440e+00 1.507033828083694118e+02
1.030002946852351045e+02 6.705648607840708486e+00 1.507832920643788555e+02
1.030212402433847103e+02 6.702255733575013252e+00 1.508611960736092499e+02
1.030437320075905774e+02 6.699330944507992491e+00 1.509372548484786307e+02
