2.540000000000000000e+02 7.000000000000000000e+00 0.000000000000000000e+00
2.529517394835845892e+02 7.780298669871082318e+00 3.549275747510628465e-01
2.518510207670427690e+02 8.543208563558925661e+00 7.796490719686716142e-01
2.506968100415780896e+02 9.288321919425085227e+00 1.275611141419888739e+00
2.494880545504879592e+02 1.001522335632531835e+01 1.844287107115151869e+00
2.482236823349186636e+02 1.072348977110951651e+01 2.487177325512117676e+00
2.469026020451722161e+02 1.141269026254741625e+01 3.205809451364616258e+00
2.455237022185141313e+02 1.208238584017589545e+01 4.001739455209198049e+00
2.440858510838998541e+02 1.273212934557298581e+01 4.876551898484630776e+00
2.425878963872875147e+02 1.336146538192572919e+01 5.831860179653885368e+00
2.410286650401395434e+02 1.396993017231941181e+01 6.869307029428631139e+00
2.394069622268876287e+02 1.455705119990384766e+01 7.990565768257391177e+00
2.377215713394732859e+02 1.512234718150275015e+01 9.197340398550469587e+00
2.359712535725130920e+02 1.566532790439056200e+01 1.049136617506137625e+01
2.341547481192690725e+02 1.618549430529715494e+01 1.187440932878745059e+01
2.322707708985839190e+02 1.668233795714989398e+01 1.334826886059492779e+01
2.303180140962225835e+02 1.715534088415610725e+01 1.491477718742578062e+01
2.282951461643615971e+02 1.760397556159706056e+01 1.657580014301758808e+01
2.262046070963731097e+02 1.803047480213839648e+01 1.832653336320261417e+01
2.240756506195538122e+02 1.845661184564504964e+01 2.011484286421494971e+01
2.219143044651065964e+02 1.888715151212007015e+01 2.192968178728822082e+01
2.197201472092795029e+02 1.932215108431602246e+01 2.377139530808952017e+01
2.174927518698798394e+02 1.976166860052617480e+01 2.564033315503953503e+01
2.152316858925378540e+02 2.020576285645158165e+01 2.753684962056345142e+01
2.129365108278309151e+02 2.065449344908871510e+01 2.946130382554994043e+01
2.106067827524145173e+02 2.110792071948597837e+01 3.141405937441217233e+01
2.082420525647721945e+02 2.156610571254406494e+01 3.339548411285188934e+01
2.058418650265246583e+02 2.202911030732728292e+01 3.540595091309213416e+01
2.034057587499716817e+02 2.249699721875701286e+01 3.744583768408200797e+01
2.009332661980920136e+02 2.296982999761176458e+01 3.951552737149668815e+01
1.984239136845430949e+02 2.344767303052714169e+01 4.161540795773742474e+01
1.958772213736615981e+02 2.393059153999585575e+01 4.374587246193156176e+01
1.932927032804629448e+02 2.441865158436772276e+01 4.590731893993250878e+01
1.906698672705907711e+02 2.491192005785672592e+01 4.810015048436139296e+01
1.880082148779714544e+02 2.541046471532601103e+01 5.032477537396055567e+01
1.853072409870159163e+02 2.591435421548599649e+01 5.258160733389298258e+01
1.825664339124419087e+02 2.642365811004416543e+01 5.487106547036176352e+01
1.797852753192422597e+02 2.693844685458276444e+01 5.719357433616183073e+01
1.769632401188420943e+02 2.745879182267517038e+01 5.954956401573640790e+01
1.740997963983431589e+02 2.798476531550209856e+01 6.193947018312645980e+01
1.711944053145715827e+02 2.851644057625408735e+01 6.436373418875650998e+01
1.682465210212002376e+02 2.905389180003774641e+01 6.682280311912701620e+01
1.652555905626230128e+02 2.959719414830033912e+01 6.931712988373637074e+01
1.622693850469211156e+02 3.010696918874641526e+01 7.183880082455291927e+01
1.595205400737853267e+02 3.039488355537520903e+01 7.434602078027900518e+01
1.570015532155001097e+02 3.047107942442690032e+01 7.683627586164200807e+01
1.546733548996724323e+02 3.037096144333618142e+01 7.931300176512887390e+01
1.525034527766662791e+02 3.012397351621294206e+01 8.177905627230552454e+01
1.504648236581997764e+02 2.975460300683851145e+01 8.423681661126076392e+01
1.485349990156861111e+02 2.928320952423390011e+01 8.668825981063830000e+01
1.466952928179357514e+02 2.872672471031680885e+01 8.913503054681360993e+01
1.449301583024164870e+02 2.809923517891803968e+01 9.157849766213237785e+01
1.432266734901049006e+02 2.741244877832143700e+01 9.401979937090546002e+01
1.415740913828090299e+02 2.667610223401167602e+01 9.645988278198393573e+01
1.399634669214168810e+02 2.589829922528177164e+01 9.889953667662184955e+01
1.383873716673399770e+02 2.508576896092954911e+01 1.013394165784118712e+02
1.368396181869378552e+02 2.424411596142791581e+01 1.037800689706549520e+02
1.353150662092363348e+02 2.337799573240132744e+01 1.062219483285986001e+02
1.338094393647758977e+02 2.249128084873776601e+01 1.086654332219493853e+02
1.323191787409443521e+02 2.158719367302136760e+01 1.111108391824502206e+02
1.308413288919750812e+02 2.066840966126640922e+01 1.135584287197819009e+02
1.293734260678699002e+02 1.973715865771030664e+01 1.160084211424949245e+02
1.279134268019831495e+02 1.879528961375197227e+01 1.184609988327671033e+02
1.264596270853209603e+02 1.784434383787152711e+01 1.209163143482763445e+02
1.250106106867899030e+02 1.688560183144685567e+01 1.233744949631185222e+02
1.235847089548489635e+02 1.594466157143541452e+01 1.257958110601848460e+02
1.222579232941911158e+02 1.511260478901377269e+01 1.280291301828425219e+02
1.210345076540367444e+02 1.438385087664484097e+01 1.300756323253632445e+02
1.199094727742425448e+02 1.374396056100301955e+01 1.319528745858040395e+02
1.188775501231986453e+02 1.318073528609894929e+01 1.336766440586439728e+02
1.179333440499527796e+02 1.268384514977202393e+01 1.352611558958491287e+02
1.170714491504798360e+02 1.224451777154460785e+01 1.367192278736223727e+02
1.162865365529800101e+02 1.185528384075773900e+01 1.380624319461308573e+02
1.155734158270299616e+02 1.150977144802227770e+01 1.393012238411031376e+02
1.149270831842524814e+02 1.120252471826656659e+01 1.404450631352340224e+02
1.143427516176389958e+02 1.092886004022795277e+01 1.415025157500300850e+02
1.138158702652290231e+02 1.068474927692533072e+01 1.424813418510770191e+02
1.133421376449684317e+02 1.046671073682581721e+01 1.433885822935631893e+02
1.129175042088485981e+02 1.027173419240766883e+01 1.442306240052910198e+02
1.125381736479782120e+02 1.009720304081075959e+01 1.450132690816755883e+02
1.122005973460355222e+02 9.940840336911056951e+00 1.457417885353779070e+02
1.119014682751236762e+02 9.800657150158469832e+00 1.464209744531303272e+02
1.116377111261278543e+02 9.674911672782270600e+00 1.470551858573932407e+02
1.114064727576120504e+02 9.562074604092538621e+00 1.476483886130060910e+02
1.112051101522894925e+02 9.460799495687631122e+00 1.482041931131381034e+02
1.110311793556292770e+02 9.369897142850375005e+00 1.487258874222615077e+02
1.108824235293623559e+02 9.288316792187780280e+00 1.492164650670052595e+02
1.107567602855248481e+02 9.215123765030549308e+00 1.496786567149189295e+02
1.106522723553882344e+02 9.149490674282304781e+00 1.501149465587822078e+02
1.105671928752674518e+02 9.090676594243632280e+00 1.505276044549788423e+02
1.104998987877950896e+02 9.038023299131845434e+00 1.509186952983364733e+02
1.104488970261276251e+02 8.990940466375343831e+00 1.512901048991717801e+02
1.104128159306821573e+02 8.948898540898373000e+00 1.516435542026586916e+02
1.103903984902867990e+02 8.911424777024571142e+00 1.519806089862613021e+02
1.103804886032360315e+02 8.878091381941533911e+00 1.523027030126112322e+02
1.103820277086461772e+02 8.848514743324587428e+00 1.526111417790117173e+02
1.103940462405656149e+02 8.822349893253466746e+00 1.529071152587079894e+02
1.104156530119649773e+02 8.799283305688044621e+00 1.531917140223431772e+02
1.104460338498517160e+02 8.779033360144010700e+00 1.534659300559831081e+02
1.104844437202653609e+02 8.761345797766331600e+00 1.537306679987601399e+02
1.105301977491357803e+02 8.745988647814174399e+00 1.539867578590633741e+02
1.105826706168921163e+02 8.732752725209506295e+00 1.542349551138394759e+02
1.106412918560911010e+02 8.721449369888969017e+00 1.544759470102099499e+02
1.107055366239889764e+02 8.711905856150318428e+00 1.547103650706671090e+02
1.107749245903695083e+02 8.703965231074064945e+00 1.549387862466394097e+02
1.108490196587131607e+02 8.697486540454473669e+00 1.551617329671434504e+02
1.109274212015353953e+02 8.692340821814887875e+00 1.553796846977239738e+02
1.110097611109834617e+02 8.688409943763819143e+00 1.555930816606502276e+02
1.110957041994843451e+02 8.685587100691893880e+00 1.558023240252736059e+02
1.111849461128845604e+02 8.683775946466928630e+00 1.560077745809695102e+02
1.112772063020324111e+02 8.682887817321841339e+00 1.562097676125616772e+02
1.113722271988990258e+02 8.682841465195748398e+00 1.564086098875512221e+02
1.114697749086110292e+02 8.683563527191616060e+00 1.566045796052476931e+02
1.115696373814642897e+02 8.684987782385931609e+00 1.567979287240099211e+02
1.116716188440713182e+02 8.687053136990217084e+00 1.569888898260064138e+02
1.117755393150190173e+02 8.689703470384573691e+00 1.571776766950642354e+02
1.118812349032657067e+02 8.692887848041973342e+00 1.573644838540643889e+02
1.119885582060266245e+02 8.696560651989848623e+00 1.575494860866529621e+02
1.120973732932334173e+02 8.700679831250569762e+00 1.577328445611653081e+02
1.122075547100600090e+02 8.705206584188866614e+00 1.579147080211814398e+02
1.123189874334442493e+02 8.710105358991274471e+00 1.580952128244853157e+02
1.124315679192913677e+02 8.715344269701656543e+00 1.582744816186312846e+02
1.125452025370223907e+02 8.720894524433392192e+00 1.584526252755570113e+02
1.126598044675767198e+02 8.726729423491800475e+00 1.586297466066992001e+02
