2.540000000000000000e+02 7.000000000000000000e+00 0.000000000000000000e+00
2.527335815375812444e+02 7.767094735833604879e+00 5.958905672337373449e-01
2.514073201633997030e+02 8.513035866959231868e+00 1.270958217931616785e+00
2.500201332366571307e+02 9.237359984929740975e+00 2.026720611413506568e+00
2.485709204849069636e+02 9.939595900532580686e+00 2.864720370172019415e+00
2.470585637619769273e+02 1.061926453631565614e+01 3.786525423292355086e+00
2.454819270677086251e+02 1.127587893533896946e+01 4.793728978461617274e+00
2.438398558644778120e+02 1.190894395773275427e+01 5.887950491578403778e+00
2.421311767954364313e+02 1.251795615560768837e+01 7.070836066463583869e+00
2.403546975149441494e+02 1.310240369776074587e+01 8.344058695428829608e+00
2.385092066513147699e+02 1.366176635311197529e+01 9.709318312150244878e+00
2.365934733666416889e+02 1.419551529527093159e+01 1.116834241612877143e+01
2.346062465576276850e+02 1.470311274770667609e+01 1.272288720644871951e+01
2.325462548411178716e+02 1.518401197732416819e+01 1.437473760230209940e+01
2.304122065098350447e+02 1.563765727479755263e+01 1.612570730579901124e+01
2.282025129241475554e+02 1.606326606084854092e+01 1.797813163003283776e+01
2.259360258402421664e+02 1.647617847364275079e+01 1.989790528509965384e+01
2.236330449945510566e+02 1.689284894630248246e+01 2.184837094477996189e+01
2.212935625591528321e+02 1.731370913751251805e+01 2.382908017837507586e+01
2.189170881829638518e+02 1.773881533065798877e+01 2.584043926871716579e+01
2.165031250818349235e+02 1.816822454752294291e+01 2.788285982878681679e+01
2.140511695075374803e+02 1.860199460924104287e+01 2.995675924168724436e+01
2.115607107477636077e+02 1.904018413629560413e+01 3.206256066064428012e+01
2.090312311261260731e+02 1.948285254851958115e+01 3.420069300900639320e+01
2.064622060021583536e+02 1.993006006509554240e+01 3.637159098024466175e+01
2.038531037713144656e+02 2.038186770455571306e+01 3.857569503795279786e+01
2.012033858421502543e+02 2.083833728740116342e+01 4.081345143475451209e+01
1.985125057707019494e+02 2.129953153545931244e+01 4.308531292951585812e+01
1.957799107204247093e+02 2.176551390430966748e+01 4.539173757770954154e+01
1.930050406597006258e+02 2.223634867539523441e+01 4.773318939632126501e+01
1.901873276412516418e+02 2.271210103873282904e+01 5.011013896089640696e+01
1.873261958021394378e+02 2.319283709291305229e+01 5.252306340554007136e+01
1.844210613637656024e+02 2.367862384510034346e+01 5.497244642291699535e+01
1.814713326318713769e+02 2.416952921103294116e+01 5.745877826425162738e+01
1.784764099965378819e+02 2.466562201502288687e+01 5.998255573932809170e+01
1.754356859321859758e+02 2.516697198995603557e+01 6.254428221649018127e+01
1.723485449972566528e+02 2.567364977732869846e+01 6.514446762290619120e+01
1.692143635482853483e+02 2.618572696006687650e+01 6.778362868147441134e+01
1.660325093259131108e+02 2.670327611004434587e+01 7.046228925383523745e+01
1.628023415884507870e+02 2.722637077275253503e+01 7.318098022970485772e+01
1.595232109934227083e+02 2.775508548089601391e+01 7.594023962502622282e+01
1.561992789276222595e+02 2.828529050171796655e+01 7.873983090136425744e+01
1.530386320147258630e+02 2.863637801392431470e+01 8.154515494775516515e+01
1.501322521944708797e+02 2.873390685586149473e+01 8.433710392318748461e+01
1.474352103911625136e+02 2.862199731901747413e+01 8.711864232472790093e+01
1.449108083110249936e+02 2.833672042742776398e+01 8.989216224328335159e+01
1.425285904614221977e+02 2.790799679403793476e+01 9.265966143594452831e+01
1.402634031354389208e+02 2.736053792146223529e+01 9.542279026935646868e+01
1.380944723439893949e+02 2.671475215180660356e+01 9.818291213689481367e+01
1.360046377498246670e+02 2.598749734155623159e+01 1.009411536540484349e+02
1.339797214946704287e+02 2.519270100131886991e+01 1.036984460151185345e+02
1.320080192221964523e+02 2.434186037574900752e+01 1.064555583432083239e+02
1.300798619272233054e+02 2.344447293532148535e+01 1.092131263994318289e+02
1.281872578847020918e+02 2.250838818813650732e+01 1.119716760450021269e+02
1.263236142731597909e+02 2.154008119035730218e+01 1.147316414814621766e+02
1.244834790255666235e+02 2.054490618280241065e+01 1.174933821655342143e+02
1.226623508237915274e+02 1.952728327512708972e+01 1.202571952589644582e+02
1.208565137933432254e+02 1.849086086148705732e+01 1.230233264599140028e+02
1.190628929535593699e+02 1.743865764356645798e+01 1.257919794743789907e+02
1.172789556148563435e+02 1.637315950971698797e+01 1.285633224769967740e+02
1.155470295851472144e+02 1.534562921112437905e+01 1.312518621060280566e+02
1.139385826417336034e+02 1.443127739343172244e+01 1.337233552264175955e+02
1.124489420404880491e+02 1.361701557635073812e+01 1.359938607049381858e+02
1.110715569200265946e+02 1.289007044948040281e+01 1.380809234566165458e+02
1.097998269794625230e+02 1.223955308792112540e+01 1.400004559555360686e+02
1.086272201026258983e+02 1.165614994820009898e+01 1.417669028745158073e+02
1.075473528588938592e+02 1.113186810846324093e+01 1.433933923247049620e+02
1.065540471454551863e+02 1.065982999822742450e+01 1.448918654505546897e+02
1.056413730546012175e+02 1.023409383827435448e+01 1.462731960790673895e+02
1.048036755496155621e+02 9.849507370523651772e+00 1.475472959435468852e+02
1.040355891783744511e+02 9.501593402807174016e+00 1.487232028167274507e+02
1.033320477287747963e+02 9.186441362204936567e+00 1.498091680498632172e+02
1.026882839474570659e+02 8.900629195774067526e+00 1.508127264227398996e+02
1.020998270974762505e+02 8.641150706780068802e+00 1.517407631841840328e+02
1.015624952298728374e+02 8.405355309185569723e+00 1.525995750020682351e+02
1.010723861438923308e+02 8.190902520426334377e+00 1.533949190156392888e+02
1.006258652442138839e+02 7.995714404962202870e+00 1.541320666334569012e+02
1.002195540427553198e+02 7.817946868861658238e+00 1.548158399288053033e+02
9.985031543031618639e+01 7.655952849987422759e+00 1.554506582954565204e+02
9.951524201040940909e+01 7.508263523471529588e+00 1.560405661706839737e+02
9.921164024939257331e+01 7.373560507433665201e+00 1.565892727135975804e+02
9.893701944631777678e+01 7.250662316018072318e+00 1.571001742541925523e+02
9.868907650433776269e+01 7.138504921167364792e+00 1.575763859419701873e+02
9.846568457558163345e+01 7.036129362324340164e+00 1.580207634701920654e+02
9.826488119414965183e+01 6.942671020753129696e+00 1.584359237986440689e+02
9.808485449323021044e+01 6.857345689717304182e+00 1.588242705340007603e+02
9.792393639781479919e+01 6.779445945769541737e+00 1.591880035683073800e+02
9.778058736202420675e+01 6.708327816540625932e+00 1.595291453193057691e+02
9.765339049163695506e+01 6.643407621274262986e+00 1.598495490759140694e+02
9.754104162444295412e+01 6.584155376965708406e+00 1.601509142072173688e+02
9.744233800777575993e+01 6.530086897988309325e+00 1.604348038555366713e+02
9.735617547156788021e+01 6.480763221126886187e+00 1.607026481087463310e+02
9.728153686436567682e+01 6.435783351445754086e+00 1.609557613448081383e+02
9.721748527074204560e+01 6.394780514773440672e+00 1.611953519528734660e+02
9.716316195661291033e+01 6.357421755792304729e+00 1.614225246247446250e+02
9.711777546018367957e+01 6.323401841216557351e+00 1.616382960520017775e+02
9.708059709208005472e+01 6.292441133893685645e+00 1.618436010543287011e+02
9.705095987204097696e+01 6.264285532710650806e+00 1.620392936335788079e+02
9.702824927775012043e+01 6.238701801993501661e+00 1.622261598401617562e+02
9.701189907764303655e+01 6.215475690733696545e+00 1.624049233699308274e+02
9.700139131129623138e+01 6.194412254710321974e+00 1.625762452956310256e+02
9.699624995633006108e+01 6.175332910931177643e+00 1.627407326505168896e+02
9.699603559525324670e+01 6.158073088826970576e+00 1.628989455393707431e+02
9.700034532984426505e+01 6.142482372180555927e+00 1.630513970926123193e+02
9.700881106331345904e+01 6.128423804338570591e+00 1.631985557017518147e+02
9.702109264746898987e+01 6.115770966670635467e+00 1.633408540706611234e+02
9.703687678646849690e+01 6.104407565063080909e+00 1.634786906155248118e+02
9.705587756124420196e+01 6.094227766289860959e+00 1.636124286716726033e+02
9.707783281711004975e+01 6.085134686134973769e+00 1.637424012397502509e+02
9.710250002292369231e+01 6.077038739463878514e+00 1.638689163521272008e+02
9.712965604631651217e+01 6.069857577874413934e+00 1.639922573399488499e+02
9.715909782750615875e+01 6.063516418994358226e+00 1.641126819057066086e+02
9.719063892584213704e+01 6.057946656112418893e+00 1.642304266115894222e+02
9.722410669212003143e+01 6.053084773521431927e+00 1.643457105066249824e+02
9.725934216523204157e+01 6.048872316710134811e+00 1.644587352504858586e+02
9.729620075663068235e+01 6.045256194132798910e+00 1.645696842005671385e+02
9.733455027205945953e+01 6.042187897095420368e+00 1.646787249685210099e+02
9.737426807935652562e+01 6.039622429792824043e+00 1.647860130385519994e+02
9.741524098872942261e+01 6.037518266155808888e+00 1.648916919185224401e+02
9.745736545498485270e+01 6.035837445565468862e+00 1.649958928643809202e+02
9.750054786016650610e+01 6.034545676182058394e+00 1.650987345221502665e+02
9.754470150109459325e+01 6.033611200181399958e+00 1.652003267735782970e+02
9.758974599320335130e+01 6.033004574782105500e+00 1.653007714922024149e+02
9.763560724385777689e+01 6.032698663684682217e+00 1.654001625760847958e+02
