2.540000000000000000e+02 7.000000000000000000e+00 0.000000000000000000e+00
2.527881887594441821e+02 7.808988334342479298e+00 5.355140238008730957e-01
2.515169636588601065e+02 8.597371010422127924e+00 1.150376737822028872e+00
2.501852789880005901e+02 9.364701164197343886e+00 1.846072435811281442e+00
2.487920727685456654e+02 1.011052471447642809e+01 2.624108779030710714e+00
2.473362665373639686e+02 1.083438026593289472e+01 3.486017108447368784e+00
2.458167653674282747e+02 1.153579911844778216e+01 4.433352414623029425e+00
2.442324572900992337e+02 1.221430500859503354e+01 5.467694169858475561e+00
2.425822130137427450e+02 1.286941398373171097e+01 6.590646733494860854e+00
2.408648857959740610e+02 1.350063434481719504e+01 7.803839535947597383e+00
2.390793113694937233e+02 1.410746661318886908e+01 9.108927185570456331e+00
2.372243076728241817e+02 1.468940341006284100e+01 1.050758985651488864e+01
2.352986740594707555e+02 1.524592910261256407e+01 1.200153442789647151e+01
2.333011912717477401e+02 1.577651979225496603e+01 1.359249452149757076e+01
2.312306214206648463e+02 1.628064330563707784e+01 1.528223053075321936e+01
2.290857076139155595e+02 1.675775902806418927e+01 1.707253015670577057e+01
2.268693994717197313e+02 1.721079753756821518e+01 1.895746660893971480e+01
2.246103497977318284e+02 1.766385476086250250e+01 2.088402166486529765e+01
2.223139530996817825e+02 1.812187025025249554e+01 2.284179364904233722e+01
2.199796836045754560e+02 1.858491380841927310e+01 2.483122203471517508e+01
2.176070081649641281e+02 1.905305621709140595e+01 2.685275245914878539e+01
2.151953858200243701e+02 1.952636929531675847e+01 2.890683709050465211e+01
2.127442677955586703e+02 2.000492589946252053e+01 3.099393462784070863e+01
2.102530975039949226e+02 2.048879992321518628e+01 3.311451030111136618e+01
2.077213105443866823e+02 2.097806629758057539e+01 3.526903587116754579e+01
2.051483347024130808e+02 2.147280099088381533e+01 3.745798962975659663e+01
2.025335896178598034e+02 2.197308105291540770e+01 3.968185667746283940e+01
1.998764865172776695e+02 2.247898465042342409e+01 4.194112914716542662e+01
1.971764294885794015e+02 2.299059089789629695e+01 4.423630513865567337e+01
1.944328138548400773e+02 2.350798007345980878e+01 4.656789007791204682e+01
1.916450260567298756e+02 2.403123363448570871e+01 4.893639681537062103e+01
1.888124436525141050e+02 2.456043421759170542e+01 5.134234562592509832e+01
1.859344353180531471e+02 2.509566563864145294e+01 5.378626420892674531e+01
1.830103608468024561e+02 2.563701289274457196e+01 5.626868768818444266e+01
1.800395711498125593e+02 2.618456215425663913e+01 5.879015861196475612e+01
1.770214082557290851e+02 2.673840077677918359e+01 6.135122695299174467e+01
1.739552050556873724e+02 2.729861732702788757e+01 6.395245032167940025e+01
1.708402847839586514e+02 2.786530165378341195e+01 6.659439440024107171e+01
1.676759611518120607e+02 2.843854487011925514e+01 6.927763283079617906e+01
1.644615382130822638e+02 2.901843937124923301e+01 7.200274732774067843e+01
1.611963046028991187e+02 2.960508360337688316e+01 7.477032860107085810e+01
1.580093131073600432e+02 3.008960247172402092e+01 7.756168940019743729e+01
1.550975749609850141e+02 3.030960317468733223e+01 8.034459300465495346e+01
1.524161855453007490e+02 3.030783514138629542e+01 8.312081171013707603e+01
1.499242422452615529e+02 3.012282570070795629e+01 8.589236053738416388e+01
1.475880086747820599e+02 2.978635113391318612e+01 8.866090241793580162e+01
1.453796623571453779e+02 2.932461643893941527e+01 9.142780972384998961e+01
1.432762568540753705e+02 2.875923307049820465e+01 9.419421526100113340e+01
1.412588624697611692e+02 2.810802845125731864e+01 9.696105448852864583e+01
1.393118655891665583e+02 2.738570603949174043e+01 9.972909994417001656e+01
1.374223942129336820e+02 2.660438651155416423e+01 1.024989894692308781e+02
1.355798262029350099e+02 2.577407102568063735e+01 1.052712503697620861e+02
1.337753991009114714e+02 2.490300879751946894e+01 1.080463185871903136e+02
1.320018926666816128e+02 2.399799616922375378e+01 1.108245542960478218e+02
1.302533415476999039e+02 2.306464729290414795e+01 1.136062560212685781e+02
1.285248333983582540e+02 2.210758431501628252e+01 1.163916705571188146e+02
1.268123116972901840e+02 2.113062313493266231e+01 1.191810026553012563e+02
1.251124305074261969e+02 2.013691023015510240e+01 1.219744221609785626e+02
1.234224322496865085e+02 1.912903780122376318e+01 1.247720700180750271e+02
1.217400384898432719e+02 1.810914665739745644e+01 1.275740636352102655e+02
1.200637758764586351e+02 1.707941436197074836e+01 1.303797536683634348e+02
1.184669012617082871e+02 1.611496701055125413e+01 1.330537256022115002e+02
1.169987786459982289e+02 1.525911907037608728e+01 1.355114088457519586e+02
1.156519265365704570e+02 1.449794937970296971e+01 1.377723398350064770e+02
1.144188428820312140e+02 1.381955886967284997e+01 1.398542252164687625e+02
1.132921504312911765e+02 1.321376125872295049e+01 1.417730922683614665e+02
1.122646798024079118e+02 1.267180867975254799e+01 1.435434641075273987e+02
1.113295265748822658e+02 1.218617080098895578e+01 1.451785096398899100e+02
1.104800941145238227e+02 1.175033915901867232e+01 1.466901834500204984e+02
1.097101176779898708e+02 1.135867129920658947e+01 1.480893463407131492e+02
1.090136774625320299e+02 1.100626488004517789e+01 1.493858685434204858e+02
1.083852051395629701e+02 1.068883933356456950e+01 1.505887319526733563e+02
1.078194803155327719e+02 1.040265356798341756e+01 1.517061085808225585e+02
1.073116251671816457e+02 1.014442218013346064e+01 1.527454420368916317e+02
1.068570929765451183e+02 9.911254558600033349e+00 1.537135136324220923e+02
1.064516561664945300e+02 9.700599905231777953e+00 1.546165035316089416e+02
1.060913906227824981e+02 9.510199719724525380e+00 1.554600484592315581e+02
1.057726613102848034e+02 9.338051645207269047e+00 1.562492878447121143e+02
1.054921045839986391e+02 9.182373315175478723e+00 1.569889129735948359e+02
1.052466134067841921e+02 9.041576822996121976e+00 1.576832037823473911e+02
1.050333198250440887e+02 8.914243179551718299e+00 1.583360681600153441e+02
1.048495797203496096e+02 8.799101338039619691e+00 1.589510750030332815e+02
1.046929581991706186e+02 8.695013093216219957e+00 1.595314813189921210e+02
1.045612123761419525e+02 8.600952754966435521e+00 1.600802664800987998e+02
1.044522817638889478e+02 8.516000793047862061e+00 1.606001467807190011e+02
1.043642694383102167e+02 8.439324993041436684e+00 1.610936098084921468e+02
1.042954346868638140e+02 8.370176338372395719e+00 1.615629249008403292e+02
1.042441784600897279e+02 8.307877608440726647e+00 1.620101668111044262e+02
1.042090311970736849e+02 8.251814268812028175e+00 1.624372351184465515e+02
1.041886477052852626e+02 8.201432528545982592e+00 1.628458606644701945e+02
1.041817911754413331e+02 8.156228057077841598e+00 1.632376304185394815e+02
1.041873276871890681e+02 8.115743303099453243e+00 1.636139949300397234e+02
1.042042202793312100e+02 8.079564569967107701e+00 1.639762763995985608e+02
1.042315151630205037e+02 8.047313667638768209e+00 1.643256888602189179e+02
1.042683392665318820e+02 8.018647222562735877e+00 1.646633410430611946e+02
1.043138950086324002e+02 7.993254173098316429e+00 1.649902434246541247e+02
1.043674485595421402e+02 7.970849474904292187e+00 1.653073246668298850e+02
1.044283281275614996e+02 7.951173643294116467e+00 1.656154335947086054e+02
1.044959214840691004e+02 7.933991795602702624e+00 1.659153423250391199e+02
1.045696652530100010e+02 7.919088396158525889e+00 1.662077608195521350e+02
1.046490426852248987e+02 7.906266369730818866e+00 1.664933397213624744e+02
1.047335837689552847e+02 7.895347454114289398e+00 1.667726699320655257e+02
1.048228573363703475e+02 7.886168538965002917e+00 1.670462931437821794e+02
1.049164666066164955e+02 7.878579748511761238e+00 1.673147076488816083e+02
1.050140493836817228e+02 7.872444708797042168e+00 1.675783679155697143e+02
1.051152765027860880e+02 7.867639906805185213e+00 1.678376865879469051e+02
1.052198445190976770e+02 7.864051585912280373e+00 1.680930439792771836e+02
1.053274745987709053e+02 7.861575318760219311e+00 1.683447894718995883e+02
1.054379131791303621e+02 7.860116399733449555e+00 1.685932405574981203e+02
1.055509296011795044e+02 7.859588845223623110e+00 1.688386859060675249e+02
1.056663108528409651e+02 7.859913281518177364e+00 1.690813920817698772e+02
1.057838611423198074e+02 7.861016788779757292e+00 1.693216040739155517e+02
1.059034025062328794e+02 7.862833211430241498e+00 1.695595444596633854e+02
1.060247736772517584e+02 7.865302688262922892e+00 1.697954148643185874e+02
1.061478255635155676e+02 7.868369885948547804e+00 1.700294016911282142e+02
1.062724208214092840e+02 7.871983839659717930e+00 1.702616766558610379e+02
1.063984339505661296e+02 7.876098017238243543e+00 1.704923966416707799e+02
1.065257521494132078e+02 7.880670658611982127e+00 1.707217026100408646e+02
1.066542716207597721e+02 7.885663341877110710e+00 1.709497242745120218e+02
1.067838963091901974e+02 7.891040511163556204e+00 1.711765816815967014e+02
1.069145378779255395e+02 7.896769469152985721e+00 1.714023852386805515e+02
1.070461161874967075e+02 7.902820579343858398e+00 1.716272350934015947e+02
1.071785593283226063e+02 7.909167267957052161e+00 1.718512211022513725e+02
1.073118006911013254e+02 7.915784917808537102e+00 1.720744265084765061e+02
