2.540000000000000000e+02 7.000000000000000000e+00 0.000000000000000000e+00
2.528244301717981841e+02 7.797501741755235471e+00 5.192405275673167564e-01
2.515882230634670407e+02 8.571532880416912192e+00 1.118431866198359215e+00
2.502904418803257443e+02 9.321635641935587913e+00 1.798903578458387109e+00
2.489301380468928073e+02 1.004734611155030066e+01 2.562002327772245902e+00
2.475063510865475394e+02 1.074819416941334005e+01 3.409092054741040823e+00
2.460181085997451476e+02 1.142370347887701953e+01 4.341554009121110447e+00
2.444644261435318526e+02 1.207339142199070103e+01 5.360786926403583230e+00
2.428443068381138801e+02 1.269676888899462419e+01 6.468207604301007052e+00
2.411567413496210008e+02 1.329334026909733701e+01 7.665250928003803921e+00
2.394007078674407012e+02 1.386260343828595687e+01 8.953369903452310652e+00
2.375751718881446095e+02 1.440404964351093753e+01 1.033403597415185260e+01
2.356790860260812792e+02 1.491716340140073882e+01 1.180873929864501903e+01
2.337113898928406002e+02 1.540142243364609698e+01 1.337898892725452349e+01
2.316710099453008525e+02 1.585629758559388414e+01 1.504631302483872446e+01
2.295569843019044640e+02 1.628136586583629608e+01 1.681203010434195022e+01
2.273897356535508152e+02 1.669558386040892728e+01 1.863825190817770405e+01
2.251852725528346184e+02 1.711396529951923640e+01 2.049512617571534534e+01
2.229430960897795728e+02 1.753659629887523153e+01 2.238303379474993449e+01
2.206626707080257290e+02 1.796353720523127606e+01 2.430241546077309778e+01
2.183434529574992382e+02 1.839484925480939381e+01 2.625371836480990950e+01
2.159848914936625022e+02 1.883059457338367082e+01 2.823739619403567502e+01
2.135864270775141733e+02 1.927083617628024470e+01 3.025390913177593433e+01
2.111474925755892684e+02 1.971563796837731886e+01 3.230372385750644071e+01
2.086675129193748432e+02 2.016506474867821908e+01 3.438731358024888607e+01
2.061459043190484692e+02 2.061918229890768473e+01 3.650515868556519905e+01
2.035820757446889786e+02 2.107805721660836440e+01 3.865774551670744330e+01
2.009754278349913648e+02 2.154175703810737019e+01 4.084556727260838471e+01
1.983253523052273124e+02 2.201035030522750802e+01 4.306912449505505691e+01
1.956312319472455954e+02 2.248390656528729892e+01 4.532892506868880389e+01
1.928924406294719063e+02 2.296249637110094355e+01 4.762548422100520185e+01
1.901083432969089131e+02 2.344619128097838257e+01 4.995932452235413734e+01
1.872782959711362309e+02 2.393506385872523978e+01 5.233097588593974336e+01
1.844016457503104220e+02 2.442918767364284349e+01 5.474097556782042773e+01
1.814777306726561221e+02 2.492863731591017640e+01 5.718986827923882288e+01
1.785058791320785474e+02 2.543348846243280192e+01 5.967820666749845060e+01
1.754854099538701462e+02 2.594381786831210235e+01 6.220655125366622684e+01
1.724156322980261393e+02 2.645970337774032899e+01 6.477547051213423401e+01
1.692958454982534988e+02 2.698122394214060904e+01 6.738554100309302441e+01
1.661253389417497317e+02 2.750845963371338954e+01 7.003734747145726658e+01
1.629033919079526811e+02 2.804149166360664935e+01 7.273148297955650321e+01
1.596292734454746949e+02 2.858040239578285835e+01 7.546854900840342850e+01
1.563346676064809060e+02 2.909807459484087033e+01 7.824425700820931695e+01
1.532667223103312608e+02 2.938877123114972534e+01 8.101980018398538164e+01
1.504434117179089014e+02 2.944269591582150269e+01 8.378757708017457162e+01
1.478199786818133816e+02 2.930213425270144967e+01 8.654996421977605792e+01
1.453600787979582378e+02 2.900146655528498485e+01 8.930885174574395080e+01
1.430338613472487168e+02 2.856892917660011832e+01 9.206579319882779089e+01
1.408168101226742408e+02 2.802771125209788750e+01 9.482206560504420167e+01
1.386887884485059885e+02 2.739685824768366373e+01 9.757871897854585086e+01
1.366332518699359184e+02 2.669201686760191805e+01 1.003366171330408179e+02
1.346366133932477851e+02 2.592603562775565251e+01 1.030964705855284933e+02
1.326877167491871887e+02 2.510946322367626493e+01 1.058588638604896630e+02
1.307773910845963314e+02 2.425096985573725661e+01 1.086242785731223393e+02
1.288981067041639221e+02 2.335767294655092741e+01 1.113931112744930658e+02
1.270436813431112597e+02 2.243541504888801796e+01 1.141656886773399293e+02
1.252090283620687075e+02 2.148900208922862731e+01 1.169422807087788385e+02
1.233899789325185026e+02 2.052237160568629903e+01 1.197231097275971194e+02
1.215830994323056728e+02 1.953876551788515314e+01 1.225083599898389366e+02
1.197855759621314888e+02 1.854083939081918331e+01 1.252981836350751479e+02
1.179911144243901902e+02 1.752726005057682102e+01 1.280998376694645060e+02
1.162501961039630913e+02 1.654657544460711449e+01 1.308191166877553826e+02
1.146338635562664621e+02 1.566035384427826571e+01 1.333298725812375380e+02
1.131406637302070664e+02 1.486257710089253870e+01 1.356392197156685597e+02
1.117631602402072133e+02 1.414338089697164413e+01 1.377636230401125204e+02
1.104937952499158484e+02 1.349392986096389180e+01 1.397186839547195802e+02
1.093252814638305921e+02 1.290655252127063335e+01 1.415186389657453958e+02
1.082506429369945238e+02 1.237456512170382972e+01 1.431764884525741195e+02
1.072632403553837150e+02 1.189213062987709257e+01 1.447041067373491217e+02
1.063567888231424661e+02 1.145412541054508537e+01 1.461123519961602994e+02
1.055253611403494887e+02 1.105604570839456713e+01 1.474111521097809714e+02
1.047633888845787169e+02 1.069391466127184742e+01 1.486095921006682374e+02
1.040656550263107647e+02 1.036421176682867440e+01 1.497159882682712464e+02
1.034272850556104544e+02 1.006381277027233700e+01 1.507379538271668764e+02
1.028437335401011836e+02 9.789933889692452595e+00 1.516824647681390275e+02
1.023107709832495544e+02 9.540092937556407193e+00 1.525559093584961943e+02
1.018244668308727228e+02 9.312066019128156569e+00 1.533641455175794874e+02
1.013811752580718490e+02 9.103861056277866126e+00 1.541125395376282086e+02
1.009775167686041897e+02 8.913685540700862830e+00 1.548060142815336349e+02
1.006103639122797091e+02 8.739926273259492007e+00 1.554490820565123101e+02
1.002768239972442643e+02 8.581127651025726166e+00 1.560458817305240302e+02
9.997422365337041583e+01 8.435972835857750596e+00 1.566002113448679438e+02
9.970009576173042376e+01 8.303272315268358739e+00 1.571155514411699698e+02
9.945216135769099708e+01 8.181944459741499642e+00 1.575951007882819681e+02
9.922832143581383946e+01 8.071010924365133121e+00 1.580417885593413416e+02
9.902663865866423976e+01 7.969580115247028473e+00 1.584583074759513863e+02
9.884532885816173575e+01 7.876841664782304520e+00 1.588471271555743840e+02
9.868274986424013662e+01 7.792058871700391798e+00 1.592105119397685939e+02
9.853738680448272191e+01 7.714557792202255015e+00 1.595505452683884755e+02
9.840784832821164230e+01 7.643726131466223706e+00 1.598691343290819304e+02
9.829285274248688609e+01 7.579004086779524307e+00 1.601680319683934215e+02
9.819121932043648826e+01 7.519879163534169741e+00 1.604488498987543892e+02
9.810186537839798859e+01 7.465885301347813474e+00 1.607130623126182627e+02
9.802379287578604306e+01 7.416594880759578068e+00 1.609620262449255677e+02
9.795608318913525636e+01 7.371616098880047652e+00 1.611969890453055427e+02
9.789789507602093011e+01 7.330592369754922899e+00 1.614190908870288297e+02
9.784845292954364027e+01 7.293195951272393174e+00 1.616293820127309004e+02
9.780704269859469946e+01 7.259126011154206637e+00 1.618288284585536587e+02
9.777301123895355772e+01 7.228108655701749541e+00 1.620183126445942889e+02
9.774575703104815716e+01 7.199892234587168538e+00 1.621986466791153987e+02
9.772472546718584852e+01 7.174245118991523285e+00 1.623705789592393387e+02
9.770940905603706028e+01 7.150956036223573342e+00 1.625347936579125303e+02
9.769934232506595606e+01 7.129831647173864972e+00 1.626919178818800731e+02
9.769409525052365950e+01 7.110693505734356101e+00 1.628425308194954937e+02
9.769327280139181369e+01 7.093377947109440029e+00 1.629871642811756658e+02
9.769651477516595151e+01 7.077736092998986095e+00 1.631263028508111006e+02
9.770348879522016716e+01 7.063630672701791013e+00 1.632603935770594319e+02
9.771388814155608316e+01 7.050935085423827076e+00 1.633898489307105990e+02
9.772743202879449598e+01 7.039533599122953511e+00 1.635150463508439884e+02
9.774386438675020372e+01 7.029320816023052032e+00 1.636363299142969083e+02
9.776294828275857185e+01 7.020199246001634918e+00 1.637540179545937633e+02
9.778446516239009156e+01 7.012078990745356677e+00 1.638684040853222825e+02
9.780821523493982284e+01 7.004877954584847188e+00 1.639797566325374305e+02
9.783401656177775862e+01 6.998521445793469908e+00 1.640883198820274345e+02
9.786170061471389658e+01 6.992940287730127658e+00 1.641943201050511902e+02
9.789111175937503617e+01 6.988070605473952313e+00 1.642979662531872691e+02
9.792210737503336304e+01 6.983853897351733231e+00 1.643994497762014078e+02
9.795455826816703393e+01 6.980237211267514397e+00 1.644989440605519349e+02
9.798834496491404877e+01 6.977171582944554196e+00 1.645966094450344315e+02
9.802335679462140661e+01 6.974611658046230289e+00 1.646925944528073558e+02
9.805949185307710536e+01 6.972515679972059566e+00 1.647870358380095297e+02
9.809665769870969143e+01 6.970845793053237927e+00 1.648800576344748947e+02
9.813477006938803981e+01 6.969567498946418027e+00 1.649717728946026227e+02
9.817375062848829259e+01 6.968648725072806194e+00 1.650622867215084284e+02
