2.540000000000000000e+02 7.000000000000000000e+00 0.000000000000000000e+00
2.526505891307088802e+02 7.806516469149921811e+00 6.861968949027925646e-01
2.512386854676469454e+02 8.588341841102653973e+00 1.456608550691518067e+00
2.497634362624832249e+02 9.345027750935678057e+00 2.312496153838793589e+00
2.482239802543728615e+02 1.007612078445921178e+01 3.255134057060614428e+00
2.466194476197483993e+02 1.078116244559951298e+01 4.285809859824093238e+00
2.449489598782830910e+02 1.145968909503824129e+01 5.405824559403586527e+00
2.432116300409447831e+02 1.211123204630066752e+01 6.616492313575741413e+00
2.414065623345747156e+02 1.273531738632717669e+01 7.919140882755981714e+00
2.395328520673353694e+02 1.333146588784443409e+01 9.315111845968452542e+00
2.375895856287106653e+02 1.389919300936539592e+01 1.080576060084601409e+01
2.355758404890228519e+02 1.443800889485043015e+01 1.239245636442941745e+01
2.334906851456862285e+02 1.494741833759836425e+01 1.407658226055042583e+01
2.313331789695119767e+02 1.542692068005942652e+01 1.585953556661614350e+01
2.291160727063308968e+02 1.588992027634797033e+01 1.771572279952640017e+01
2.268597855073504661e+02 1.635771663252022634e+01 1.960432555852950642e+01
2.245640617370607117e+02 1.683069879239870303e+01 2.152519570129662441e+01
2.222283274734795953e+02 1.730894222518982062e+01 2.347880281633977262e+01
2.198520002055204259e+02 1.779252352954434002e+01 2.546562351985958372e+01
2.174344887905428436e+02 1.828152043913922498e+01 2.748614149047724098e+01
2.149751934543530183e+02 1.877601182267767044e+01 2.954084746923440008e+01
2.124735057859102199e+02 1.927607768458496906e+01 3.163023926392374818e+01
2.099288080388131732e+02 1.978179925686181306e+01 3.375482232062172017e+01
2.073404743266414130e+02 2.029325884189927365e+01 3.591510874564568923e+01
2.047078699398349784e+02 2.081053990230780215e+01 3.811161786449164879e+01
2.020303504844408167e+02 2.133372717416963127e+01 4.034487692651931923e+01
1.993072618821133801e+02 2.186290666703875019e+01 4.261542110495221181e+01
1.965379403701141428e+02 2.239816566394090458e+01 4.492379349687760026e+01
1.937217125013119130e+02 2.293959272137361083e+01 4.727054512324651370e+01
1.908578951441826632e+02 2.348727766930614536e+01 4.965623492887373658e+01
1.879457954827866786e+02 2.404131161118248983e+01 5.208142978245638233e+01
1.849847107531650465e+02 2.460178695858472864e+01 5.454670469225755625e+01
1.819739277226848628e+02 2.516879749969749014e+01 5.705264323211007138e+01
1.789127227785419620e+02 2.574243838767012349e+01 5.959983746900341828e+01
1.758003617798680693e+02 2.632280616006433860e+01 6.218888808409068503e+01
1.726360998899307333e+02 2.690999876091937182e+01 6.482040450998468373e+01
1.694191814329556394e+02 2.750411555957948195e+01 6.749500504790677269e+01
1.661488397256424889e+02 2.810525737284918790e+01 7.021331700554254951e+01
1.628242969261360429e+02 2.871352648485311931e+01 7.297597682061528701e+01
1.594517094832413022e+02 2.932319641603649529e+01 7.578270952773203817e+01
1.562614799650110626e+02 2.974188403629269217e+01 7.860198621495116811e+01
1.533454210274733214e+02 2.989772728072368579e+01 8.141659364288759093e+01
1.506527062567953976e+02 2.983848500338618592e+01 8.422833485351151239e+01
1.481421292793500015e+02 2.960290771854624481e+01 8.703864150463955696e+01
1.457799452187526583e+02 2.922272474952270827e+01 8.984869026830540406e+01
1.435385463442583784e+02 2.872389380115294344e+01 9.265944482312248454e+01
1.413953459706829960e+02 2.812765058400328755e+01 9.547169459035788464e+01
1.393318703647136374e+02 2.745136282123139537e+01 9.828608625080698857e+01
1.373330066508989091e+02 2.670923754723551724e+01 1.011031498474447829e+02
1.353863850719267532e+02 2.591290205427261029e+01 1.039233202250942725e+02
1.334818905200574477e+02 2.507186326742095872e+01 1.067469539835290959e+02
1.316112498039807122e+02 2.419389589498141291e+01 1.095743438020541163e+02
1.297676861903148335e+02 2.328536731117413083e+01 1.124057304292123547e+02
1.279456641851858478e+02 2.235147757352720888e+01 1.152413115405606590e+02
1.261406494674328371e+02 2.139648519108493474e+01 1.180812500705866199e+02
1.243489324137726868e+02 2.042387308824601533e+01 1.209256803375606921e+02
1.225674813234598020e+02 1.943648663803384835e+01 1.237747131376194005e+02
1.207938102318642564e+02 1.843665797537664375e+01 1.266284403325175134e+02
1.190257176618796677e+02 1.742616016234458698e+01 1.294872215265248201e+02
1.173289054376985376e+02 1.645793310246103758e+01 1.322395232518218791e+02
1.157756273733654240e+02 1.558579852003971844e+01 1.347668747471382176e+02
1.143559875958684984e+02 1.479954486595826602e+01 1.370882024764720200e+02
1.130600530067066245e+02 1.408986250073103186e+01 1.392216089745853083e+02
1.118784586504730783e+02 1.344859572595559349e+01 1.411835696661509587e+02
1.108024101268423323e+02 1.286858725726944996e+01 1.429890787022660277e+02
1.098236796379654407e+02 1.234352868800545977e+01 1.446517950127489200e+02
1.089345908948697428e+02 1.186784851371262661e+01 1.461841629582407904e+02
1.081280015642250447e+02 1.143661334483202907e+01 1.475975227133224053e+02
1.073972794645633257e+02 1.104543871275903832e+01 1.489022173291710089e+02
1.067362793377201342e+02 1.069042619250675941e+01 1.501076742047485482e+02
1.061393143939266679e+02 1.036809250612758682e+01 1.512224990542008243e+02
1.056011322455214128e+02 1.007532832132699419e+01 1.522545375191700145e+02
1.051168845426388572e+02 9.809342900838764479e+00 1.532109561105579871e+02
1.046821046086195679e+02 9.567636331612892064e+00 1.540982894506385890e+02
1.042926768846707830e+02 9.347956251849860010e+00 1.549225098931448770e+02
1.039448174810951713e+02 9.148278816750803344e+00 1.556890637351926614e+02
1.036350447250341347e+02 8.966775008036355743e+00 1.564029306877594934e+02
1.033601622999002956e+02 8.801796370585382334e+00 1.570686531379007533e+02
1.031172331590932458e+02 8.651850556643614354e+00 1.576903836960810850e+02
1.029035624625281145e+02 8.515587391950171892e+00 1.582719143333930845e+02
1.027166788561745250e+02 8.391784760602462256e+00 1.588167072325089464e+02
1.025543134367528495e+02 8.279331858110099418e+00 1.593279302974298730e+02
1.024143901200024231e+02 8.177223939587545232e+00 1.598084711121898920e+02
1.022950026135356865e+02 8.084545474280528055e+00 1.602609743970058673e+02
1.021944065237205166e+02 8.000465903443931381e+00 1.606878533885710567e+02
1.021110046261585182e+02 7.924230426414713868e+00 1.610913123125609729e+02
1.020433312679588198e+02 7.855150089696602222e+00 1.614733703272515299e+02
1.019900484366955311e+02 7.792600340759123334e+00 1.618358665566902062e+02
1.019499290692686486e+02 7.736010981734346537e+00 1.621804851801954896e+02
1.019218488911690201e+02 7.684861728452641039e+00 1.625087672508823005e+02
1.019047827829224531e+02 7.638680665337561848e+00 1.628221155463126024e+02
1.018977896189054064e+02 7.597035749484161826e+00 1.631218167588554593e+02
1.019000079467152631e+02 7.559532731436820363e+00 1.634090474939192177e+02
1.019106531016334003e+02 7.525813896910035439e+00 1.636848781517862221e+02
1.019290043699227510e+02 7.495551289949077045e+00 1.639502913192305869e+02
1.019544018408438006e+02 7.468445241563522075e+00 1.642061860983390886e+02
1.019862453005838887e+02 7.444224004845913178e+00 1.644533794826566577e+02
1.020239837332972428e+02 7.422638440979946850e+00 1.646926211817037711e+02
1.020671117182748731e+02 7.403460297367864484e+00 1.649245986113478750e+02
1.021151697441491280e+02 7.386482512078631935e+00 1.651499363116944608e+02
1.021677374821427549e+02 7.371515915863951385e+00 1.653692053436321601e+02
1.022244283457215914e+02 7.358386632443650655e+00 1.655829308240698765e+02
1.022848895303100250e+02 7.346936174769236771e+00 1.657915917973453759e+02
1.023488007890068872e+02 7.337020887955169712e+00 1.659956229043113183e+02
1.024158673205375152e+02 7.328508586221000876e+00 1.661954241991973618e+02
1.024858185130663912e+02 7.321277981967170945e+00 1.663913628615624418e+02
1.025584085858755259e+02 7.315219038289821896e+00 1.665837722638416381e+02
1.026334138080769094e+02 7.310231663139000524e+00 1.667729558015049918e+02
1.027106278264326988e+02 7.306223555429360417e+00 1.669591932893543174e+02
1.027898613414255635e+02 7.303110064781984434e+00 1.671427413963490949e+02
1.028709428530816865e+02 7.300814563960690506e+00 1.673238325973217115e+02
1.029537162751279880e+02 7.299267342956835769e+00 1.675026784449838431e+02
1.030380374412258107e+02 7.298404020244720236e+00 1.676794743321106864e+02
1.031237739210172748e+02 7.298165461973988855e+00 1.678543997395726706e+02
1.032108055357456351e+02 7.298498032905351707e+00 1.680276175178410654e+02
1.032990236790422927e+02 7.299353282045674796e+00 1.681992748180307728e+02
1.033883279506026867e+02 7.300686420281721212e+00 1.683695076723502666e+02
1.034786258216111889e+02 7.302456171123064443e+00 1.685384414473967922e+02
1.035698326693955664e+02 7.304624790933853973e+00 1.687061907926623689e+02
1.036618725908503791e+02 7.307158440696920998e+00 1.688728585300127349e+02
1.037546761213595801e+02 7.310026153349777900e+00 1.690385387585114074e+02
1.038481788969190802e+02 7.313199235510240648e+00 1.692033186683906081e+02
1.039423216490303048e+02 7.316651265230483148e+00 1.693672785479390086e+02
1.040370503183358011e+02 7.320358146433340707e+00 1.695304916259814263e+02
