2.540000000000000000e+02 7.000000000000000000e+00 0.000000000000000000e+00
2.531734699470596865e+02 7.690386703870115248e+00 2.259225605630561795e-01
2.522944164266714893e+02 8.366204623364168924e+00 5.145829258472793821e-01
2.513618221362180805e+02 9.027109064172135433e+00 8.672663485077974910e-01
2.503746519211470059e+02 9.672749123223889356e+00 1.285280814595237242e+00
2.493318525232067486e+02 1.030276760075860842e+01 1.769957364577315673e+00
2.482323524130588339e+02 1.091680094186000005e+01 2.322650306775697615e+00
2.470750611644463959e+02 1.151447901788136008e+01 2.944738015352978966e+00
2.458588692633526307e+02 1.209542505979124627e+01 3.637623173653492969e+00
2.445826479781292733e+02 1.265925561280541345e+01 4.402732939811567547e+00
2.432452489585120361e+02 1.320558039633478309e+01 5.241519458046028035e+00
2.418455035236702884e+02 1.373400205532362861e+01 6.155460766466938516e+00
2.403822225961742163e+02 1.424411613718563885e+01 7.146060881273873733e+00
2.388541963706194906e+02 1.473551097604848437e+01 8.214850219311601975e+00
2.372601944080582257e+02 1.520776772573372249e+01 9.363385477662015788e+00
2.355989644361539490e+02 1.566045994067154012e+01 1.059325116358361996e+01
2.338692321157168976e+02 1.609315349435455644e+01 1.190605989220631500e+01
2.320697010322670053e+02 1.650540657638962827e+01 1.330345239729095397e+01
2.301990523591790350e+02 1.689676957481328046e+01 1.478709796078822336e+01
2.282559441892915686e+02 1.726678484263121760e+01 1.635869526511541139e+01
2.262444013487487382e+02 1.761813717721674877e+01 1.801167782768520453e+01
2.241949760548591257e+02 1.796899587931257969e+01 1.969867928669810198e+01
2.221123387658435320e+02 1.832236588802999222e+01 2.141220377536289021e+01
2.199960720057565311e+02 1.867827877058143926e+01 2.315258468909408052e+01
2.178457529635891206e+02 1.903676649758725503e+01 2.492015968387666547e+01
2.156609534843173037e+02 1.939786144375251098e+01 2.671527068341488942e+01
2.134412399763415067e+02 1.976159639486579778e+01 2.853826395305107155e+01
2.111861730764431684e+02 2.012800457313378999e+01 3.038949036732953957e+01
2.088953087853320199e+02 2.049711955131689933e+01 3.226930450315259691e+01
2.065681974127786589e+02 2.086897533249281977e+01 3.417806548219427043e+01
2.042043833640304911e+02 2.124360636620651377e+01 3.611613714146847087e+01
2.018034051398115309e+02 2.162104754847018384e+01 3.808388803332903905e+01
1.993647953363226577e+02 2.200133422176329390e+01 4.008169142546968544e+01
1.968880806452415300e+02 2.238450217503256567e+01 4.210992530092402575e+01
1.943727818537223300e+02 2.277058764369199295e+01 4.416897235806557376e+01
1.918184138443961331e+02 2.315962730962280247e+01 4.625922001060773425e+01
1.892244855809864248e+02 2.355165830226116697e+01 4.838106039909143874e+01
1.865904997957939315e+02 2.394671822222879598e+01 5.053489064045776757e+01
1.839159528683651956e+02 2.434484515050745657e+01 5.272111292494512469e+01
1.812003348565993690e+02 2.474607764608671800e+01 5.494013449124539505e+01
1.784431294129108778e+02 2.515045475230339633e+01 5.719236769345767613e+01
1.756438136908868159e+02 2.555801600389936468e+01 5.947823007563079756e+01
1.728018582793434064e+02 2.596880143200830560e+01 6.179814442442585687e+01
1.699167271019079521e+02 2.638285157174821194e+01 6.415253884930899630e+01
1.669878773522282813e+02 2.680020746712089519e+01 6.654184683429541280e+01
1.640147593915673383e+02 2.722091067875505033e+01 6.896650731972798098e+01
1.609968166751741592e+02 2.764500328947393726e+01 7.142696476107684589e+01
1.579685356149236668e+02 2.804085785879066606e+01 7.391717226306731447e+01
1.551450615857263244e+02 2.821629583448484624e+01 7.639560561376205783e+01
1.525287619720810426e+02 2.817530193481259815e+01 7.885729030491069125e+01
1.500791453191079654e+02 2.795977755320153690e+01 8.130579561725949134e+01
1.477638168571187407e+02 2.760328079103014431e+01 8.374395095306674364e+01
1.455566331001644187e+02 2.713289401125111411e+01 8.617403969266554498e+01
1.434364961266932426e+02 2.657047284953766209e+01 8.859790450870639233e+01
1.413863784383901532e+02 2.593365636824962195e+01 9.101703254041726154e+01
1.393925350409029704e+02 2.523668326624031977e+01 9.343262421486157621e+01
1.374438767756016091e+02 2.449104104785370239e+01 9.584564798363193461e+01
1.355314559228997098e+02 2.370599888920749976e+01 9.825688525312249055e+01
1.336480457439404574e+02 2.288904319321853364e+01 1.006669671096982910e+02
1.317878176799667642e+02 2.204621198050897846e+01 1.030764025149008205e+02
1.299460698028541685e+02 2.118237618895940244e+01 1.054856020240913637e+02
1.281190008011471377e+02 2.030147380278565450e+01 1.078948975277682081e+02
1.263035511537072750e+02 1.940667438161207059e+01 1.103045561243462913e+02
1.244972446121746685e+02 1.850054326963940809e+01 1.127147939659605527e+02
1.226980876839651984e+02 1.758514572174909674e+01 1.151257850381817889e+02
1.209044687719758997e+02 1.666215138522365180e+01 1.175376699697158642e+02
1.191181985202295266e+02 1.573498863489355415e+01 1.199458376953521110e+02
1.174342024185724824e+02 1.486809496845136103e+01 1.222053501696082805e+02
1.158910650786050383e+02 1.408572178322568469e+01 1.242589418756672472e+02
1.144773660034601335e+02 1.337884572626122548e+01 1.261251396041378428e+02
1.131824957781456646e+02 1.273955244553474841e+01 1.278207609039767192e+02
1.119966153884781335e+02 1.216086191894225266e+01 1.293610998500961102e+02
1.109106212580527142e+02 1.163660881962192128e+01 1.307600610954850424e+02
1.099161073408030092e+02 1.116132732273797679e+01 1.320302930116237121e+02
1.090053236054803136e+02 1.073015940216736297e+01 1.331833045431717437e+02
1.081711375033581106e+02 1.033878078272496204e+01 1.342295643649584349e+02
1.074069899208529648e+02 9.983327113894347349e+00 1.351786051372543227e+02
1.067068597386027164e+02 9.660346129352079814e+00 1.360390976738112556e+02
1.060652202249731602e+02 9.366739176007982337e+00 1.368189418687707359e+02
1.054770080643722281e+02 9.099729108001623601e+00 1.375253233577694232e+02
1.049375819236080645e+02 8.856814369349461202e+00 1.381647918117411393e+02
1.044426964012440777e+02 8.635746820560918025e+00 1.387433045345499636e+02
1.039884636948358434e+02 8.434495676351492222e+00 1.392662935025482511e+02
1.035713319334724360e+02 8.251231406300453486e+00 1.397386996571840143e+02
1.031880513524135949e+02 8.084298266106451081e+00 1.401650284029023794e+02
1.028356545822282584e+02 7.932200499548632600e+00 1.405493800907673858e+02
1.025114304185171221e+02 7.793583916293568947e+00 1.408954906354018419e+02
1.022129017820830370e+02 7.667220735725921443e+00 1.412067653716731570e+02
1.019378103139686402e+02 7.552000508954225033e+00 1.414863014453565597e+02
1.016840904788718944e+02 7.446913051276304429e+00 1.417369269717642908e+02
1.014498614737485696e+02 7.351044515088027254e+00 1.419612120894332179e+02
1.012334046466355773e+02 7.263563605310555893e+00 1.421615021827103362e+02
1.010331518814443399e+02 7.183715091037985445e+00 1.423399344645892199e+02
1.008476758250259167e+02 7.110814664608913205e+00 1.424984516618257260e+02
1.006756705694284477e+02 7.044237908193195175e+00 1.426388297982563529e+02
1.005159480507644503e+02 6.983418777668584987e+00 1.427626829196106826e+02
1.003674249956667808e+02 6.927842587469334568e+00 1.428714814973061209e+02
1.002291107765121154e+02 6.877039529469642254e+00 1.429665695126236358e+02
1.001001057549206905e+02 6.830584121370733897e+00 1.430491665075575440e+02
9.997958848618822003e+01 6.788088517424816004e+00 1.431203854675250398e+02
9.986680806822575107e+01 6.749198627746222812e+00 1.431812434141289714e+02
9.976108334939351607e+01 6.713593907241127035e+00 1.432326623415971198e+02
9.966179216643156735e+01 6.680981895052422459e+00 1.432754841183103736e+02
9.956836544670531453e+01 6.651095301494604151e+00 1.433104785863073687e+02
9.948028726607506655e+01 6.623692154618511907e+00 1.433383433826487021e+02
9.939708710732736563e+01 6.598551966650147982e+00 1.433597145792940069e+02
9.931833388162033316e+01 6.575472817770132927e+00 1.433751748626802964e+02
9.924363617724864639e+01 6.554271543871257322e+00 1.433852531375510750e+02
9.917263873118874073e+01 6.534782030560219113e+00 1.433904293417229781e+02
9.910501548613414968e+01 6.516851859561101357e+00 1.433911439173504618e+02
9.904046898343059979e+01 6.500342040479694106e+00 1.433877986180529547e+02
9.897873059889910508e+01 6.485127153335206174e+00 1.433807561631557235e+02
9.891955453028401735e+01 6.471092462464469008e+00 1.433703484245264406e+02
9.886271534186930410e+01 6.458132754843475709e+00 1.433568797556490324e+02
9.880800827244712536e+01 6.446152506086814782e+00 1.433406265570165203e+02
9.875524848588366922e+01 6.435065526816180714e+00 1.433218382914436120e+02
9.870426609198935353e+01 6.424792604187861578e+00 1.433007442372375237e+02
9.865490537582186903e+01 6.415261141338471695e+00 1.432775545297063786e+02
9.860702522756277233e+01 6.406405371826057404e+00 1.432524595690218518e+02
9.856049841860567540e+01 6.398166016506949383e+00 1.432256310022513048e+02
9.851520780770488273e+01 6.390488498716951682e+00 1.431972268586661414e+02
9.847104589206310266e+01 6.383322734867966197e+00 1.431673921558824532e+02
9.842791500971983965e+01 6.376623234842920596e+00 1.431362586215537647e+02
9.838572764613917343e+01 6.370349246049756609e+00 1.431039442785315430e+02
