2.540000000000000000e+02 7.000000000000000000e+00 0.000000000000000000e+00
2.529753223330069147e+02 7.580870986056603478e+00 4.552571643182957151e-01
2.519189176542923860e+02 8.159430732583770052e+00 9.418215092364012886e-01
2.508297138376591988e+02 8.735982276255771950e+00 1.460308608274859310e+00
2.497066086331960548e+02 9.310830500344488669e+00 2.011358948003508562e+00
2.485484690383885038e+02 9.884282263318352690e+00 2.595638345200565134e+00
2.473541305667669121e+02 1.045664654442631125e+01 3.213838436514629748e+00
2.461223954115982053e+02 1.102823482841702862e+01 3.866677885998021313e+00
2.448520319123845468e+02 1.159936121133913645e+01 4.554902742758594414e+00
2.435417740759636729e+02 1.217034248130266683e+01 5.279286778250082968e+00
2.421903199286630013e+02 1.274149845029541339e+01 6.040632585218249417e+00
2.407963297182603526e+02 1.331315231447881509e+01 6.839772778822758248e+00
2.393584255633038822e+02 1.388563071867474719e+01 7.677570237509450557e+00
2.378751906416368058e+02 1.445926389148714186e+01 8.554918676512182074e+00
2.363451680403341868e+02 1.503438586989457804e+01 9.472743422813556080e+00
2.347668578173699245e+02 1.561133506300086182e+01 1.043200340663310044e+01
2.331387168241299150e+02 1.619045428545849319e+01 1.143369128244109767e+01
2.314591574310209126e+02 1.677209097737591748e+01 1.247883432080881683e+01
2.297265475956185696e+02 1.735659717814835901e+01 1.356849437719314011e+01
2.279392072968446428e+02 1.794433019265249740e+01 1.470377032922638527e+01
2.260954066817270700e+02 1.853565292913736684e+01 1.588579935297397583e+01
2.241933660511527933e+02 1.913093390120319270e+01 1.711575693345337967e+01
2.222312546722477009e+02 1.973054741361309539e+01 1.839485771762232247e+01
2.202071881297318328e+02 2.033487403683318107e+01 1.972435734797434748e+01
2.181218418706398268e+02 2.094200077934603144e+01 2.110580305819146929e+01
2.160095139689908024e+02 2.152082630993817958e+01 2.254351353180231143e+01
2.138802839683243349e+02 2.206236955590933491e+01 2.403856706158569878e+01
2.117342641944588877e+02 2.256650307784823184e+01 2.559099217105888968e+01
2.095715472590910053e+02 2.303312010887184158e+01 2.720081170275240723e+01
2.073922269885647722e+02 2.346211593928837758e+01 2.886804505216417738e+01
2.051963984238718410e+02 2.385338791659732749e+01 3.059270816775947210e+01
2.029841578206518875e+02 2.420683544548941413e+01 3.237481355097094138e+01
2.007556026274195915e+02 2.452236007981487731e+01 3.421437017836812799e+01
1.985108314926202411e+02 2.479986548601997143e+01 3.611138353420646041e+01
1.962499443339661696e+02 2.503925712972414885e+01 3.806585588054111469e+01
1.939730422540113750e+02 2.524044262641274372e+01 4.007778596185395514e+01
1.916802275363247645e+02 2.540333175756275708e+01 4.214716899141566131e+01
1.893716036454903247e+02 2.552783647064282135e+01 4.427399665128564266e+01
1.870472752271068657e+02 2.561387087911322524e+01 4.645825709231214518e+01
1.847073481077883343e+02 2.566135126242590658e+01 4.869993493413212349e+01
1.823519292951635009e+02 2.567019606602445592e+01 5.099901126517136163e+01
1.799811269778763290e+02 2.564032590134409162e+01 5.335546364264438068e+01
1.775950505255855205e+02 2.557166354581170253e+01 5.576926609255452405e+01
1.751938104889648855e+02 2.546413394284581599e+01 5.824038910969387928e+01
1.727775185997031713e+02 2.531766420185661204e+01 6.076879965764330649e+01
1.703467288178864578e+02 2.513285376719081654e+01 6.335329276175015423e+01
1.679191316028106655e+02 2.493642704371560370e+01 6.594717269038849849e+01
1.655028105516197172e+02 2.474071360767499428e+01 6.852897417194787977e+01
1.630977264851420898e+02 2.454572746307610842e+01 7.109872131247551863e+01
1.607038290061770738e+02 2.435146534806056451e+01 7.365646817496603660e+01
1.583210679412392210e+02 2.415792401524949184e+01 7.620226858242631351e+01
1.559493933405580890e+02 2.396510023174355553e+01 7.873617611787543069e+01
1.535887554780784399e+02 2.377299077912293157e+01 8.125824412434477040e+01
1.512391048514602687e+02 2.358159245344729982e+01 8.376852570487790217e+01
1.489003921812085594e+02 2.339090206519966841e+01 8.626707372346452019e+01
1.465725684100950446e+02 2.320091643924850899e+01 8.875394080565895649e+01
1.442555847003964971e+02 2.301163241466960230e+01 9.122917934154534692e+01
1.419493924322080147e+02 2.282304684463647959e+01 9.369284148754560704e+01
1.396539432034429069e+02 2.263515659642054700e+01 9.614497916641956010e+01
1.373689414997583356e+02 2.244806376116972402e+01 9.858580564841852834e+01
1.351399594069424950e+02 2.224234824697004598e+01 1.009855781763116767e+02
1.330498521046017117e+02 2.198262779614846707e+01 1.032902846964177286e+02
1.310935561522951787e+02 2.167087180244853073e+01 1.055033910622367728e+02
1.292632023545271238e+02 2.131025311481946005e+01 1.076301876273080467e+02
1.275513725254460411e+02 2.090376255409781692e+01 1.096756616929421568e+02
1.259510941438430649e+02 2.045421107031809527e+01 1.116445010996986298e+02
1.244558050163739154e+02 1.996424400509544128e+01 1.135411179712929339e+02
1.230593176020015704e+02 1.943635549074522118e+01 1.153696726861380029e+02
1.217558147567634563e+02 1.887289016774787953e+01 1.171340767365745137e+02
1.205398245106499502e+02 1.827605336512705492e+01 1.188380096770889338e+02
1.194061858611775904e+02 1.764792490660635949e+01 1.204849421087030805e+02
1.183500444705596237e+02 1.699046084728537309e+01 1.220781385701844641e+02
1.173668380281358736e+02 1.630549938154980794e+01 1.236206673734980370e+02
1.164522626049954965e+02 1.559477442277943915e+01 1.251154232112098583e+02
1.156022667113215334e+02 1.485991800187896494e+01 1.265651311495488898e+02
1.148130456290770667e+02 1.410246255467579601e+01 1.279723504364580720e+02
1.140810113720713446e+02 1.332385304642218316e+01 1.293394946863879795e+02
1.134027842005456250e+02 1.252545039661561965e+01 1.306688375819190355e+02
1.127751877725243190e+02 1.170853343597262963e+01 1.319625161317265167e+02
1.121948549624666782e+02 1.087446524471493348e+01 1.332228191100659558e+02
1.116565131580457546e+02 1.002541958946592082e+01 1.344534527289431765e+02
1.111559819856295377e+02 9.163113418032891033e+00 1.356573400898189163e+02
1.106907040335493235e+02 8.288580738428581896e+00 1.368362243642665135e+02
1.102588189616376866e+02 7.402563495086629253e+00 1.379913457205484804e+02
1.098583009822364858e+02 6.505875881314269193e+00 1.391240729003954755e+02
1.094872887790355662e+02 5.599264735565284923e+00 1.402356610568750455e+02
1.091440287778578835e+02 4.683433395479931427e+00 1.413272928786151397e+02
1.088268752020869812e+02 3.759041675489207535e+00 1.424000785525367121e+02
1.085342808458418347e+02 2.826709593045301450e+00 1.434550619689425162e+02
1.082647868858152691e+02 1.887021483083241913e+00 1.444932275731098912e+02
1.080170220208282501e+02 9.405263455039059028e-01 1.455155009439509683e+02
1.077896977225459381e+02 -1.226023684881522198e-02 1.465227519879353508e+02
1.075815998457894693e+02 -9.708527100397738030e-01 1.475158005812066619e+02
1.073915870118995031e+02 -1.934794896176504464e+00 1.484954176567811146e+02
1.072185861159305347e+02 -2.903658179010208951e+00 1.494623282259935877e+02
1.070615861322868625e+02 -3.877039002370131549e+00 1.504172155442468295e+02
1.069196370974547250e+02 -4.854558459349808786e+00 1.513607217951347650e+02
1.067918457804477157e+02 -5.835860543841477011e+00 1.522934510021006531e+02
1.066773701748471268e+02 -6.820609926176065763e+00 1.532159727325817755e+02
1.065754187274191906e+02 -7.808491641611031930e+00 1.541288226167695257e+02
1.064852489036217520e+02 -8.799210511023559889e+00 1.550325033123262699e+02
1.064061600338029621e+02 -9.792488251894070572e+00 1.559274893153708490e+02
1.063374920260825576e+02 -1.078806295851381059e+01 1.568142278260773139e+02
1.062786254860707942e+02 -1.178568915034422204e+01 1.576931386681744698e+02
1.062289794616734611e+02 -1.278513686127484483e+01 1.585646158055811554e+02
1.061880050764756049e+02 -1.378618906851805193e+01 1.594290316240168579e+02
1.061551850062559907e+02 -1.478864148120491606e+01 1.602867372830508828e+02
1.061300331324760009e+02 -1.579230240046422473e+01 1.611380629491453078e+02
1.061120953272523622e+02 -1.679699303642993158e+01 1.619833172677540460e+02
1.061009426937227715e+02 -1.780254477843157801e+01 1.628227919092494460e+02
1.060961700757129620e+02 -1.880879859314165614e+01 1.636567625711888638e+02
1.060972343934113553e+02 -1.981524140033997838e+01 1.644858606987760368e+02
1.061025001134436252e+02 -2.081869503298522162e+01 1.653134291289766225e+02
1.061112736538873946e+02 -2.181777944253571988e+01 1.661409571945264361e+02
1.061232677783413294e+02 -2.281197127134106140e+01 1.669690563874497116e+02
1.061383678965538309e+02 -2.380110244426613875e+01 1.677979740660246648e+02
1.061566296399314240e+02 -2.478535532110620565e+01 1.686275984078779118e+02
1.061780957814293487e+02 -2.576489390062956630e+01 1.694578355050304026e+02
1.062027302774966699e+02 -2.673972277706144496e+01 1.702887542639519722e+02
1.062305233907948860e+02 -2.770989820083313759e+01 1.711203704917229231e+02
1.062614651704625004e+02 -2.867547584343623512e+01 1.719527001718328165e+02
1.062955454521151637e+02 -2.963651079742267314e+01 1.727857594641801597e+02
1.063327542111382229e+02 -3.059305776817372191e+01 1.736195644671945502e+02
1.063730810448341657e+02 -3.154517079605469831e+01 1.744541315665833565e+02
