2.540000000000000000e+02 7.000000000000000000e+00 0.000000000000000000e+00
2.532744711234751094e+02 7.657069361499079463e+00 -1.715757146938000008e-02
2.525082593473521797e+02 8.304592125562646032e+00 1.955444438653116887e-02
2.517003867242106310e+02 8.942312375307947647e+00 1.114738920272588946e-01
2.508498522045555319e+02 9.569968137497104621e+00 2.599702374153627926e-01
2.499556310958605536e+02 1.018729124071732528e+01 4.664453084714446640e-01
2.490166744936752536e+02 1.079400716623714374e+01 7.323340737676999890e-01
2.480319087603323283e+02 1.138983491134213111e+01 1.059105356065901171e+00
2.470002347881643061e+02 1.197448679617608391e+01 1.448262840817717834e+00
2.459205276728095271e+02 1.254766837809409630e+01 1.901345523336174903e+00
2.447916358506646475e+02 1.310907822553231128e+01 2.419928889442974906e+00
2.436123804344816790e+02 1.365840774382519918e+01 3.005625824893094933e+00
2.423815549199691191e+02 1.419534109828722102e+01 3.660087016974056251e+00
2.410979243197229778e+02 1.471955498715957589e+01 4.385002139971344803e+00
2.397602241885531100e+02 1.523071838608579753e+01 5.182101189287175558e+00
2.383671602406380714e+02 1.572849244774240063e+01 6.053155005477188766e+00
2.369174081207164875e+02 1.621253044185436565e+01 6.999975587436694902e+00
2.354096118525094425e+02 1.668247734842582730e+01 8.024418216181715025e+00
2.338423831681155605e+02 1.713796968193123860e+01 9.128382372763979902e+00
2.322143010623992154e+02 1.757863537449161129e+01 1.031381234821984627e+01
2.305239116046657557e+02 1.800409372650285533e+01 1.158269750134176945e+01
2.287697262858433476e+02 1.841395497332470654e+01 1.293707452104034950e+01
2.269502208833721966e+02 1.880781998769514729e+01 1.437902898006549179e+01
2.250638354285022729e+02 1.918528027115658574e+01 1.591069537977137216e+01
2.231147944233015892e+02 1.954900674379477010e+01 1.752375322918956257e+01
2.211296827905651128e+02 1.991347083049544864e+01 1.916963493806486341e+01
2.191117983254771104e+02 2.028068455819341054e+01 2.084196372646378492e+01
2.170607326989643582e+02 2.065068988613764134e+01 2.254105660755255514e+01
2.149760599333380640e+02 2.102352265271864695e+01 2.426725717709022234e+01
2.128573484009647814e+02 2.139921917166856957e+01 2.602091358810984190e+01
2.107041608242662107e+02 2.177781623206116279e+01 2.780237855091843002e+01
2.085160542757195685e+02 2.215935109831179872e+01 2.961200933309699224e+01
2.062925801778572747e+02 2.254386151017746798e+01 3.145016775950052690e+01
2.040332842455542561e+02 2.293138568761228768e+01 3.331722025880960558e+01
2.017377058829169414e+02 2.332196238150847734e+01 3.521353835000211063e+01
1.994053795247902201e+02 2.371563076083257826e+01 3.713949756028795690e+01
1.970358336407123261e+02 2.411243049642479619e+01 3.909547822852324117e+01
1.946285903486605378e+02 2.451240179349541748e+01 4.108186581676547178e+01
1.921831654150508371e+02 2.491558539162480557e+01 4.309905091027359703e+01
1.896990682547378526e+02 2.532202256476341162e+01 4.514742921750796256e+01
1.871758019310151724e+02 2.573175512123174968e+01 4.722740157013036821e+01
1.846128631556150310e+02 2.614482540372042862e+01 4.933937392300397562e+01
1.820097422887085941e+02 2.656127628929012729e+01 5.148375735419341481e+01
1.793659233388498819e+02 2.698115118937638002e+01 5.366096806500979000e+01
1.766808837525030640e+02 2.740449406749679540e+01 5.587142754977875114e+01
1.739540940748343587e+02 2.783134946778976371e+01 5.811556286944818339e+01
1.711850180598424913e+02 2.826176250574873450e+01 6.039380656275634607e+01
1.683731125838056641e+02 2.869577887550399353e+01 6.270659671604483520e+01
1.655178275389473299e+02 2.913344485876906020e+01 6.505437704902935536e+01
1.626186057560626352e+02 2.957480733134988427e+01 6.743759697720973634e+01
1.597405095829629715e+02 2.996484217954959206e+01 6.984631158570456932e+01
1.570904453898954785e+02 3.013231247698043802e+01 7.224567866122109194e+01
1.546460227630826694e+02 3.010123433016235239e+01 7.463475968071305999e+01
1.523670738114142580e+02 2.990970153179217661e+01 7.701615492154346043e+01
1.502214380838854879e+02 2.958824565369994630e+01 7.939191904365486607e+01
1.481831210595506150e+02 2.916154427799691362e+01 8.176371308401706983e+01
1.462311112182247541e+02 2.864954408064232183e+01 8.413287997308367494e+01
1.443484211022311285e+02 2.806837125592899795e+01 8.650050575198953595e+01
1.425213221578885339e+02 2.743105796476401892e+01 8.886746841913826245e+01
1.407387211056103524e+02 2.674813441442904605e+01 9.123447774181173031e+01
1.389916452567935892e+02 2.602811750329205154e+01 9.360210811277843845e+01
1.372728430986131229e+02 2.527789002914563810e+01 9.597082404836886838e+01
1.355764585029980367e+02 2.450300999809803670e+01 9.834100098649327037e+01
1.338977483259457699e+02 2.370797873828552582e+01 1.007129433146826329e+02
1.322328877138628229e+02 2.289642574376317441e+01 1.030868967990453626e+02
1.305787787063634653e+02 2.207129038870128213e+01 1.054630608027800349e+02
1.289329194831799725e+02 2.123494606553160935e+01 1.078415966332617018e+02
1.272932879071384065e+02 2.038931075027811701e+01 1.102226349764836471e+02
1.256582473396793063e+02 1.953593642213548520e+01 1.126062819096583354e+02
1.240264770674692159e+02 1.867607511706269108e+01 1.149926233426776179e+02
1.223969074278992224e+02 1.781074052020804999e+01 1.173817291596070760e+02
1.207686741242093262e+02 1.694075133953631251e+01 1.197736561351402571e+02
1.191410799208687195e+02 1.606676767257242489e+01 1.221684503799093591e+02
1.175201237739561577e+02 1.519302054840084537e+01 1.245568403314504735e+02
1.160050174217045367e+02 1.437576391626691574e+01 1.267977794407252929e+02
1.146199081585886006e+02 1.362844917116751908e+01 1.288571591815442900e+02
1.133541306008487197e+02 1.294496810517808427e+01 1.307502032271673897e+02
1.121978715314006365e+02 1.231977375037451594e+01 1.324908533107850985e+02
1.111421039265235748e+02 1.174782198961899127e+01 1.340918818538243045e+02
1.101785298683399219e+02 1.122452282179072292e+01 1.355649878206236565e+02
1.092995236714221363e+02 1.074569633463705287e+01 1.369208881602591248e+02
1.084980794297039495e+02 1.030753215359086639e+01 1.381694020928867701e+02
1.077677650785964687e+02 9.906557416142073080e+00 1.393195218017134209e+02
1.071026720913350090e+02 9.539600660347050010e+00 1.403794907769361942e+02
1.064973816619927902e+02 9.203770417871210086e+00 1.413568539127468000e+02
1.059469153582043219e+02 8.896421868520842935e+00 1.422585324990094193e+02
1.054467114864881268e+02 8.615143065373439768e+00 1.430908581712278931e+02
1.049925792828190083e+02 8.357725669610472252e+00 1.438596410122549401e+02
1.045806796416424334e+02 8.122153996580463442e+00 1.445701969853137427e+02
1.042074886660847000e+02 7.906583047425170818e+00 1.452274009412373061e+02
1.038697750365538752e+02 7.709325358126037919e+00 1.458357190921790902e+02
1.035645783623760394e+02 7.528838783543116975e+00 1.463992397489193706e+02
1.032891797647007337e+02 7.363709460999015022e+00 1.469217154796934324e+02
1.030410918178796891e+02 7.212646575173526919e+00 1.474065769969339499e+02
1.028180301371594538e+02 7.074466309308413692e+00 1.478569735126592093e+02
1.026179019398623069e+02 6.948085693622770620e+00 1.482757887081856154e+02
1.024387908014790582e+02 6.832514350133628511e+00 1.486656620674301337e+02
1.022789360695309142e+02 6.726843200981813098e+00 1.490290178149927840e+02
1.021367281982634410e+02 6.630242142503167457e+00 1.493680712654608556e+02
1.020106899290012450e+02 6.541949878149765141e+00 1.496848551388818009e+02
1.018994659900670712e+02 6.461268444869387118e+00 1.499812338819425861e+02
1.018018181469717689e+02 6.387560675938203758e+00 1.502589104666409128e+02
1.017166081298600062e+02 6.320241104033897273e+00 1.505194501496555404e+02
1.016427933436345796e+02 6.258773752066267626e+00 1.507642863737833636e+02
1.015794209131239114e+02 6.202669035447256896e+00 1.509947289877053436e+02
1.015256142860540507e+02 6.151476708773947699e+00 1.512119828139650508e+02
1.014805713333801833e+02 6.104784913074477792e+00 1.514171502394113702e+02
1.014435589464986691e+02 6.062217369894421282e+00 1.516112386687956644e+02
1.014139024132821021e+02 6.023427834635777245e+00 1.517951752075254603e+02
1.013909842627297166e+02 5.988099520609410753e+00 1.519698082339975258e+02
1.013742407696772432e+02 5.955943294447341607e+00 1.521359122120763629e+02
1.013631528589862967e+02 5.926692953811066644e+00 1.522942002381075497e+02
1.013572448191778221e+02 5.900104573481740111e+00 1.524453258028839855e+02
1.013560832450282163e+02 5.875955969087753417e+00 1.525898842388788808e+02
1.013592691941103112e+02 5.854042640011278387e+00 1.527284235262830521e+02
1.013664361307807695e+02 5.834176712332402204e+00 1.528614471198376918e+02
1.013772502274579352e+02 5.816187104111844697e+00 1.529894135252978060e+02
1.013914054661271678e+02 5.799916997949282838e+00 1.531127430424715783e+02
1.014086198173107078e+02 5.785221874383206675e+00 1.532318230206714986e+02
1.014286352565948874e+02 5.771969525085614450e+00 1.533470078317814682e+02
1.014512171474495830e+02 5.760039737068330723e+00 1.534586197174675988e+02
1.014761491328039540e+02 5.749321665149859761e+00 1.535669558138260697e+02
1.015032321177727681e+02 5.739713310196201235e+00 1.536722895489233451e+02
1.015322846635835390e+02 5.731121724653406524e+00 1.537748700984894867e+02
