2.540000000000000000e+02 7.000000000000000000e+00 0.000000000000000000e+00
2.525208300664179717e+02 7.758449707916381222e+00 1.114958124543911522e+00
2.509870290027510862e+02 8.519086733195479155e+00 2.261647101680761107e+00
2.493976161991969889e+02 9.282118360267736179e+00 3.440327743638945890e+00
2.477516001239131924e+02 1.004774996949771726e+01 4.651267413989831567e+00
2.460479781264485268e+02 1.081618514492527794e+01 5.894739987295102956e+00
2.442857364377431111e+02 1.158762567426558476e+01 7.171025849106756667e+00
2.424638500656015481e+02 1.236227159559359023e+01 8.480411884838831682e+00
2.405812825011409188e+02 1.314032129836358997e+01 9.823191477837591279e+00
2.386369865393006080e+02 1.392197113182013091e+01 1.119966462095659843e+01
2.366299030513935975e+02 1.470741599381268117e+01 1.261013774606047200e+01
2.345589608000302349e+02 1.549684941713502262e+01 1.405492370072253294e+01
2.324230764391186597e+02 1.629046356952526864e+01 1.553434174822478120e+01
2.302211545138646898e+02 1.708844925366586409e+01 1.704871756755791878e+01
2.279520874607716223e+02 1.789099590718356581e+01 1.859838325342133558e+01
2.256147555692587048e+02 1.869829156991829677e+01 2.018367736014489822e+01
2.232149742108348391e+02 1.950360557245066317e+01 2.180818891162613582e+01
2.207938045835650200e+02 2.026561242050596334e+01 2.349143800542794125e+01
2.183590340886759407e+02 2.097691022230378621e+01 2.523657175555379695e+01
2.159109664966524349e+02 2.163761870367583739e+01 2.704316902853711824e+01
2.134499058870706847e+02 2.224786244962931647e+01 2.891080376735272495e+01
2.109761564729084569e+02 2.280777075689486466e+01 3.083904530919188858e+01
2.084900226005450463e+02 2.331747763392659678e+01 3.282745838546236428e+01
2.059918087497614749e+02 2.377712180090207994e+01 3.487560312178835176e+01
2.034818195337401789e+02 2.418684668972235130e+01 3.698303503801052727e+01
2.009603596990652363e+02 2.454680044401191097e+01 3.914930504818600099e+01
1.984277341262908010e+02 2.485713591148858015e+01 4.137395946725429496e+01
1.958842477782091578e+02 2.511801053481163848e+01 4.365654016697313722e+01
1.933302055805554005e+02 2.532958630678987078e+01 4.599658473919895130e+01
1.907659124303126248e+02 2.549202976425240053e+01 4.839362649329073207e+01
1.881916731780027874e+02 2.560551195952051273e+01 5.084719450110773664e+01
1.856077925815587264e+02 2.567020841119790120e+01 5.335681369040140254e+01
1.830145752877129439e+02 2.568629908273827667e+01 5.592200488399436864e+01
1.804123257953880284e+02 2.565396834163407291e+01 5.854228487556317617e+01
1.778039211645245246e+02 2.557965271885485237e+01 6.120863366749382095e+01
1.752044591518636878e+02 2.549972613614257355e+01 6.387125310019923319e+01
1.726162851489191041e+02 2.541997240447678763e+01 6.652228076177966898e+01
1.700393519994813119e+02 2.534039080176386349e+01 6.916176507742265755e+01
1.674736127436452477e+02 2.526098060891610686e+01 7.178975427072865045e+01
1.649190206157640546e+02 2.518174110982047509e+01 7.440629636581255113e+01
1.623755290444488253e+02 2.510267159133855586e+01 7.701143918730375049e+01
1.598430916525687167e+02 2.502377134330658137e+01 7.960523036034604161e+01
1.573216622572510062e+02 2.494503965853539995e+01 8.218771731059764818e+01
1.548111948694417492e+02 2.486647583280379337e+01 8.475894726468226281e+01
1.523116436930531279e+02 2.478807916484537799e+01 8.731896725106483359e+01
1.498229631236334853e+02 2.470984895632825840e+01 8.986782410141705668e+01
1.473451077459976659e+02 2.463178451181874706e+01 9.240556445305114153e+01
1.448780323341494807e+02 2.455388513878015999e+01 9.493223474899905057e+01
1.424232697127552001e+02 2.447545921153652060e+01 9.744691804911492738e+01
1.400546356117526443e+02 2.436413227315920693e+01 9.990460117940588702e+01
1.378242815889743724e+02 2.419692833225855821e+01 1.022735766313569599e+02
1.357384923516219715e+02 2.397094041324701763e+01 1.045501503527123788e+02
1.337908730854937573e+02 2.368881329732538532e+01 1.067383688577132830e+02
1.319689021249407972e+02 2.335588070404957506e+01 1.088460131939906859e+02
1.302660050833541447e+02 2.297488701623662166e+01 1.108772202255491521e+02
1.286749504200467698e+02 2.254887043614351683e+01 1.128365224044054003e+02
1.271889379073093664e+02 2.208068780056207459e+01 1.147281819964768772e+02
1.258015927693249267e+02 2.157301699953493923e+01 1.165561947952609358e+02
1.245069186176170746e+02 2.102837677253177162e+01 1.183243195990874739e+02
1.232992771105894860e+02 2.044913526400215531e+01 1.200360909506675995e+02
1.221733829797804702e+02 1.983751211541812154e+01 1.216948222522322283e+02
1.211242667032875744e+02 1.919559416548248976e+01 1.233036291437442600e+02
1.201472530834083443e+02 1.852534446074732344e+01 1.248654429200578164e+02
1.192379589121743351e+02 1.782860323752715104e+01 1.263830119930332359e+02
1.183922669144558029e+02 1.710709888188238637e+01 1.278589182113786364e+02
1.176063011448580227e+02 1.636245827811182707e+01 1.292955922699593998e+02
1.168764248798766090e+02 1.559620769534447682e+01 1.306953150299758022e+02
1.161992273720415767e+02 1.480977835897567019e+01 1.320602258150537978e+02
1.155714964177636972e+02 1.400451798910358470e+01 1.333923395924340412e+02
1.149902158709311379e+02 1.318169184635138258e+01 1.346935485302462610e+02
1.144525531910506686e+02 1.234248888519446119e+01 1.359656297786737014e+02
1.139546651355854578e+02 1.148901884032778398e+01 1.372109851624207124e+02
1.134917290015842042e+02 1.062433864589530863e+01 1.384326242650640495e+02
1.130605363490546296e+02 9.750252293460452080e+00 1.396325585211293117e+02
1.126592980171756295e+02 8.867450703964079750e+00 1.408119211613281152e+02
1.122862751992602171e+02 7.976626677468930282e+00 1.419718129194343987e+02
1.119397413289354830e+02 7.078507614583102736e+00 1.431133260933514180e+02
1.116180970523408149e+02 6.173756289318688140e+00 1.442374735548973490e+02
1.113198418119878568e+02 5.262993384328001234e+00 1.453452062974623402e+02
1.110435719892248585e+02 4.346798283788297468e+00 1.464374145985972007e+02
1.107879671673715194e+02 3.425714937897223589e+00 1.475149366170724079e+02
1.105517861335789718e+02 2.500253569685867649e+00 1.485785608951007077e+02
1.103338666833003714e+02 1.570890758313775892e+00 1.496290264808111772e+02
1.101331182500266124e+02 6.380725854389426299e-01 1.506670275409080375e+02
1.099485152943079953e+02 -2.977825425929770953e-01 1.516932174981590720e+02
1.097790965590420882e+02 -1.236283576951997754e+00 1.527082094975435780e+02
1.096239603913198835e+02 -2.177064829342117758e+00 1.537125793341301971e+02
1.094822589039806644e+02 -3.119783479695681816e+00 1.547068691071309559e+02
1.093531972409062689e+02 -4.064119262651347597e+00 1.556915876797810085e+02
1.092360300537634288e+02 -5.009772963648957855e+00 1.566672128844649023e+02
1.091300562526679840e+02 -5.956464178201583692e+00 1.576341948081194460e+02
1.090346181445478493e+02 -6.903930944199073494e+00 1.585929563315691269e+02
1.089491002817302814e+02 -7.851929250514539049e+00 1.595438938502129815e+02
1.088729231689186037e+02 -8.800230350899292731e+00 1.604873812127213455e+02
1.088055420506394597e+02 -9.748620246455647731e+00 1.614237704799725179e+02
1.087464471075680876e+02 -1.069689976962633970e+01 1.623533918022832836e+02
1.086951611457869262e+02 -1.164488359794570727e+01 1.632765548656995520e+02
1.086512341823016925e+02 -1.259239794311488048e+01 1.641935522809334884e+02
1.086142430251418460e+02 -1.353928037180729405e+01 1.651046598461925328e+02
1.085837911388148456e+02 -1.448537974850314392e+01 1.660101366315339533e+02
1.085595089554666686e+02 -1.543055636830929522e+01 1.669102247841239830e+02
1.085410479025548796e+02 -1.637467940817357714e+01 1.678051532664563013e+02
1.085280793839422842e+02 -1.731762649208646465e+01 1.686951384941313279e+02
1.085202949857318941e+02 -1.825928377897406918e+01 1.695803842070460234e+02
1.085174156319172170e+02 -1.919956622937589685e+01 1.704610606872219876e+02
1.085190792463323390e+02 -2.013817944421599648e+01 1.713375487338251162e+02
1.085235478097961135e+02 -2.107151392009518887e+01 1.722136158250414724e+02
1.085302858683446345e+02 -2.199832648104342425e+01 1.730906116651824505e+02
1.085393634620313605e+02 -2.291869627740472026e+01 1.739685351938194628e+02
1.085508627461782538e+02 -2.383273911609548534e+01 1.748473483322866571e+02
1.085648613577291712e+02 -2.474056933637331923e+01 1.757270147025066365e+02
1.085814282640122030e+02 -2.564229668344050594e+01 1.766075033859713130e+02
1.086006265685154233e+02 -2.653802757325143347e+01 1.774887871567415232e+02
1.086225150408828739e+02 -2.742786578015081034e+01 1.783708415177742950e+02
1.086471481169144226e+02 -2.831191243687370829e+01 1.792536447009232177e+02
1.086745758985658767e+02 -2.919026603454551960e+01 1.801371776669382143e+02
1.087048441631123552e+02 -3.006302242748783726e+01 1.810214240997338777e+02
1.087379939954254127e+02 -3.093027469358372628e+01 1.819063706395212989e+02
1.087740608115947936e+02 -3.179211267521068862e+01 1.827920074965852848e+02
1.088130768523626841e+02 -3.264862410891835509e+01 1.836783268813335894e+02
1.088550717479044749e+02 -3.349989489167752055e+01 1.845653226493033117e+02
1.089000725178287610e+02 -3.434600908088017945e+01 1.854529903011610941e+02
1.089481035711773131e+02 -3.518704889433945482e+01 1.863413269827028671e+02
1.089991867064251068e+02 -3.602309471028965504e+01 1.872303314848542755e+02
