2.540000000000000000e+02 7.000000000000000000e+00 0.000000000000000000e+00
2.527150645381297807e+02 7.522292150524553023e+00 9.154299531592604566e-01
2.513798696540161188e+02 8.053320135490752207e+00 1.858858375446390321e+00
2.499931342454960088e+02 8.593381445145650943e+00 2.830869742656215049e+00
2.485535474929116901e+02 9.142778378078826762e+00 3.832064425393018503e+00
2.470597682906071668e+02 9.701818174834235364e+00 4.863058944057584654e+00
2.455104252015726445e+02 1.027081302076837943e+01 5.924485998325496716e+00
2.439041154140267906e+02 1.085008028727346030e+01 7.016994939835008438e+00
2.422394030020871583e+02 1.143994293908272653e+01 8.141252554045047773e+00
2.405148188887075662e+02 1.204072954292764130e+01 9.297943076921187711e+00
2.387288599566823564e+02 1.265277446134331996e+01 1.048776861138897942e+01
2.368799894707981650e+02 1.327641774514081163e+01 1.171144894772438327e+01
2.349666350846670184e+02 1.391200559197888786e+01 1.296972246908952719e+01
2.329871869486486844e+02 1.455989077300982082e+01 1.426334702129582332e+01
2.309399977093173959e+02 1.522043263299829086e+01 1.559309991305069865e+01
2.288233824394984879e+02 1.589399710303712787e+01 1.695977795170292168e+01
2.266356173646444461e+02 1.658095695663481095e+01 1.836419806512993702e+01
2.243749383762513219e+02 1.728169215535229242e+01 1.980719797289222939e+01
2.220516641529059712e+02 1.798448943588766014e+01 2.129471366822845013e+01
2.197078452437274336e+02 1.864662742527102424e+01 2.284519556555061115e+01
2.173473848763891567e+02 1.926427410264422946e+01 2.446016771214690877e+01
2.149704209396408316e+02 1.983739229630808509e+01 2.613953444991832953e+01
2.125770923117360951e+02 2.036594747625340673e+01 2.788319629024110924e+01
2.101675388574027465e+02 2.084990775548521214e+01 2.969104991552016060e+01
2.077419014278426630e+02 2.128924389002270345e+01 3.156298817918910515e+01
2.053003218589379060e+02 2.168392927781393809e+01 3.349890010865144063e+01
2.028429429583874821e+02 2.203393995811473616e+01 3.549867091862189028e+01
2.003699084916598281e+02 2.233925462050306621e+01 3.756218201522356281e+01
1.978813631748352009e+02 2.259985460489648545e+01 3.968931100301887938e+01
1.953774526711486033e+02 2.281572390135975326e+01 4.187993168862377757e+01
1.928583235805612617e+02 2.298684915192567502e+01 4.413391408901248525e+01
1.903241234260328838e+02 2.311321965325475247e+01 4.645112444216669445e+01
1.877750006488409724e+02 2.319482735684529118e+01 4.883142521145867221e+01
1.852111046074327305e+02 2.323166686822076343e+01 5.127467508766383020e+01
1.826325855582034592e+02 2.322373544954285052e+01 5.378072900506833776e+01
1.800395946450410918e+02 2.317103302087904027e+01 5.634943815040097803e+01
1.774322838985936528e+02 2.307356215976109581e+01 5.898064996403226701e+01
1.748124403724351907e+02 2.293460237993258488e+01 6.166905871515005799e+01
1.721961749151400056e+02 2.278624241366576086e+01 6.436410429102137698e+01
1.695883904909070452e+02 2.263832794066371434e+01 6.705031317554588099e+01
1.669890169509897646e+02 2.249077082155666929e+01 6.972784975609042135e+01
1.643980343648520090e+02 2.234358155897831111e+01 7.239672231372841793e+01
1.618154169072322475e+02 2.219675902075809759e+01 7.505695751416043038e+01
1.592411388325602104e+02 2.205030207821903687e+01 7.770858194080155101e+01
1.566751744744790926e+02 2.190420960615687918e+01 8.035162209527611310e+01
1.541174982454273845e+02 2.175848048282172797e+01 8.298610439784870607e+01
1.515680846365142145e+02 2.161311358991259368e+01 8.561205518755278376e+01
1.490269082171587343e+02 2.146810781256154144e+01 8.822950072256398357e+01
1.464939436361919718e+02 2.132346203938203644e+01 9.083846717906124013e+01
1.439691656200638761e+02 2.117917516239035436e+01 9.343898065307870127e+01
1.414525489725532736e+02 2.103524607699281290e+01 9.603106716080509386e+01
1.389440685747677833e+02 2.089167368198581798e+01 9.861475263858386597e+01
1.364436993851438444e+02 2.074845687955583884e+01 1.011900629429129879e+02
1.339531938270877731e+02 2.060470747552759363e+01 1.037559897302986371e+02
1.315648871508689695e+02 2.041431308993380256e+01 1.062588333654142048e+02
1.293238276918645511e+02 2.015472469680665668e+01 1.086724379896156591e+02
1.272209960758255534e+02 1.983037562741723647e+01 1.110021079291243922e+02
1.252478932156871849e+02 1.944544319062465476e+01 1.132528417627118955e+02
1.233962604330225332e+02 1.900441970239504741e+01 1.154293331896480908e+02
1.216560490859196477e+02 1.851625900771713873e+01 1.175359787704815773e+02
1.200189584515487837e+02 1.798737408457824571e+01 1.195767898794547932e+02
1.184785220204939975e+02 1.742121392487350917e+01 1.215554814490136550e+02
1.170288711603559335e+02 1.682063465161064642e+01 1.234755301056357695e+02
1.156644152376476740e+02 1.618848374560734271e+01 1.253402007520779620e+02
1.143799224010103899e+02 1.552739575518406312e+01 1.271525614493519072e+02
1.131704977207385809e+02 1.483982782954409885e+01 1.289154868394069240e+02
1.120315561723775488e+02 1.412807404453408111e+01 1.306316736013278899e+02
1.109587928333513673e+02 1.339428120651606058e+01 1.323036575018170993e+02
1.099481793542547621e+02 1.264045071973790080e+01 1.339338154159773353e+02
1.089959428320303090e+02 1.186844978615186896e+01 1.355243774156083987e+02
1.080985404376328347e+02 1.108002485650725255e+01 1.370774412863528653e+02
1.072526563602001772e+02 1.027680324678366475e+01 1.385949742780448446e+02
1.064551853683328630e+02 9.460301849994886325e+00 1.400788225120308823e+02
1.057032112133208699e+02 8.631938582542248994e+00 1.415307233397349194e+02
1.049940039515663130e+02 7.793033799918633875e+00 1.429523068766898461e+02
1.043250073280675139e+02 6.944816980338695878e+00 1.443451032239046015e+02
1.036938202909337434e+02 6.088436518956271470e+00 1.457105530476873980e+02
1.030981945976459713e+02 5.224960992922969005e+00 1.470500089513658679e+02
1.025360253421555399e+02 4.355384177258070366e+00 1.483647408986139737e+02
1.020053351422682510e+02 3.480633419726577582e+00 1.496559452651860624e+02
1.015042718938784390e+02 2.601570827267448927e+00 1.509247461260687544e+02
1.010311017661921937e+02 1.718996972749360808e+00 1.521721992669753547e+02
1.005841958006357544e+02 8.336579894572671012e-01 1.533992998573130535e+02
1.001620280250753012e+02 -5.375343335486964386e-02 1.546069835313791714e+02
9.976316870018457905e+01 -9.425944784843880431e-01 1.557961302570252826e+02
9.938627576814327824e+01 -1.832267676490634489e+00 1.569675692332646406e+02
9.903009210011370556e+01 -2.722219452042310195e+00 1.581220804681323955e+02
9.869343791744087468e+01 -3.611936116643387873e+00 1.592603991206288754e+02
9.837520703464187477e+01 -4.500941883509702812e+00 1.603832176538691385e+02
9.807436301838095005e+01 -5.388796838994309724e+00 1.614911880368832158e+02
9.778993201706941818e+01 -6.275093153339645902e+00 1.625849258536878494e+02
9.752100155613460686e+01 -7.159454446478341616e+00 1.636650109949711123e+02
9.726671693106604266e+01 -8.041533884434951318e+00 1.647319897264294752e+02
9.702627420968848071e+01 -8.921010483820140280e+00 1.657863787002102640e+02
9.679891908358619901e+01 -9.797588507753591358e+00 1.668286656146521523e+02
9.658394657373453640e+01 -1.067099731344688962e+01 1.678593093846397721e+02
9.638069352423612202e+01 -1.154098739154486886e+01 1.688787444463708027e+02
9.618853618409325179e+01 -1.240732909099722470e+01 1.698873821446305499e+02
9.600689001266749756e+01 -1.326981252099512609e+01 1.708856108467906836e+02
9.583520889540410792e+01 -1.412824713908313967e+01 1.718737963936057440e+02
9.567297808743852272e+01 -1.498245803308761737e+01 1.728522861487477940e+02
9.551969905537251293e+01 -1.583225393719743401e+01 1.738214417291160316e+02
9.537388120233489985e+01 -1.667508110113631048e+01 1.747840511039958074e+02
9.523446900467058640e+01 -1.750902108763089160e+01 1.757422955266828524e+02
9.510117189474172505e+01 -1.833377929796048278e+01 1.766967054557621566e+02
9.497384226093758741e+01 -1.914935358178269453e+01 1.776475131901198097e+02
9.485245594294546834e+01 -1.995599458904486667e+01 1.785946925820289266e+02
9.473693849869606254e+01 -2.075384934112554802e+01 1.795383170247107216e+02
9.462720622844491913e+01 -2.154303979889832377e+01 1.804784823824855096e+02
9.452318336362762352e+01 -2.232369943693201009e+01 1.814152700291481608e+02
9.442479541873811399e+01 -2.309595991145433658e+01 1.823487601540379899e+02
9.433196915924513348e+01 -2.385995107741959131e+01 1.832790317869890657e+02
9.424463218339455750e+01 -2.461580121532042753e+01 1.842061631243245756e+02
9.416271403932313433e+01 -2.536363646337990474e+01 1.851302306649568834e+02
9.408614561395599196e+01 -2.610358115872003992e+01 1.860513096885470361e+02
9.401485881546616952e+01 -2.683575800695932756e+01 1.869694745025642248e+02
9.394878657327463145e+01 -2.756028808221267923e+01 1.878847984422861543e+02
9.388786283805026756e+01 -2.827729082709147335e+01 1.887973538707987302e+02
9.383202258170993559e+01 -2.898688405270352675e+01 1.897072121789961159e+02
9.378120179741831919e+01 -2.968918393865309469e+01 1.906144437855808746e+02
9.373533749958811256e+01 -3.038430503304088148e+01 1.915191181370637992e+02
9.369436772387987844e+01 -3.107236025246404409e+01 1.924213037077639967e+02
9.365823152720209066e+01 -3.175346088201617079e+01 1.933210679998088892e+02
9.362686914467433041e+01 -3.242771660151851876e+01 1.942184774410645218e+02
