2.540000000000000000e+02 7.000000000000000000e+00 0.000000000000000000e+00
2.529765403777917356e+02 7.437410242028168028e+00 5.160132827130848865e-01
2.519140728736832386e+02 7.882834260402528770e+00 1.059429619338025486e+00
2.508110205844088512e+02 8.336800679866353647e+00 1.631096027401419901e+00
2.496657485562413115e+02 8.799852506817131825e+00 2.231897135278801958e+00
2.484765624324849114e+02 9.272547541467526244e+00 2.862755960879729944e+00
2.472417053066629364e+02 9.755459346333953619e+00 3.524635711304924257e+00
2.459593551027224407e+02 1.024917805406136395e+01 4.218541279161200919e+00
2.446276232682515399e+02 1.075431075294457273e+01 4.945520011004871819e+00
2.432445515164815788e+02 1.127148247715519247e+01 5.706663586393461607e+00
2.418081079486871090e+02 1.180133738949647082e+01 6.503110248957849393e+00
2.403161854983913486e+02 1.234453924113362788e+01 7.336045720335667930e+00
2.387666003868197890e+02 1.290177182285231261e+01 8.206704114013403384e+00
2.371570861223389102e+02 1.347374077418323068e+01 9.116371414719550259e+00
2.354852911597129150e+02 1.406117428556320093e+01 1.006638684019399044e+01
2.337487766801860971e+02 1.466482374387562437e+01 1.105814415846189114e+01
2.319450147427106685e+02 1.528546427380947748e+01 1.209309278013617650e+01
2.300713805611783869e+02 1.592389703764874298e+01 1.317274227259190944e+01
2.281251506125244646e+02 1.658094979561278137e+01 1.429866346969990509e+01
2.261034997844653844e+02 1.725747773068433588e+01 1.547249017014782524e+01
2.240034996273056720e+02 1.795436395463769585e+01 1.669592017775890369e+01
2.218221090405670282e+02 1.867252225422696910e+01 1.797072077995146344e+01
2.195561716490058473e+02 1.941289786135259732e+01 1.929873029575974286e+01
2.172278159025750597e+02 2.015198858220169598e+01 2.068838210754210394e+01
2.148777258841998048e+02 2.084952389618475266e+01 2.215146576037192716e+01
2.125063568044091369e+02 2.150483076034092278e+01 2.368839085965223035e+01
2.101136819873717343e+02 2.211770562882162849e+01 2.529943678538554508e+01
2.076996752594808413e+02 2.268794527630293700e+01 2.698488201345903192e+01
2.052643109493569114e+02 2.321534679799190926e+01 2.874500411563402480e+01
2.028075638884381817e+02 2.369970761128923087e+01 3.058007975688816771e+01
2.003294094154211393e+02 2.414082546685285635e+01 3.249038467721258883e+01
1.978298233810986630e+02 2.453849845999285151e+01 3.447619367260042367e+01
1.953087821500209316e+02 2.489252503493865376e+01 3.653778058807620965e+01
1.927662626031434172e+02 2.520270399140920858e+01 3.867541830687733295e+01
1.902022421427427048e+02 2.546883449671426902e+01 4.088937873048504912e+01
1.876166986952230502e+02 2.569071609273408185e+01 4.317993276713597339e+01
1.850096107065830893e+02 2.586814868493414821e+01 4.554735035002093468e+01
1.823809571552865236e+02 2.600093257425496063e+01 4.799190038474768016e+01
1.797307175547593090e+02 2.608886846328137921e+01 5.051385073917010260e+01
1.770588719533893141e+02 2.613175745624258184e+01 5.311346824338834693e+01
1.743688486095954033e+02 2.613513092061470999e+01 5.578043415270476402e+01
1.716811484588071153e+02 2.613296667894132597e+01 5.845192577534716349e+01
1.689990519927662262e+02 2.613072772668473220e+01 6.111785821106493444e+01
1.663225549167640622e+02 2.612842516409043014e+01 6.377822202292814069e+01
1.636516463321286210e+02 2.612605911496984135e+01 6.643302804972532272e+01
1.609863153612374163e+02 2.612362970289520092e+01 6.908228710931120986e+01
1.583265511475157155e+02 2.612113705119967122e+01 7.172600999860850379e+01
1.556723428554362840e+02 2.611858128297728499e+01 7.436420749360786431e+01
1.530236796705197548e+02 2.611596252108297733e+01 7.699689034936794485e+01
1.503805507993343724e+02 2.611328088813257509e+01 7.962406930001529304e+01
1.477429454694960498e+02 2.611053650650279678e+01 8.224575505874446435e+01
1.451108529296695338e+02 2.610772949833121359e+01 8.486195831781765264e+01
1.424842624495352084e+02 2.610485998551673603e+01 8.747268974859483137e+01
1.398631633195944914e+02 2.610192808972164968e+01 9.007796000173122763e+01
1.372886966771124833e+02 2.607630044886418830e+01 9.265555310124855737e+01
1.348742141753166948e+02 2.596564739736145455e+01 9.514423488309827803e+01
1.326165105234938437e+02 2.577176409236450283e+01 9.754570935913044138e+01
1.305049933385913619e+02 2.550050648686261923e+01 9.986567217295124976e+01
1.285297743771539558e+02 2.515734070832935032e+01 1.021094408041351329e+02
1.266816499141584984e+02 2.474735392192292238e+01 1.042819651054790455e+02
1.249520309586839630e+02 2.427529296639907130e+01 1.063878647796266250e+02
1.233329062657176109e+02 2.374558483252394936e+01 1.084314492430225414e+02
1.218168194366908494e+02 2.316234934129080614e+01 1.104167299237336124e+02
1.203968058011276838e+02 2.252943408922189406e+01 1.123474541582168200e+02
1.190663762396809631e+02 2.185042340468903177e+01 1.142271138789222960e+02
1.178194874918956430e+02 2.112865478692702226e+01 1.160589615600774636e+02
1.166504944862719242e+02 2.036724529835023390e+01 1.178460358181223029e+02
1.155541401232272563e+02 1.956909722117384121e+01 1.195911668986300498e+02
1.145248543585000931e+02 1.873873120597279396e+01 1.212966768494275698e+02
1.135497989128405294e+02 1.790185795536652691e+01 1.229607694795205930e+02
1.126234988231040433e+02 1.706628207787658624e+01 1.245841894327238606e+02
1.117431356709778214e+02 1.623319730373943415e+01 1.261686619600117183e+02
1.109060867368920071e+02 1.540365761991286320e+01 1.277158213946238448e+02
1.101099045004979189e+02 1.457861287290110575e+01 1.292272107843518256e+02
1.093523130972883735e+02 1.375891102068024452e+01 1.307042836609223286e+02
1.086311844006117582e+02 1.294531399430441354e+01 1.321484156345717906e+02
1.079445290342473243e+02 1.213850360745793111e+01 1.335609087775318926e+02
1.072904949242757482e+02 1.133908241022214547e+01 1.349429923822845296e+02
1.066673498544890748e+02 1.054758516921517142e+01 1.362958314647893019e+02
1.060734715806441244e+02 9.764485336626583134e+00 1.376205316025788363e+02
1.055073473656225644e+02 8.990195258659211319e+00 1.389181392127840979e+02
1.049675623714865367e+02 8.225073736817515524e+00 1.401896472513972185e+02
1.044527890528251532e+02 7.469432921344804299e+00 1.414360004291686153e+02
1.039617867200382051e+02 6.723538512041954185e+00 1.426580954701772725e+02
1.034933951286668190e+02 5.987613866557667919e+00 1.438567842949908879e+02
1.030465237319481417e+02 5.261846921930149357e+00 1.450328793392586988e+02
1.026201505918425312e+02 4.546390832412162908e+00 1.461871541261228344e+02
1.022133197182582762e+02 3.841365611629147470e+00 1.473203446206553053e+02
1.018251313977992965e+02 3.146864289577630203e+00 1.484331540535893055e+02
1.014547402337816919e+02 2.462954116899647161e+00 1.495262539218625477e+02
1.011013542887455827e+02 1.789677029242796813e+00 1.506002844593436407e+02
1.007642277477382891e+02 1.127054253023561214e+00 1.516558583304749561e+02
1.004426580784562901e+02 4.750880551455626821e-01 1.526935620774347626e+02
1.001359854641186047e+02 -1.662379825505369557e-01 1.537139564487092969e+02
9.984358791850051773e+01 -7.969559528550896887e-01 1.547175788880724383e+02
9.956487896552965822e+01 -1.417112230897419778e+00 1.557049447367657535e+02
9.929930617044024643e+01 -2.026766624677515782e+00 1.566765480113161573e+02
9.904634749552987216e+01 -2.625990190152043269e+00 1.576328632924895317e+02
9.880551038247310203e+01 -3.214864716133636335e+00 1.585743462194874382e+02
9.857632971238869857e+01 -3.793481544279043494e+00 1.595014345700386116e+02
9.835836476341636114e+01 -4.361939783720303332e+00 1.604145498578422746e+02
9.815119889619084859e+01 -4.920346173302680981e+00 1.613140975224182228e+02
9.795443847869495357e+01 -5.468814490036552733e+00 1.622004675144014527e+02
9.776770941002988025e+01 -6.007463559014957433e+00 1.630740361470724906e+02
9.759065656871432282e+01 -6.536416961626423827e+00 1.639351664029037750e+02
9.742294412843945395e+01 -7.055803287722135053e+00 1.647842078030630830e+02
9.726425336390180121e+01 -7.565754910478018402e+00 1.656214975924426085e+02
9.711428028276009172e+01 -8.066406693687019569e+00 1.664473620341666731e+02
9.697273545859157196e+01 -8.557895921694750996e+00 1.672621165120569628e+02
9.683934443255010649e+01 -9.040362614910355532e+00 1.680660653618640481e+02
9.671384652555406092e+01 -9.513948877299602813e+00 1.688595025184371252e+02
9.659599218324031256e+01 -9.978797526842400956e+00 1.696427130092676236e+02
9.648554284515527968e+01 -1.043505203166863460e+01 1.704159730299778914e+02
9.638227080042764783e+01 -1.088285651444471291e+01 1.711795500671179866e+02
9.628596006453489053e+01 -1.132235625701232529e+01 1.719337024326095502e+02
9.619640405461558430e+01 -1.175369651431619644e+01 1.726786805783404191e+02
9.611340424437223362e+01 -1.217702190213205427e+01 1.734147278958753873e+02
9.603677016358304286e+01 -1.259247639687364284e+01 1.741420807167615123e+02
9.596631928055651883e+01 -1.300020334510759490e+01 1.748609684156756998e+02
9.590187782616867196e+01 -1.340034596672689204e+01 1.755716129881073471e+02
9.584327965009187267e+01 -1.379304673700120709e+01 1.762742296790071919e+02
9.579036442612442670e+01 -1.417844667522754776e+01 1.769690281054980119e+02
9.574297761862713685e+01 -1.455668533388010033e+01 1.776562122791664535e+02
9.570097048252321770e+01 -1.492790079861019414e+01 1.783359806060633446e+02
