2.540000000000000000e+02 7.000000000000000000e+00 0.000000000000000000e+00
2.529542431187727232e+02 7.631235346177938972e+00 7.689829957001299565e-01
2.518527084836143501e+02 8.271531244862815768e+00 1.568071957359012503e+00
2.506937867780959550e+02 8.921291501863469975e+00 2.397851191202441612e+00
2.494758304429865348e+02 9.580925113128188286e+00 3.258924238148844577e+00
2.481971528579271080e+02 1.025084647492086098e+01 4.151914155196793743e+00
2.468560283439623220e+02 1.093147536514923956e+01 5.077463537898131207e+00
2.454506902634109053e+02 1.162323742541075156e+01 6.036235181468539324e+00
2.439793291603631076e+02 1.232656463769876254e+01 7.028912721333371749e+00
2.424400926318258485e+02 1.304189535492320751e+01 8.056200680768853317e+00
2.408310840516094515e+02 1.376967458337822237e+01 9.118824968352223337e+00
2.391503632174407130e+02 1.451035381795642820e+01 1.021753265360531948e+01
2.373959422843744278e+02 1.526439203980987891e+01 1.135309342590618442e+01
2.355657848477390530e+02 1.603225593722509146e+01 1.252629992880808629e+01
2.336578059418954183e+02 1.681441990580061940e+01 1.373796776064931713e+01
2.316698712660559067e+02 1.761136619256185298e+01 1.498893581161251731e+01
2.295997948097713106e+02 1.842358544337799842e+01 1.628006716106823504e+01
2.274451096491761461e+02 1.925179177136724107e+01 1.761213054015822266e+01
2.252316355402599868e+02 2.007014131460746498e+01 1.900053988173170438e+01
2.229922635399765340e+02 2.084705551805815560e+01 2.046319631696098185e+01
2.207272537271792885e+02 2.158206435322096439e+01 2.200049285956482237e+01
2.184366023585993730e+02 2.227494959611545866e+01 2.361268032441741838e+01
2.161203069404906216e+02 2.292549413849951989e+01 2.530000693674518075e+01
2.137783662294727947e+02 2.353348199005948516e+01 2.706271832875364325e+01
2.114107802325312946e+02 2.409869827841012224e+01 2.890105753962743051e+01
2.090175502070174502e+02 2.462092924909463676e+01 3.081526501553031494e+01
2.065986786607681438e+02 2.509996226798941166e+01 3.280557860675776283e+01
2.041541693619106468e+02 2.553558585329262343e+01 3.487223352113690567e+01
2.016840273529170133e+02 2.592758970685946451e+01 3.701546227364897135e+01
1.991882589515355733e+02 2.627576471969321048e+01 3.923549467922933331e+01
1.966668717532797075e+02 2.657990297965432092e+01 4.153255784140293372e+01
1.941198746415124958e+02 2.683979780026086459e+01 4.390687610899275484e+01
1.915472777900403685e+02 2.705524372831101587e+01 4.635867106474048427e+01
1.889490926678226685e+02 2.722603655817932378e+01 4.888816150413636308e+01
1.863256257512569221e+02 2.735243763008869067e+01 5.149472618984667349e+01
1.836933735691073935e+02 2.746034467569620929e+01 5.413154416273278002e+01
1.810640136395490174e+02 2.756818809982305396e+01 5.676536109194973534e+01
1.784374873607392544e+02 2.767587972253527440e+01 5.939633898387976529e+01
1.758137920820761622e+02 2.778341968582819632e+01 6.202448049416348397e+01
1.731929251554333291e+02 2.789080813156451910e+01 6.464978827596112865e+01
1.705748839351546451e+02 2.799804520147459641e+01 6.727226497995802390e+01
1.679596657780540738e+02 2.810513103715645755e+01 6.989191325436469526e+01
1.653472680434157667e+02 2.821206578007581456e+01 7.250873574491664897e+01
1.627376880929942615e+02 2.831884957156603022e+01 7.512273509487459933e+01
1.601309232910140565e+02 2.842548255282814651e+01 7.773391394502434082e+01
1.575269710041697238e+02 2.853196486493093076e+01 8.034227493367710338e+01
1.549258286016209354e+02 2.863829664881098935e+01 8.294782069667409985e+01
1.523274934549853299e+02 2.874447804527335038e+01 8.555055386739412882e+01
1.497319629383376878e+02 2.885050919499127176e+01 8.815047707675391564e+01
1.471397641252405037e+02 2.895606375381172271e+01 9.074733131234084738e+01
1.446492466312719785e+02 2.900054860663103540e+01 9.329251407436855459e+01
1.423292054024202002e+02 2.894167782006117307e+01 9.575193924531878054e+01
1.401686145976249520e+02 2.878637682041188839e+01 9.813093607153933817e+01
1.381554826620032088e+02 2.854215632724185880e+01 1.004353197755533103e+02
1.362791258785121897e+02 2.821571148985742283e+01 1.026702681278424336e+02
1.345295707850478379e+02 2.781329118360061869e+01 1.048406157446316627e+02
1.328975871839293177e+02 2.734067799640040519e+01 1.069508374831014663e+02
1.313746035936954115e+02 2.680324127223356712e+01 1.090050893629991862e+02
1.299526834016027124e+02 2.620595207245198210e+01 1.110072201089172950e+02
1.286244708252999658e+02 2.555341707808585738e+01 1.129607973050322727e+02
1.273831369397376534e+02 2.484991245122258263e+01 1.148691335182691802e+02
1.262223650190477713e+02 2.409939303113514342e+01 1.167352933928929275e+02
1.251362914965165203e+02 2.330552937452319640e+01 1.185621222260946155e+02
1.241194803051867552e+02 2.247172385357293933e+01 1.203522583872396439e+02
1.231669436160916575e+02 2.160091879472537357e+01 1.221081902899825309e+02
1.222657479419216742e+02 2.073338789800356707e+01 1.238241485182728496e+02
1.214050163551790149e+02 1.990806049513482989e+01 1.254934904223514991e+02
1.205838297979440910e+02 1.912260452225168450e+01 1.271179025194317944e+02
1.198012595581063522e+02 1.837478916698729492e+01 1.286990340014205003e+02
1.190563586073128448e+02 1.766253257957030343e+01 1.302384852880957737e+02
1.183481629176571914e+02 1.698389762931818581e+01 1.317378088134270229e+02
1.176757034789898313e+02 1.633706965633291119e+01 1.331985092655179130e+02
1.170380087922992089e+02 1.572035059010404368e+01 1.346220441689062284e+02
1.164341053053867086e+02 1.513215622533105353e+01 1.360098247003224401e+02
1.158630256833769465e+02 1.457099906949700419e+01 1.373632166285600533e+02
1.153238107354236774e+02 1.403548322070411913e+01 1.386835410074624804e+02
1.148155090513704977e+02 1.352430316064619298e+01 1.399720749597912572e+02
1.143371824945502055e+02 1.303623063288378603e+01 1.412300530295676424e+02
1.138879079720315417e+02 1.257010943235799516e+01 1.424586680310271731e+02
1.134667765782715776e+02 1.212485535835923045e+01 1.436590717185729886e+02
1.130728967058418277e+02 1.169944714971386013e+01 1.448323762401985277e+02
1.127053958498541135e+02 1.129292041306174177e+01 1.459796553229631115e+02
1.123634198025027473e+02 1.090436781505569819e+01 1.471019448036262816e+02
1.120461336888491957e+02 1.053293447562584007e+01 1.482002437811219124e+02
1.117527236379836069e+02 1.017781087706737075e+01 1.492755163321671716e+02
1.114823964253856161e+02 9.838232331520348595e+00 1.503286920069198516e+02
1.112343791251148986e+02 9.513478193119947690e+00 1.513606664246376852e+02
1.110079202084807832e+02 9.202865034551511059e+00 1.523723033113723204e+02
1.108022895811403572e+02 8.905744861972619830e+00 1.533644352231046639e+02
1.106167779081000191e+02 8.621505404514238080e+00 1.543378639363853324e+02
1.104506968136364975e+02 8.349566674888619033e+00 1.552933617441178171e+02
1.103033789100253301e+02 8.089377040515389083e+00 1.562316730873282609e+02
1.101741774731925574e+02 7.840413001969609219e+00 1.571535148946703089e+02
1.100624660066994522e+02 7.602179128267618324e+00 1.580595769407124180e+02
1.099676380218971588e+02 7.374203922800745659e+00 1.589505237527930035e+02
1.098891067576032725e+02 7.156038324136675399e+00 1.598269954548422334e+02
1.098263047609463285e+02 6.947255774981448972e+00 1.606896080566010880e+02
1.097786836213559383e+02 6.747451508607587911e+00 1.615389539559222385e+02
1.097457132395922770e+02 6.556239214777155766e+00 1.623756038970066697e+02
1.097268816005447150e+02 6.373250505722844572e+00 1.632001073676647991e+02
1.097216943907940987e+02 6.198135051806147544e+00 1.640129928325961259e+02
1.097296746731797015e+02 6.030559595114817206e+00 1.648147683956340188e+02
1.097503619459975823e+02 5.870205508678291828e+00 1.656059235413372051e+02
1.097833119696032043e+02 5.716768543499259891e+00 1.663869293731142136e+02
1.098280964538816846e+02 5.569958948564280199e+00 1.671582388000113042e+02
1.098843027060175785e+02 5.429500660426025860e+00 1.679202871452426962e+02
1.099515325838797537e+02 5.295129377635796608e+00 1.686734937512827912e+02
1.100294023493135853e+02 5.166592381209293094e+00 1.694182621668206536e+02
1.101175424057460077e+02 5.043648586510821374e+00 1.701549803241628922e+02
1.102155970648448999e+02 4.926068152019198010e+00 1.708840208810680110e+02
1.103232234053932785e+02 4.813630805871503604e+00 1.716057427915023368e+02
1.104400910945282277e+02 4.706125641174483398e+00 1.723204915275188966e+02
1.105658821656257231e+02 4.603351076377141027e+00 1.730285992645964939e+02
1.107002909795252776e+02 4.505114894198336550e+00 1.737303848947018423e+02
1.108430231134211397e+02 4.411232831144177524e+00 1.744261554635860705e+02
1.109937949940468229e+02 4.321528202415686692e+00 1.751162066071745187e+02
1.111523337945260579e+02 4.235831859614677342e+00 1.758008226476945595e+02
1.113183773713063545e+02 4.153982315796262981e+00 1.764802765889447471e+02
1.114916736363755518e+02 4.075824983371505006e+00 1.771548309137209003e+02
1.116719797655573103e+02 4.001211427555534605e+00 1.778247384991729234e+02
1.118590621669698351e+02 3.929999344063041189e+00 1.784902426501433297e+02
1.120526963190616669e+02 3.862052539214057223e+00 1.791515772305401413e+02
1.122526667705074175e+02 3.797240920679289200e+00 1.798089666673154738e+02
1.124587660977008881e+02 3.735439548160750078e+00 1.804626271416127281e+02
