2.540000000000000000e+02 7.000000000000000000e+00 0.000000000000000000e+00
2.528396504461703103e+02 7.706250988710562133e+00 8.670032632518698268e-01
2.516141302297150162e+02 8.418428099301054957e+00 1.764915011569069492e+00
2.503218968611296589e+02 9.136813974082924616e+00 2.694091534220854900e+00
2.489613839286947439e+02 9.861690525450796940e+00 3.654899913010813073e+00
2.475310002670009624e+02 1.059333919811581026e+01 4.647718013915167035e+00
2.460291299569490775e+02 1.133204096910560743e+01 5.672934487082775590e+00
2.444541323257500380e+02 1.207807634776435535e+01 6.730948766835131991e+00
2.428043417852275923e+02 1.283172535747078413e+01 7.822171153523438392e+00
2.410780668227461945e+02 1.359326774161946894e+01 8.947022938507100065e+00
2.392735895236878605e+02 1.436298320326713096e+01 1.010593629187912512e+01
2.373891652462161233e+02 1.514115143075473213e+01 1.129935435180533787e+01
2.354230221439478612e+02 1.592805220706813607e+01 1.252773126914634361e+01
2.333733607150268767e+02 1.672396550989144615e+01 1.379153225347163669e+01
2.312389893728613117e+02 1.752861560679782826e+01 1.509163402223961015e+01
2.290554712586232426e+02 1.830984798508065481e+01 1.645172849532616866e+01
2.268429722900667684e+02 1.904971490487903552e+01 1.788486003577208194e+01
2.246015298151285720e+02 1.974799224230710593e+01 1.939123786697544816e+01
2.223311687272582731e+02 2.040447036002647607e+01 2.097105815341171464e+01
2.200319158600294145e+02 2.101894142777112151e+01 2.262451318545673118e+01
2.177038000268800317e+02 2.159119954513877460e+01 2.435179120944738429e+01
2.153468519627573414e+02 2.212104056258716867e+01 2.615307667584564655e+01
2.129611042884197047e+02 2.260826198048816238e+01 2.802855038200947391e+01
2.105465916128409845e+02 2.305266326894658135e+01 2.997838903069357386e+01
2.081033505341054877e+02 2.345404587057686285e+01 3.200276522621013697e+01
2.056314196394082785e+02 2.381221320050304868e+01 3.410184747442885111e+01
2.031308395050546096e+02 2.412697064635879940e+01 3.627580018277686946e+01
2.006016526964606044e+02 2.439812556828738010e+01 3.852478366023881762e+01
1.980439037681525747e+02 2.462548729894168176e+01 4.084895411735683268e+01
1.954576392637675326e+02 2.480886714348418209e+01 4.324846366623050642e+01
1.928429077121379009e+02 2.494807837878431300e+01 4.572346032533069149e+01
1.901997596216143904e+02 2.504293630352137257e+01 4.827408797234272697e+01
1.875376344473904169e+02 2.510704287467341089e+01 5.087641818790827131e+01
1.848763752619139211e+02 2.516941374301186585e+01 5.347970395957087675e+01
1.822172200670848952e+02 2.523186421167704907e+01 5.608077389085672593e+01
1.795600483824305229e+02 2.529422018751384726e+01 5.867993390386876484e+01
1.769048771967096627e+02 2.535650829150521446e+01 6.127713867248552049e+01
1.742517052464721132e+02 2.541872856651668044e+01 6.387238943157615978e+01
1.716005312690661526e+02 2.548088105538684900e+01 6.646568741522904133e+01
1.689513540026374585e+02 2.554296580092723090e+01 6.905703385675343497e+01
1.663041721861280564e+02 2.560498284592232920e+01 7.164642998868006885e+01
1.636589845592766608e+02 2.566693223312960725e+01 7.423387704276036914e+01
1.610157898626182202e+02 2.572881400527949936e+01 7.681937624996939462e+01
1.583745868374831218e+02 2.579062820507547826e+01 7.940292884050352029e+01
1.557353742259954288e+02 2.585237487519404098e+01 8.198453604378173054e+01
1.530981507710762344e+02 2.591405405828477271e+01 8.456419908844799238e+01
1.504629152164381196e+02 2.597566579697022249e+01 8.714191920236943645e+01
1.478292882603641374e+02 2.603751158989764392e+01 8.971787185157467093e+01
1.452856333293326543e+02 2.602913952617333848e+01 9.225132447175737127e+01
1.429127247476949663e+02 2.588654032387190540e+01 9.470477773027549517e+01
1.406977198323061771e+02 2.562050926926508154e+01 9.708377564381038383e+01
1.386280484972556337e+02 2.524157780637663606e+01 9.939376802852594039e+01
1.366921560536657978e+02 2.475942354882814911e+01 1.016397665763065845e+02
1.348794177309679299e+02 2.418294217154558723e+01 1.038263817276596654e+02
1.331800586945205112e+02 2.352031467976599188e+01 1.059578571736736023e+02
1.315850986541915688e+02 2.277905399573146283e+01 1.080380937502752943e+02
1.300862684740210966e+02 2.196607509384671175e+01 1.100706854103450496e+02
1.286759759296474783e+02 2.108772380011047076e+01 1.120589339950609258e+02
1.273472287719389726e+02 2.014984149904168120e+01 1.140058824220563878e+02
1.260936037949109192e+02 1.915779114880373157e+01 1.159143280287406839e+02
1.249091925383857813e+02 1.811650294751566292e+01 1.177868459947442972e+02
1.237885575514111309e+02 1.703051111749288893e+01 1.196258082087602759e+02
1.227267066017789290e+02 1.590397559593428234e+01 1.214333943940000324e+02
1.217161316855880244e+02 1.475345307676115247e+01 1.232084295452026197e+02
1.207309567546454474e+02 1.368320577683231853e+01 1.249265097759501515e+02
1.197684516824063792e+02 1.270675510539172848e+01 1.265841154700966626e+02
1.188311781761644141e+02 1.181407078462947347e+01 1.281836911185774852e+02
1.179211380711809340e+02 1.099631380267005198e+01 1.297276013336403935e+02
1.170398603773434161e+02 1.024567845887574613e+01 1.312181309014302997e+02
1.161884654698616828e+02 9.555274558721038147e+00 1.326574854218256689e+02
1.153677286895877359e+02 8.919010236581527806e+00 1.340477921490745814e+02
1.145781325610029882e+02 8.331494525959199038e+00 1.353911012370182902e+02
1.138199100755251010e+02 7.787955906570296349e+00 1.366893870859899209e+02
1.130930877654682831e+02 7.284160497656327671e+00 1.379445500224276770e+02
1.123975154254197406e+02 6.816354543619650208e+00 1.391584179419739087e+02
1.117328998119023140e+02 6.381198983858823226e+00 1.403327482710890024e+02
1.110988263081523968e+02 5.975726144036842769e+00 1.414692297930406255e+02
1.104947837923216554e+02 5.597290037432117060e+00 1.425694847375935694e+02
1.099201813120011622e+02 5.243531802391699692e+00 1.436350707442255441e+02
1.093743657211331879e+02 4.912343115672141991e+00 1.446674829519380694e+02
1.088566346470869917e+02 4.601838153146437627e+00 1.456681560529103763e+02
1.083662488892789355e+02 4.310326630833111849e+00 1.466384663236639483e+02
1.079024422332148134e+02 4.036291432578036797e+00 1.475797337015417838e+02
1.074644302810546890e+02 3.778368270897600745e+00 1.484932237478307968e+02
1.070514175238871672e+02 3.535328405045958355e+00 1.493801496703281089e+02
1.066626038193423227e+02 3.306062664418867758e+00 1.502416742428954990e+02
1.062971891188041269e+02 3.089568724042520032e+00 1.510789116895602433e+02
1.059543784150460368e+02 2.884937883537725067e+00 1.518929296125495512e+02
1.056333845459019898e+02 2.691346331517718848e+00 1.526847506490861122e+02
1.053334320874160568e+02 2.508043688207760802e+00 1.534553544667564893e+02
1.050537587396371890e+02 2.334347468014998483e+00 1.542056791357554744e+02
1.047936183043250225e+02 2.169633134893664383e+00 1.549366231910383362e+02
1.045522812714235386e+02 2.013330524404635113e+00 1.556490467731326817e+02
1.043290367884657428e+02 1.864915838941437976e+00 1.563437736396870434e+02
1.041231930201306284e+02 1.723908625302185138e+00 1.570215922409260827e+02
1.039340780588785833e+02 1.589866277611407641e+00 1.576832574644890030e+02
1.037610403382884812e+02 1.462380498035951160e+00 1.583294919011386810e+02
1.036034487099169894e+02 1.341074422893475226e+00 1.589609870853958853e+02
1.034606928003121311e+02 1.225598460130090661e+00 1.595784050903430682e+02
1.033321827237376169e+02 1.115629062592445431e+00 1.601823793205153947e+02
1.032173491068504916e+02 1.010865004533600287e+00 1.607735161809224564e+02
1.031156428064346073e+02 9.110261855201380321e-01 1.613523958519174926e+02
1.030265345760220583e+02 8.158514671776420091e-01 1.619195735449129927e+02
1.029495147488731135e+02 7.250966692906940514e-01 1.624755806723366902e+02
1.028840928272502566e+02 6.385338346559541467e-01 1.630209255190549698e+02
1.028297969672736087e+02 5.559490314503628960e-01 1.635560946632137700e+02
1.027861736043544312e+02 4.771418022351726629e-01 1.640815535343711531e+02
1.027527868770140742e+02 4.019238460575157434e-01 1.645977474854189779e+02
1.027292181074211328e+02 3.301178947133564523e-01 1.651051027297634448e+02
1.027150653862476872e+02 2.615572853047873347e-01 1.656040268767786472e+02
1.027099428654700688e+02 1.960846761904130875e-01 1.660949100961597935e+02
1.027134803957315086e+02 1.335517080184394356e-01 1.665781255700457848e+02
1.027253229100782193e+02 7.381823756615171761e-02 1.670540303475972337e+02
1.027451298738779144e+02 1.675166659420171747e-02 1.675229661020297272e+02
1.027725748587774888e+02 -3.777339128432322113e-02 1.679852596322422471e+02
1.028073449352156814e+02 -8.987575207091549889e-02 1.684412236536115302e+02
1.028491402466262628e+02 -1.396679953197851876e-01 1.688911572997852488e+02
1.028976734459057099e+02 -1.872569436838521506e-01 1.693353468038523033e+02
1.029526693086655627e+02 -2.327439356248600100e-01 1.697740659402342374e+02
1.030138641360219225e+02 -2.762252804218576774e-01 1.702075767224297067e+02
1.030810054700668275e+02 -3.177924223635154588e-01 1.706361297115770128e+02
1.031538514907381199e+02 -3.575323512352808208e-01 1.710599646988717382e+02
1.032321706407030319e+02 -3.955278313281528346e-01 1.714793111180630092e+02
1.033157413561454945e+02 -4.318575335214309696e-01 1.718943883268520949e+02
