2.540000000000000000e+02 7.000000000000000000e+00 0.000000000000000000e+00
2.519430323019372793e+02 8.420687313658781648e+00 7.943781397786591203e-01
2.498727763458825848e+02 9.800569150222758097e+00 1.628236771414165007e+00
2.477893902134754285e+02 1.113990524033379437e+01 2.501050717349855734e+00
2.456930337242764040e+02 1.243895612444328869e+01 3.412294990463677902e+00
2.435838683983288604e+02 1.369798315095741081e+01 4.361444829990315242e+00
2.414620574561588455e+02 1.491724847623711625e+01 5.347975701521196612e+00
2.393276254131520204e+02 1.609709008238780825e+01 6.371314184582309359e+00
2.371852293647999375e+02 1.723536334654710700e+01 7.432511780266017887e+00
2.350409760525985234e+02 1.832920570541180183e+01 8.533098321356341387e+00
2.328957074580351048e+02 1.937862396212992522e+01 9.672734131264503432e+00
2.307496936913284173e+02 2.038393495724618276e+01 1.085087915083823518e+01
2.286032068031152846e+02 2.134545580284411770e+01 1.206699511574358930e+01
2.264565162409387824e+02 2.226350600673502100e+01 1.332054426108112999e+01
2.243098888009659788e+02 2.313840716711861134e+01 1.461098963023937536e+01
2.221635886279882186e+02 2.397048297258302441e+01 1.593779507489481340e+01
2.200178772154209241e+02 2.476005920210480937e+01 1.730042525501188777e+01
2.178730134053036807e+02 2.550746372504893955e+01 1.869834563884299428e+01
2.157292533847048617e+02 2.621302644452271835e+01 2.013102255497184956e+01
2.135868506887669582e+02 2.687707910248570897e+01 2.159792335625338922e+01
2.114460562406771373e+02 2.749995581198736616e+01 2.309851592476727333e+01
2.093071182810039943e+02 2.808199239750978293e+01 2.463226930608707477e+01
2.071702823579748269e+02 2.862352628081740846e+01 2.619865381658264525e+01
2.050357913274757777e+02 2.912489648095708361e+01 2.779714104342015091e+01
2.029038853530517486e+02 2.958644361425801250e+01 2.942720384456204741e+01
2.007748019059062585e+02 3.000850989433177674e+01 3.108831634876709771e+01
1.986487757649017283e+02 3.039143913207234959e+01 3.277995395559035785e+01
1.965260390201102325e+02 3.073557649558775040e+01 3.450159353752769675e+01
1.944068211060896658e+02 3.104126877437953880e+01 3.625271318111999364e+01
1.922913487725573418e+02 3.130886447600218858e+01 3.803279213291314420e+01
1.901798460609369670e+02 3.153871319737256584e+01 3.984131136092867109e+01
1.880725343042676627e+02 3.173116561928788926e+01 4.167775355944925053e+01
1.859696321272040791e+02 3.188657350642575850e+01 4.354160314901871232e+01
1.838713554460162811e+02 3.200528970734410450e+01 4.543234627644200430e+01
1.817779174685897772e+02 3.208766815448122145e+01 4.734947081478519948e+01
1.796895286944256043e+02 3.213406386415577742e+01 4.929246636337552445e+01
1.776063969235443096e+02 3.214483282312282597e+01 5.126082433624085866e+01
1.755287273013273364e+02 3.212033183863569263e+01 5.325403804658496654e+01
1.734567222652852934e+02 3.206091918867948465e+01 5.527160220202183183e+01
1.713905815545343216e+02 3.196695381148180104e+01 5.731301358948984870e+01
1.693305022135994307e+02 3.183879521955653047e+01 5.937777114514761223e+01
1.672766785924139015e+02 3.167680349970385834e+01 6.146537595437391843e+01
1.652293023463198836e+02 3.148133931301024546e+01 6.357533125176775712e+01
1.631885624360677696e+02 3.125276389484844231e+01 6.570714242114831904e+01
1.611546451278168490e+02 3.099143905487749606e+01 6.786031699555496743e+01
1.591277339931346546e+02 3.069772717704272580e+01 7.003436465724733750e+01
1.571080099355835955e+02 3.037199124121874050e+01 7.222879719310959956e+01
1.550956512341309121e+02 3.001459467284363214e+01 7.444312858089159590e+01
1.530949528946533178e+02 2.963942807994992279e+01 7.666125145492726745e+01
1.511120259162481716e+02 2.926675348544904409e+01 7.885982124510654501e+01
1.491468273231796218e+02 2.889691938507653290e+01 8.103858158000903700e+01
1.471992125121972776e+02 2.852993705006939607e+01 8.319766453872449574e+01
1.452690272805590723e+02 2.816578147158496392e+01 8.533724268397863000e+01
1.433561188415377217e+02 2.780442787043211794e+01 8.745748699388595071e+01
1.414603356789039879e+02 2.744585167347108978e+01 8.955856702479260889e+01
1.395815275469264805e+02 2.709002851361344355e+01 9.164065091127640983e+01
1.377195454703716564e+02 2.673693422982209000e+01 9.370390536614681309e+01
1.358742417445039337e+02 2.638654486711127589e+01 9.574849568044486148e+01
1.340454699350856345e+02 2.603883667654659817e+01 9.777458572344326626e+01
1.322330848783769568e+02 2.569378611524499689e+01 9.978233794264637879e+01
1.304369426811359745e+02 2.535136984637474100e+01 1.017719133637901621e+02
1.286569007206186370e+02 2.501156473915546385e+01 1.037434715908422476e+02
1.268928176445789546e+02 2.467434786885812770e+01 1.056971708060018358e+02
1.251445533712686426e+02 2.433969651680502722e+01 1.076331677696998668e+02
1.234119691230938116e+02 2.400758817582824278e+01 1.095516177829360345e+02
1.216949273505182987e+02 2.367800053792824144e+01 1.114526747724325304e+02
1.199932916424971694e+02 2.335091147974773307e+01 1.133364913908692841e+02
1.183069267787924446e+02 2.302629907105639262e+01 1.152032189583363788e+02
1.166489332562845647e+02 2.270021487003297267e+01 1.170448090231154339e+02
1.150978753629784990e+02 2.234915549462123607e+01 1.188128034617536599e+02
1.136622556277175846e+02 2.197021145535954645e+01 1.205023562688245278e+02
1.123358408664699226e+02 2.156485032200703245e+01 1.221177444343021961e+02
1.111127377180944507e+02 2.113445960767982257e+01 1.236630118250859169e+02
1.099873619209744646e+02 2.068035400580423300e+01 1.251419902626912943e+02
1.089544355635981958e+02 2.020377603783262188e+01 1.265583014093912766e+02
1.080089793162145497e+02 1.970589788333309045e+01 1.279153620974082628e+02
1.071462745061625839e+02 1.918783031439626541e+01 1.292164103457671160e+02
1.063618539616936545e+02 1.865062485267491255e+01 1.304645116415609891e+02
1.056515011716066539e+02 1.809527396735908411e+01 1.316625595164539391e+02
1.050112323433663590e+02 1.752271530197763738e+01 1.328132878550622991e+02
1.044372706074640860e+02 1.693383775141145975e+01 1.339192885911232338e+02
1.039260432974532904e+02 1.632948210267050726e+01 1.349830135734278826e+02
1.034741813137382564e+02 1.571044118477368912e+01 1.360067750022744519e+02
1.030784964002023258e+02 1.507746522198791972e+01 1.369927610180156989e+02
1.027359666650945371e+02 1.443126524486019235e+01 1.379430456339352986e+02
1.024437351381251915e+02 1.377251343014053120e+01 1.388595897260998129e+02
1.021991088382211785e+02 1.310184332040287991e+01 1.397442416728930539e+02
1.019995366150965310e+02 1.241985504419245778e+01 1.405987525560084066e+02
1.018425992759283361e+02 1.172711777080864692e+01 1.414247846876608037e+02
1.017259968668168568e+02 1.102417372458361911e+01 1.422239349229962784e+02
1.016477492166711301e+02 1.031147585338192840e+01 1.429973888041729140e+02
1.016048459808210822e+02 9.589800643853598316e+00 1.437481317115967840e+02
1.015945530820474545e+02 8.859851106105798735e+00 1.444788879943322684e+02
1.016151616636112749e+02 8.122025625715602715e+00 1.451908542032782350e+02
1.016650751776220716e+02 7.376694484385536654e+00 1.458851272410774413e+02
1.017427841915600197e+02 6.624207471835962480e+00 1.465627445865058291e+02
1.018468653271885103e+02 5.864894135253742924e+00 1.472246850185908045e+02
1.019759682870865021e+02 5.099066829310997306e+00 1.478718774699045184e+02
1.021288140856065070e+02 4.327021132060008490e+00 1.485052022337863491e+02
1.023041947695310938e+02 3.549035910581570974e+00 1.491254911550143731e+02
1.025009718300708954e+02 2.765373694310857555e+00 1.497335287134952466e+02
1.027180653661263250e+02 1.976283222698873354e+00 1.503300594194543862e+02
1.029544521536703741e+02 1.181999899085782069e+00 1.509157891309331205e+02
1.032091657943817324e+02 3.827457557388198039e-01 1.514913849523919396e+02
1.034812946591499951e+02 -4.212700626945557469e-01 1.520574766381319876e+02
1.037699747381010269e+02 -1.229849618278820111e+00 1.526146614715943315e+02
1.040743881374255011e+02 -2.042805826416422388e+00 1.531635052911757953e+02
1.043937628386643723e+02 -2.859962399276293699e+00 1.537045426545314513e+02
1.047273691122754542e+02 -3.681153002664619756e+00 1.542382792860611005e+02
1.050745154773924668e+02 -4.506220306214255622e+00 1.547651948340964054e+02
1.054345478534959142e+02 -5.335015783965014968e+00 1.552857434498452562e+02
1.058068501455791477e+02 -6.167399851941445021e+00 1.558003533880810210e+02
1.061908387812589751e+02 -7.003240583911017225e+00 1.563094307352131693e+02
1.065859605805217285e+02 -7.842413210596375528e+00 1.568133608630541289e+02
1.069916922419216547e+02 -8.684799998901315377e+00 1.573125087794786054e+02
1.074075413295622212e+02 -9.530290483959346304e+00 1.578072184549130270e+02
1.078330427799321001e+02 -1.037878064795147282e+01 1.582978152062111121e+02
1.082677549282826703e+02 -1.123017198599655408e+01 1.587846084084449103e+02
1.087112594605183347e+02 -1.208437149484184481e+01 1.592678915277378167e+02
1.091631608548937891e+02 -1.294129154164676798e+01 1.597479425023258841e+02
1.096230880786581423e+02 -1.380085026284963057e+01 1.602250225847288050e+02
1.100906906259002227e+02 -1.466297063275288615e+01 1.606993790457122770e+02
1.105656353215602792e+02 -1.552757971225044997e+01 1.611712473554434837e+02
1.110476063149434793e+02 -1.639460864730309808e+01 1.616408511879176046e+02
