2.540000000000000000e+02 7.000000000000000000e+00 0.000000000000000000e+00
2.534560456051313508e+02 7.324207983920347331e+00 2.454144507528857599e-01
2.528853944222844063e+02 7.653017490004197398e+00 5.085038558708634415e-01
2.522869045723427632e+02 7.986800836274229987e+00 7.897264727609285551e-01
2.516593938093013776e+02 8.325939134462942093e+00 1.089563848748039465e+00
2.510016384262685278e+02 8.670822611816841885e+00 1.408521316539694812e+00
2.503123713159433521e+02 9.021851182631264621e+00 1.747128870961403013e+00
2.495902798289651230e+02 9.379435084094589925e+00 2.105942129351001668e+00
2.488340048290685900e+02 9.743995141839267404e+00 2.485542779596749074e+00
2.480421386621345903e+02 1.011596335820762427e+01 2.886539514801381490e+00
2.472132221795104954e+02 1.049578378199807283e+01 3.309569390914639531e+00
2.463457436561531040e+02 1.088391281253137066e+01 3.755298339727985102e+00
2.454381376623194626e+02 1.128081951013584394e+01 4.224421714682248918e+00
2.444887809838972714e+02 1.168698676924968893e+01 4.717666182324617097e+00
2.434959908210892081e+02 1.210291183298407347e+01 5.235790562981973650e+00
2.424580232698780833e+02 1.252910670841759355e+01 5.779586569522815687e+00
2.413730719226725512e+02 1.296609855411469781e+01 6.349879480299735590e+00
2.402392624899367206e+02 1.341443120068921679e+01 6.947530674955936014e+00
2.390546515241792065e+02 1.387466550865691062e+01 7.573438240753842976e+00
2.378172243987774834e+02 1.434737991641254240e+01 8.228537963639364960e+00
2.365248938924156050e+02 1.483317082822735244e+01 8.913804015500195632e+00
2.351754936157289251e+02 1.533265444698388791e+01 9.630252095120118483e+00
2.337667765215866211e+02 1.584646718694170353e+01 1.037894014421713074e+01
2.322964126077434059e+02 1.637526629422756486e+01 1.116096947776749460e+01
2.307619876674139050e+02 1.691973018049763766e+01 1.197748540490600355e+01
2.291609958440286334e+02 1.748056047745671648e+01 1.282968082113912089e+01
2.274908366631986780e+02 1.805848285103571627e+01 1.371879764826532799e+01
2.257488142890232723e+02 1.865424719766966533e+01 1.464612720773525822e+01
2.239321323155939183e+02 1.926862904900910678e+01 1.561301278662775260e+01
2.220441920442095238e+02 1.989694532640223912e+01 1.662392761802560415e+01
2.201206830473165610e+02 2.050675594623326958e+01 1.769854179711992970e+01
2.181679643523057734e+02 2.109179688678834808e+01 1.884115623428661834e+01
2.161856160285707347e+02 2.165174731945661080e+01 2.005269338487540765e+01
2.141732219124643279e+02 2.218627434397421538e+01 2.133409199061981099e+01
2.121303598005698348e+02 2.269504021846041653e+01 2.268630443257713836e+01
2.100566013924733397e+02 2.317770231354579735e+01 2.411029686035866959e+01
2.079515122907633611e+02 2.363391311237223391e+01 2.560704919212962238e+01
2.058146520010309928e+02 2.406332021059289161e+01 2.717755511460917006e+01
2.036455738747868622e+02 2.446556627061639944e+01 2.882282221197344185e+01
2.014438248147190507e+02 2.484028878535287177e+01 3.054387263143073739e+01
1.992089458131956690e+02 2.518712050985701367e+01 3.234174186719587851e+01
1.969404712338106265e+02 2.550568888544217216e+01 3.421748038287611848e+01
1.946379286684974659e+02 2.579561592514787804e+01 3.617215393413167845e+01
1.923008389375292779e+02 2.605651821373979615e+01 3.820684356867575815e+01
1.899287160895189288e+02 2.628800690770977155e+01 4.032264562627452875e+01
1.875210674014188612e+02 2.648968773527579756e+01 4.252067173874719686e+01
1.850773933445157411e+02 2.666116096912613287e+01 4.480204890675094020e+01
1.825980787148721447e+02 2.680280497677462392e+01 4.716580312417435294e+01
1.801064625374614252e+02 2.693517182271104815e+01 4.955645977718245376e+01
1.776132369611650290e+02 2.706766793226530865e+01 5.194861810949083036e+01
1.751183732386115821e+02 2.720026923592237011e+01 5.434234458001164825e+01
1.726218700950428229e+02 2.733297581554129607e+01 5.673764040902486272e+01
1.701237262547070088e+02 2.746578775304489994e+01 5.913450681776161133e+01
1.676239404408584335e+02 2.759870513041983742e+01 6.153294502840435598e+01
1.651225113757577105e+02 2.773172802971656026e+01 6.393295626408686161e+01
1.626194377806716602e+02 2.786485653304934473e+01 6.633454174889418198e+01
1.601147183758731387e+02 2.799809072259622766e+01 6.873770270786270942e+01
1.576083518806388781e+02 2.813143068059937235e+01 7.114244036698281093e+01
1.551003370132487760e+02 2.826487648936481989e+01 7.354875595319879267e+01
1.525906724909849288e+02 2.839842823126273075e+01 7.595665069440988759e+01
1.500793570301318596e+02 2.853208598872731727e+01 7.836612581947068179e+01
1.475663893459749261e+02 2.866584984425697513e+01 8.077718255819208082e+01
1.450517681527994114e+02 2.879971988041419095e+01 8.318982214134247499e+01
1.425365517423989843e+02 2.893282379862410281e+01 8.560363202879347000e+01
1.401148361482233611e+02 2.898783014035727490e+01 8.798176225712037990e+01
1.378521445615234313e+02 2.891137305173924688e+01 9.029819165132462899e+01
1.357454237963329717e+02 2.870661430764481281e+01 9.255362869914310409e+01
1.337805960729517096e+02 2.838576549768314550e+01 9.475310725316681726e+01
1.319452742469829616e+02 2.795958229288415353e+01 9.690104872318713092e+01
1.302291498838763744e+02 2.743705895375301296e+01 9.900110006265057905e+01
1.286224808683798528e+02 2.682668045672109614e+01 1.010567191907689875e+02
1.271163371783889318e+02 2.613622209306741340e+01 1.030710775593040296e+02
1.257025170990805663e+02 2.537282270040792298e+01 1.050470896997346983e+02
1.243735097341513267e+02 2.454301742895264482e+01 1.069874264437779203e+02
1.231224131062454319e+02 2.365280932423676674e+01 1.088945438054133774e+02
1.219429050961336856e+02 2.270769472707099013e+01 1.107706932292977200e+02
1.208291824807525643e+02 2.171271655605332640e+01 1.126179430891833846e+02
1.197759192549280556e+02 2.067250073554445677e+01 1.144381933859155964e+02
1.187782376741845383e+02 1.959128150497760146e+01 1.162331859593536336e+02
1.178316542591466458e+02 1.847294861248123965e+01 1.180045235301425919e+02
1.169320611243269070e+02 1.732106363391358173e+01 1.197536762842834293e+02
1.160712161224120962e+02 1.616151608266778084e+01 1.214750224358818542e+02
1.152229665220159092e+02 1.512182466848844165e+01 1.231300604750190786e+02
1.143878058122176213e+02 1.420911015170906566e+01 1.247153785307395850e+02
1.135707624016161077e+02 1.340564962276997285e+01 1.262354955878179084e+02
1.127757265797185227e+02 1.269660922625934596e+01 1.276944474388515118e+02
1.120057079013797932e+02 1.206927218188392992e+01 1.290959483371347574e+02
1.112629750627647240e+02 1.151274665965750188e+01 1.304434212052776729e+02
1.105491805717859251e+02 1.101769635654746082e+01 1.317400286970890022e+02
1.098654668571069379e+02 1.057610950446240139e+01 1.329887004365548933e+02
1.092125518004680629e+02 1.018111108393059361e+01 1.341921557319245153e+02
1.085908047541853279e+02 9.826794733992405995e+00 1.353529243321202387e+02
1.080003110574963472e+02 9.508078524124265130e+00 1.364733647910277341e+02
1.074409220179777265e+02 9.220591801160884060e+00 1.375556793706920473e+02
1.069123028462093714e+02 8.960565781735589042e+00 1.386019287576617387e+02
1.064139686434627521e+02 8.724749708023125550e+00 1.396140439243719982e+02
1.059453159004096534e+02 8.510336689088456197e+00 1.405938368794532494e+02
1.055056506829875076e+02 8.314896017932321470e+00 1.415430109185930405e+02
1.050942080706378903e+02 8.136325219629126693e+00 1.424631683017331341e+02
1.047101738464738929e+02 7.972796037503901978e+00 1.433558190612681642e+02
1.043526964458368411e+02 7.822722949882978227e+00 1.442223866783496078e+02
1.040209030327507804e+02 7.684721178704772448e+00 1.450642155445189587e+02
1.037139067014726379e+02 7.557585881171330122e+00 1.458825752568382370e+02
1.034308181811834260e+02 7.440259590021464753e+00 1.466786669979617841e+02
1.031707499084438808e+02 7.331818727070139374e+00 1.474536267848089324e+02
1.029328243024886262e+02 7.231448502357545216e+00 1.482085309714738059e+02
1.027161761350567133e+02 7.138433601687141028e+00 1.489443988379275083e+02
1.025199575951502169e+02 7.052140494753647459e+00 1.496621970685676786e+02
1.023433404620012936e+02 6.972008292370772686e+00 1.503628424138116486e+02
1.021855179005920320e+02 6.897539780003365983e+00 1.510472045624982229e+02
1.020457071483169500e+02 6.828289679694210967e+00 1.517161096395735740e+02
1.019231491428186160e+02 6.763862702487624112e+00 1.523703414254294159e+02
1.018171104930006408e+02 6.703902549580264214e+00 1.530106450602164614e+02
1.017268833918542441e+02 6.648089090745311402e+00 1.536377284572522512e+02
1.016517854787890940e+02 6.596134968570046553e+00 1.542522640296358531e+02
1.015911604633272844e+02 6.547778135792708731e+00 1.548548917611227296e+02
1.015443773976959108e+02 6.502781928547519463e+00 1.554462197394767884e+02
1.015108303690659852e+02 6.460931410094197247e+00 1.560268261401784002e+02
1.014899382465401203e+02 6.422028757928982756e+00 1.565972616234649024e+02
1.014811439814572367e+02 6.385893819983739839e+00 1.571580496157702385e+02
1.014839140058555103e+02 6.352361747289663185e+00 1.577096879083858880e+02
1.014977374670080223e+02 6.321279464673015269e+00 1.582526509382084043e+02
1.015221256685079254e+02 6.292505940899394190e+00 1.587873900955809745e+02
1.015566115360581279e+02 6.265911785716720139e+00 1.593143343337650037e+02
