2.540000000000000000e+02 7.000000000000000000e+00 0.000000000000000000e+00
2.523874106963583870e+02 7.931879310086906720e+00 1.177234237139349382e+00
2.506814677812064076e+02 8.870676670713910639e+00 2.397773954785712647e+00
2.488800194314991074e+02 9.816684458695613458e+00 3.662019952111448262e+00
2.469808897038990381e+02 1.077019146411675266e+01 4.970382512465527647e+00
2.449818783769227934e+02 1.173148294969088745e+01 6.323281321192164128e+00
2.428807609217132324e+02 1.270084064532519541e+01 7.721145449315618414e+00
2.406752881634753578e+02 1.367854285448218832e+01 9.164413174388968741e+00
2.383631859944843825e+02 1.466486455879830864e+01 1.065353182885754357e+01
2.359471247620269310e+02 1.565624301237232885e+01 1.219241201785673567e+01
2.334765307066398918e+02 1.661331365968592166e+01 1.381711224505005831e+01
2.309641365652599916e+02 1.752558044295926365e+01 1.553747613979725450e+01
2.284096877673779034e+02 1.839262248387825593e+01 1.735425074171624615e+01
2.258129293110267781e+02 1.921401716900974321e+01 1.926818549165731653e+01
2.231736057662207600e+02 1.998934015145126253e+01 2.128003222609849132e+01
2.204914612843128054e+02 2.071816535450090768e+01 2.339054516279112406e+01
2.177662396064453105e+02 2.140006497503618021e+01 2.560048088772826347e+01
2.149976840661695974e+02 2.203460948481684056e+01 2.791059835082864993e+01
2.121855376008606413e+02 2.262136763532523176e+01 3.032165884801888822e+01
2.093295427599857135e+02 2.315990646121227670e+01 3.283442600833025438e+01
2.064294417082369932e+02 2.364979128200385361e+01 3.544966578856845985e+01
2.034849762355788130e+02 2.409058570662944376e+01 3.816814645724561927e+01
2.004964015941913829e+02 2.448253704457353663e+01 4.098931304468543857e+01
1.974868016231399679e+02 2.485638228887022905e+01 4.385367674935091742e+01
1.944702947915189384e+02 2.523096975128624919e+01 4.672479872463549100e+01
1.914469878842906496e+02 2.560646546754028918e+01 4.960237728525489587e+01
1.884168647841428026e+02 2.598287159034530447e+01 5.248642773439237175e+01
1.853799093363601003e+02 2.636019027740996634e+01 5.537696541074465983e+01
1.823361053474243647e+02 2.673842369162568389e+01 5.827400568985144957e+01
1.792854365850143097e+02 2.711757400106659688e+01 6.117756398409535734e+01
1.762278867780057965e+02 2.749764337898956157e+01 6.408765574270192644e+01
1.731634396164716634e+02 2.787863400383417556e+01 6.700429645173964843e+01
1.700920787516817256e+02 2.826054805922276003e+01 6.992750163411989206e+01
1.670137877961029744e+02 2.864338773396036686e+01 7.285728684959704538e+01
1.639285503233992358e+02 2.902715522203477505e+01 7.579366769476831678e+01
1.608363498684315687e+02 2.941185272261649430e+01 7.873665980307391976e+01
1.577371699272578383e+02 2.979748244005875790e+01 8.168627884479697343e+01
1.546309939571313805e+02 3.018404658389796325e+01 8.464254052706642995e+01
1.515178053761903243e+02 3.057154736889436109e+01 8.760546059414713227e+01
1.484025274622502195e+02 3.095565542455517871e+01 9.057343938678496897e+01
1.454391866358512573e+02 3.120157952061434870e+01 9.349588283042044168e+01
1.426928836322342420e+02 3.125326485463817505e+01 9.635063975885310583e+01
1.401444472065361140e+02 3.112859485300653262e+01 9.914308098247003898e+01
1.377765853665084137e+02 3.084370868918652775e+01 1.018780435027924369e+02
1.355735428918909520e+02 3.041330870355489679e+01 1.045599365534631886e+02
1.335209401866925703e+02 2.985081108150127349e+01 1.071927864480399677e+02
1.316056754868256178e+02 2.916843729226554416e+01 1.097802637958805576e+02
1.298157908445483315e+02 2.837733939756409640e+01 1.123257207990435944e+02
1.281403896885421716e+02 2.748767713538440915e+01 1.148322141955839868e+02
1.265695295925678749e+02 2.650871818448639061e+01 1.173025351023895126e+02
1.250941457552960543e+02 2.544890971301450477e+01 1.197392303110209468e+02
1.237059735222457419e+02 2.431595082272301767e+01 1.221446238501712855e+02
1.223974700082439711e+02 2.311686583424439334e+01 1.245208387984504270e+02
1.211617658092810927e+02 2.185804943783259091e+01 1.268698107232297048e+02
1.199925865699815688e+02 2.054534002999520226e+01 1.291933095087729555e+02
1.188831228314428898e+02 1.918873989995057627e+01 1.314912731749048191e+02
1.177972254649594532e+02 1.793270069565709335e+01 1.337140094387877980e+02
1.167230456266494514e+02 1.683656378586919544e+01 1.358389645213489700e+02
1.156682178386237325e+02 1.587641217178374298e+01 1.378733382982200624e+02
1.146385929716207528e+02 1.503255253802961278e+01 1.398234206150112300e+02
1.136387004192233832e+02 1.428823972874807247e+01 1.416949224932539835e+02
1.126719492766932120e+02 1.362932435351165061e+01 1.434930114653014641e+02
1.117408271967592412e+02 1.304383898845718903e+01 1.452223816799099723e+02
1.108470666442250376e+02 1.252165015086954725e+01 1.468873136747247088e+02
1.099917802662960611e+02 1.205417299373292472e+01 1.484917241294169798e+02
1.091755762465012509e+02 1.163412653966630295e+01 1.500392091869720446e+02
1.083986565523367176e+02 1.125532341175533446e+01 1.515330823616658336e+02
1.076608936529216010e+02 1.091250379094402589e+01 1.529764051797349111e+02
1.069618979597107966e+02 1.060118818964620679e+01 1.543720148236235161e+02
1.063010746407599640e+02 1.031755165943098440e+01 1.557225484109223146e+02
1.056776655866013641e+02 1.005832924947316087e+01 1.570304618405027952e+02
1.050907912295048874e+02 9.820720916099354270e+00 1.582980490665000275e+02
1.045394783928862807e+02 9.602326107530227972e+00 1.595274561073860582e+02
1.040226879994848588e+02 9.401078256552871437e+00 1.607206952219766549e+02
1.035393352386193868e+02 9.215195063242315854e+00 1.618796563718140646e+02
1.030883067091256180e+02 9.043135571703574627e+00 1.630061173361743556e+02
1.026684749120357054e+02 8.883562169316315149e+00 1.641017532254010121e+02
1.022787089046456970e+02 8.735311726536647114e+00 1.651681439936311619e+02
1.019178838011805652e+02 8.597368288366910249e+00 1.662067820213267169e+02
1.015848880351098416e+02 8.468841477911103865e+00 1.672190783166594201e+02
1.012786283211872842e+02 8.348949605014626130e+00 1.682063679517537764e+02
1.009980355406346746e+02 8.237000389024641933e+00 1.691699160854315664e+02
1.007420659859246399e+02 8.132383629735064901e+00 1.701109210630079076e+02
1.005097062238667718e+02 8.034553064626690499e+00 1.710305206359625174e+02
1.002999728042772603e+02 7.943023641619647357e+00 1.719297937310740281e+02
1.001119146678494758e+02 7.857359104404014083e+00 1.728097654569145334e+02
9.994461379267961831e+01 7.777165904233427796e+00 1.736714099950189905e+02
9.979718467709395213e+01 7.702090715060196935e+00 1.745156524171865442e+02
9.966877543002837569e+01 7.631810466262670012e+00 1.753433733926900970e+02
9.955856693215331177e+01 7.566031860734581116e+00 1.761554101433586936e+02
9.946577234621621244e+01 7.504487867806983736e+00 1.769525588124254796e+02
9.938963688873057833e+01 7.446931554141022147e+00 1.777355781149416600e+02
9.932943691630889305e+01 7.393136650580593106e+00 1.785051897649716466e+02
9.928447914676999631e+01 7.342895151115149233e+00 1.792620804593755679e+02
9.925409967141908396e+01 7.296012889514733146e+00 1.800069051675729952e+02
9.923766321429118875e+01 7.252309822095211800e+00 1.807402875771780373e+02
9.923456244125908654e+01 7.211619714737239839e+00 1.814628208334804924e+02
9.924421628905135151e+01 7.173786382424938601e+00 1.821750710144762024e+02
9.926606934779263725e+01 7.138663188037580376e+00 1.828775779161233572e+02
9.929959131768904967e+01 7.106113868453620697e+00 1.835708550317830543e+02
9.934427578146258497e+01 7.076010628508758948e+00 1.842553916241430443e+02
9.939963857638909417e+01 7.048232477112200911e+00 1.849316549878658975e+02
9.946521743575274854e+01 7.022665298924796851e+00 1.856000907018971873e+02
9.954057177200007800e+01 6.999202484457087259e+00 1.862611224525897171e+02
9.962528108334976196e+01 6.977743286774925835e+00 1.869151542565862769e+02
9.971894342659521726e+01 6.958191909257471330e+00 1.875625722191865066e+02
9.982117522672064069e+01 6.940457520155989712e+00 1.882037446815179180e+02
9.993161111082707748e+01 6.924454747000040378e+00 1.888390220784343683e+02
1.000499031207122158e+02 6.910102945768784366e+00 1.894687379913930556e+02
1.001757185136264781e+02 6.897325187375064282e+00 1.900932115120578487e+02
1.003087396372439173e+02 6.886048222940354790e+00 1.907127473638169874e+02
1.004486635668501862e+02 6.876202556632191154e+00 1.913276361569338349e+02
1.005952025707930915e+02 6.867722790939166266e+00 1.919381538148816730e+02
1.007480821845253303e+02 6.860546676104588570e+00 1.925445636796202677e+02
1.009070399183223543e+02 6.854614730173433479e+00 1.931471177794025209e+02
1.010718252568630930e+02 6.849870238927532107e+00 1.937460568291540710e+02
1.012421993664444670e+02 6.846259275922465193e+00 1.943416104581380353e+02
1.014179356544252499e+02 6.843730993736635071e+00 1.949339965899366689e+02
1.015988182879835762e+02 6.842237001638592275e+00 1.955234230005480356e+02
1.017846407124594776e+02 6.841730992564174052e+00 1.961100887368428971e+02
1.019752056446236139e+02 6.842168741993149617e+00 1.966941841226887675e+02
1.021703250068219262e+02 6.843508100003075967e+00 1.972758908171508949e+02
1.023698198404687645e+02 6.845709090300164057e+00 1.978553818295075359e+02
1.025735208015666871e+02 6.848733954504950816e+00 1.984328210900309557e+02
