2.540000000000000000e+02 7.000000000000000000e+00 0.000000000000000000e+00
2.529389147227033163e+02 7.679343006143611206e+00 9.639363908660735225e-01
2.517931487140709521e+02 8.368706104956331160e+00 1.963260456262397646e+00
2.505603778661301533e+02 9.068395496988282289e+00 2.998565468885251217e+00
2.492382338521489089e+02 9.778719461924600509e+00 4.070459043593740667e+00
2.478243036166491038e+02 1.049998842892735240e+01 5.179563216258232572e+00
2.463161282296884735e+02 1.123251511636293820e+01 6.326514644489287242e+00
2.447112045225555050e+02 1.197661430192044563e+01 7.511964359984860451e+00
2.430069818800145640e+02 1.273260323551571283e+01 8.736578301860944862e+00
2.412008605495757649e+02 1.350080185725653870e+01 1.000103759757285538e+01
2.392901916414952552e+02 1.428153279744265980e+01 1.130603856291522291e+01
2.372722771213012436e+02 1.507512137616786596e+01 1.265229270497796854e+01
2.351599584079515637e+02 1.587092245829462556e+01 1.405110203566556315e+01
2.329978862016929497e+02 1.663623297513240828e+01 1.553487206384842523e+01
2.307884705161682746e+02 1.736844856243083157e+01 1.710683162345661401e+01
2.285311126781268172e+02 1.806708373909832943e+01 1.876817033944877977e+01
2.262252069739695628e+02 1.873164715335594721e+01 2.052009200611617601e+01
2.238701406296803214e+02 1.936164156590126240e+01 2.236381462758442140e+01
2.214652935891469667e+02 1.995656366391754588e+01 2.430057086523396492e+01
2.190100390159583696e+02 2.051590448205215012e+01 2.633160702495164074e+01
2.165037427045785421e+02 2.103914890840498231e+01 2.845818424554494186e+01
2.139457628829961209e+02 2.152577551895859997e+01 3.068157889704546193e+01
2.113354502127245667e+02 2.197525657757826067e+01 3.300308258070889877e+01
2.086721477888017944e+02 2.238705803601187583e+01 3.542400212901504375e+01
2.059551911397906565e+02 2.276063953389004269e+01 3.794565960566780660e+01
2.031839075033092854e+02 2.309545377156033652e+01 4.056939378927768303e+01
2.003690375781843329e+02 2.340084789954325473e+01 4.327315367978972915e+01
1.975433245363952039e+02 2.370523798716061137e+01 4.598980411909237631e+01
1.947090357219077816e+02 2.401061585449044955e+01 4.871466944934739018e+01
1.918661444783587342e+02 2.431698457188172924e+01 5.144777520517723701e+01
1.890146240679245295e+02 2.462434721906623381e+01 5.418914699923653444e+01
1.861544476684562710e+02 2.493270688548853897e+01 5.693881052495678574e+01
1.832855883734795839e+02 2.524206667030605544e+01 5.969679155654640113e+01
1.804080191921948142e+02 2.555242968238902534e+01 6.246311594899064090e+01
1.775217130494765740e+02 2.586379904032048316e+01 6.523780963805170074e+01
1.746266427858742247e+02 2.617617787239632676e+01 6.802089864026865484e+01
1.717227811576117631e+02 2.648956931662523928e+01 7.081240905295744881e+01
1.688101008365876226e+02 2.680397652072873527e+01 7.361236705421094939e+01
1.658885744103748436e+02 2.711940264214117491e+01 7.642079890289890898e+01
1.629581743820078827e+02 2.743585084803419605e+01 7.923773093887248820e+01
1.600188731685805976e+02 2.775332431547849765e+01 8.206318958430601640e+01
1.570706431010821404e+02 2.807182623146234235e+01 8.489720134385579797e+01
1.541134564246235641e+02 2.839135979286575662e+01 8.773979280444228834e+01
1.511472852979246113e+02 2.871192820651953426e+01 9.059099063574173272e+01
1.481818263234931123e+02 2.902477003183419768e+01 9.344780972553355980e+01
1.453746078921395792e+02 2.918827012830297818e+01 9.626116034734849336e+01
1.427697074008529512e+02 2.916391135431751636e+01 9.901639358364842280e+01
1.403486424355218674e+02 2.896957507476201954e+01 1.017182250991846786e+02
1.380948181417001592e+02 2.862132521784121764e+01 1.043708817542082414e+02
1.359931169546346155e+02 2.813379111388064047e+01 1.069782178995632904e+02
1.340298034327732637e+02 2.752026227671210279e+01 1.095437374234428916e+02
1.321923973335111668e+02 2.679281145031647782e+01 1.120706259291511344e+02
1.304695595549281961e+02 2.596240518249718932e+01 1.145617796511148043e+02
1.288509854953488798e+02 2.503900720734363006e+01 1.170198324903397378e+02
1.273273156203010643e+02 2.403166514596172476e+01 1.194471786874864421e+02
1.258900401525777966e+02 2.294860290455232743e+01 1.218459969858565586e+02
1.245314344518985479e+02 2.179728332045148420e+01 1.242182670139890632e+02
1.232444702063365867e+02 2.058449425742566419e+01 1.265657918004562532e+02
1.220227717440924096e+02 1.931639095907616976e+01 1.288902088497759166e+02
1.208568312702993950e+02 1.801651976972294023e+01 1.311865056289815641e+02
1.197077643482267604e+02 1.686579375163389471e+01 1.333903802426603704e+02
1.185747973906376274e+02 1.588366271455297785e+01 1.354926217184104189e+02
1.174662716052422411e+02 1.504233767456984339e+01 1.375016109046530630e+02
1.163885386899973753e+02 1.431881896516657626e+01 1.394247204338913377e+02
1.153463355040621394e+02 1.369405896185829086e+01 1.412684697946956476e+02
1.143430904751566146e+02 1.315227447111049663e+01 1.430386537023115352e+02
1.133811757358695047e+02 1.268037817960393632e+01 1.447404492012770731e+02
1.124621145261995423e+02 1.226750837900480207e+01 1.463785051632115710e+02
1.115867514856745260e+02 1.190464025668433834e+01 1.479570171593965142e+02
1.107553901025468264e+02 1.158426971517931037e+01 1.494797892056697322e+02
1.099679060499372270e+02 1.130015045662292650e+01 1.509502858610621274e+02
1.092238418399491451e+02 1.104707220695424930e+01 1.523716769218429761e+02
1.085224810885793403e+02 1.082068434938809354e+01 1.537468737597934876e+02
1.078629091888946192e+02 1.061735001699253189e+01 1.550785599888898219e+02
1.072440661303734544e+02 1.043401714452734375e+01 1.563692191997928660e+02
1.066647837323181847e+02 1.026812520919111371e+01 1.576211557811528508e+02
1.061238205618139432e+02 1.011751671892299775e+01 1.588365150122554894e+02
1.056198876427501148e+02 9.980369522309183949e+00 1.600172992137212873e+02
1.051516685951513495e+02 9.855142483610125126e+00 1.611653810986306610e+02
1.047178382706082544e+02 9.740523432116477309e+00 1.622825170858890260e+02
1.043170735895640604e+02 9.635396797955039006e+00 1.633703561697645341e+02
1.039480664315518084e+02 9.538804515655098015e+00 1.644304507932547494e+02
1.036095293121084921e+02 9.449926189786944875e+00 1.654642630447185070e+02
1.033002034042167026e+02 9.368051341846140190e+00 1.664731732669045527e+02
1.030188619148178049e+02 9.292565195458450944e+00 1.674584850437574630e+02
1.027643136863595714e+02 9.222932196251086623e+00 1.684214312288760311e+02
1.025354062179880827e+02 9.158681632156175922e+00 1.693631793013382776e+02
1.023310256361795609e+02 9.099402321405424487e+00 1.702848342476933965e+02
1.021500993586074486e+02 9.044727052643679599e+00 1.711874448347960538e+02
1.019915949770039418e+02 8.994331806670485818e+00 1.720720049098376307e+02
1.018545207174140472e+02 8.947926518762239212e+00 1.729394580088622320e+02
1.017379253936946100e+02 8.905248786332903066e+00 1.737907007798706331e+02
1.016408970472868276e+02 8.866064499162781942e+00 1.746265837165890673e+02
1.015625624617772047e+02 8.830159828578427295e+00 1.754479158526521871e+02
1.015020862662148460e+02 8.797338944546794437e+00 1.762554666975286466e+02
1.014586697934634998e+02 8.767424941162838437e+00 1.770499666389598588e+02
1.014315496427858108e+02 8.740254234016562762e+00 1.778321110920296064e+02
1.014199966171003950e+02 8.715674836384676993e+00 1.786025622651704907e+02
1.014233148497225585e+02 8.693547685606176856e+00 1.793619491351588238e+02
1.014408402974903254e+02 8.673743804941270952e+00 1.801108701631696647e+02
1.014719389190244527e+02 8.656141920096587228e+00 1.808498960145026615e+02
1.015160059893959215e+02 8.640628862551587019e+00 1.815795698821103770e+02
1.015724657943166420e+02 8.627100133042162611e+00 1.823004074245701247e+02
1.016407689271703703e+02 8.615457148371181262e+00 1.830129003799003726e+02
1.017203911968164789e+02 8.605606606256824165e+00 1.837175177689131544e+02
1.018108330378764634e+02 8.597460811889522603e+00 1.844147061846379927e+02
1.019116197047541021e+02 8.590938187114046443e+00 1.851048893652579466e+02
1.020222983630477103e+02 8.585961382507727890e+00 1.857884715044555151e+02
1.021424367985182755e+02 8.582456819949102922e+00 1.864658385159655722e+02
1.022716231911531395e+02 8.580354725486118994e+00 1.871373581941116413e+02
1.024094660292233101e+02 8.579589708384320446e+00 1.878033799699808810e+02
1.025555934311555291e+02 8.580100120785861151e+00 1.884642357909589805e+02
1.027096500709865978e+02 8.581827111635716321e+00 1.891202430551198859e+02
1.028712969843459035e+02 8.584714595112458824e+00 1.897717047812602402e+02
1.030402113272969444e+02 8.588709268015925602e+00 1.904189097897784961e+02
1.032160865611577663e+02 8.593761010100953612e+00 1.910621323414630695e+02
1.033986319804198359e+02 8.599822452333194533e+00 1.917016327422234951e+02
1.035875696544808164e+02 8.606848297966806172e+00 1.923376601208958050e+02
1.037826342545084799e+02 8.614795299966282016e+00 1.929704525779687003e+02
1.039835730441130011e+02 8.623622260248533067e+00 1.936002371933505231e+02
1.041901454312030921e+02 8.633290101255500559e+00 1.942272303413939198e+02
1.044021242873872097e+02 8.643762112822235721e+00 1.948516365172643816e+02
1.046192931379243873e+02 8.655003285034297278e+00 1.954736509126196893e+02
1.048414449399225106e+02 8.666980119636367164e+00 1.960934604809143877e+02
