2.540000000000000000e+02 7.000000000000000000e+00 0.000000000000000000e+00
2.526492851700660651e+02 7.868365385182674920e+00 7.962294561677154547e-01
2.512161159650156605e+02 8.738349161384753927e+00 1.631154593986826606e+00
2.496984665517689450e+02 9.610218768470009110e+00 2.504994289699937760e+00
2.480942918827656172e+02 1.048423610618964652e+01 3.417977385548903069e+00
2.464015275563913576e+02 1.136065760105659272e+01 4.370342586275577368e+00
2.446180896996507386e+02 1.223973424840007063e+01 5.362338367189146027e+00
2.427418746096802522e+02 1.312171178210686584e+01 6.394222705853619182e+00
2.407779326401054050e+02 1.400178169790064331e+01 7.471817591930250302e+00
2.387634704613147676e+02 1.485268468959514188e+01 8.625617457561650880e+00
2.367037996342480142e+02 1.566988954176537518e+01 9.861072283727599697e+00
2.345984438167708390e+02 1.645295094785535994e+01 1.117913793959594493e+01
2.324469225095058391e+02 1.720141938188579900e+01 1.258077898908529768e+01
2.302487510441318364e+02 1.791484108607344083e+01 1.406696871587063491e+01
2.280034405833843891e+02 1.859275807083108134e+01 1.563868912338329586e+01
2.257104980741837323e+02 1.923470806509113373e+01 1.729693103506739504e+01
2.233694261964357395e+02 1.984022446189335653e+01 1.904269420405364954e+01
2.209797235997222913e+02 2.040883656912442845e+01 2.087698680700380294e+01
2.185408845513243818e+02 2.094006923660771236e+01 2.280082619684406708e+01
2.160523989019002897e+02 2.143344281973624277e+01 2.481523897616922270e+01
2.135137520854854074e+02 2.188847317947270810e+01 2.692126099724261223e+01
2.109244251194924686e+02 2.230467168234946840e+01 2.911993736199616833e+01
2.082838946047112927e+02 2.268154520046854117e+01 3.141232242203037117e+01
2.055916327251467237e+02 2.301859611132246286e+01 3.379947977896875244e+01
2.028486383468022893e+02 2.331677229009780561e+01 3.627939011109452849e+01
2.000841542838850557e+02 2.360377599353521205e+01 3.879298626438487929e+01
1.973110224810095019e+02 2.389179502805247424e+01 4.131430527132080499e+01
1.945291449406899460e+02 2.418076559891486710e+01 4.384351434157404981e+01
1.917384941072783704e+02 2.447069070417727943e+01 4.638063833477582421e+01
1.889390423376419506e+02 2.476157335141290616e+01 4.892570218948272753e+01
1.861307619007716596e+02 2.505341655775589516e+01 5.147873092352987356e+01
1.833136249777822400e+02 2.534622334990131520e+01 5.403974963403089760e+01
1.804876036619120896e+02 2.563999676410517026e+01 5.660878349737792803e+01
1.776526699585234610e+02 2.593473984618442429e+01 5.918585776924164321e+01
1.748087957851023759e+02 2.623045565151694092e+01 6.177099778457122170e+01
1.719559529709638070e+02 2.652714724507344712e+01 6.436422895785975129e+01
1.690941132566955787e+02 2.682481770147863642e+01 6.696557678364793276e+01
1.662232482944759511e+02 2.712347010497574828e+01 6.957506683623482502e+01
1.633433296465665023e+02 2.742310754959108365e+01 7.219272477103919528e+01
1.604543287852182800e+02 2.772373313914408399e+01 7.481857632468380359e+01
1.575562170926719432e+02 2.802534998724733484e+01 7.745264731499534605e+01
1.546489658611574498e+02 2.832796121730656935e+01 8.009496364100451160e+01
1.517325462928102695e+02 2.863156996252987341e+01 8.274555128302232276e+01
1.488069294989740570e+02 2.893617936600329088e+01 8.540443630326721802e+01
1.459542233925680819e+02 2.916255269259641381e+01 8.804603587121597741e+01
1.432968595628777280e+02 2.919359586174551424e+01 9.063147471093978425e+01
1.408180242943777785e+02 2.904717532684495396e+01 9.316485990559799291e+01
1.385007263467399810e+02 2.874117098361369571e+01 9.565046274477171551e+01
1.363296247550230191e+02 2.829172215675492552e+01 9.809214241733926087e+01
1.342908615414274607e+02 2.771340405787199757e+01 1.004933877747616719e+02
1.323719203279460714e+02 2.701937692266563573e+01 1.028573526283131088e+02
1.305614973405880903e+02 2.622152207731177498e+01 1.051868879527869183e+02
1.288493812952837345e+02 2.533056863624096877e+01 1.074845718729556978e+02
1.272263504676703860e+02 2.435620207412123150e+01 1.097527353601061719e+02
1.256840748212486290e+02 2.330716746212030799e+01 1.119934866658104227e+02
1.242150296296245244e+02 2.219136058005901901e+01 1.142087328862105693e+02
1.228124203008774060e+02 2.101590721234278192e+01 1.164001987297544787e+02
1.214701052905638932e+02 1.978724446001874426e+01 1.185694457621058007e+02
1.201825429340553626e+02 1.851117682237472906e+01 1.207178856796358559e+02
1.189426076452341476e+02 1.720357377890529804e+01 1.228428533655826271e+02
1.177161951320367166e+02 1.602943800439344813e+01 1.248841669218570303e+02
1.164989964541845069e+02 1.502998948853433880e+01 1.268235017562586648e+02
1.153005152077422366e+02 1.417490718615524870e+01 1.286694375775293224e+02
1.141279195025806956e+02 1.343977008471739865e+01 1.304292914205661020e+02
1.129865918655275578e+02 1.280451030715092031e+01 1.321094978083660862e+02
1.118804758677503344e+02 1.225262603823601282e+01 1.337157485704820488e+02
1.108123589605756933e+02 1.177053679749985271e+01 1.352531082895768009e+02
1.097841025554239707e+02 1.134705657391413602e+01 1.367261095158999353e+02
1.087968287264309311e+02 1.097296401303024993e+01 1.381388312685677988e+02
1.078510734064635130e+02 1.064064760443746138e+01 1.394949646090867077e+02
1.069469112445189580e+02 1.034381434643590048e+01 1.407978672567425349e+02
1.060840552596292667e+02 1.007725513459049971e+01 1.420506083119150276e+02
1.052619377980041406e+02 9.836652329712357812e+00 1.432560055868964639e+02
1.044797786493599716e+02 9.618416040610206608e+00 1.444166579974652223e+02
1.037366368935063150e+02 9.419557428495577867e+00 1.455349713490826105e+02
1.030314535242384579e+02 9.237583107337744792e+00 1.466131803191022982e+02
1.023630882607688477e+02 9.070402215539237645e+00 1.476533683806249826e+02
1.017303440202258571e+02 8.916262611003933358e+00 1.486574821484384188e+02
1.011319921130877901e+02 8.773684510752296717e+00 1.496273465130737463e+02
1.005667872566662027e+02 8.641418429129499756e+00 1.505646750273596410e+02
1.000334831511326286e+02 8.518401374473677734e+00 1.514710807720725541e+02
9.953084199550892208e+01 8.403727478484686486e+00 1.523480844118600714e+02
9.905764389257359426e+01 8.296618877523330937e+00 1.531971222065227494e+02
9.861269208290489985e+01 8.196406685533537129e+00 1.540195520025222322e+02
9.819481915681456030e+01 8.102509215383935981e+00 1.548166599074903615e+02
9.780288872586889681e+01 8.014422450962502609e+00 1.555896640787707383e+02
9.743579998795934216e+01 7.931701359970436904e+00 1.563397210856864774e+02
9.709248727111186383e+01 7.853956952566986338e+00 1.570679278862534431e+02
9.677192262016842506e+01 7.780841895237172068e+00 1.577753274952923732e+02
9.647311550605880370e+01 7.712047125055043750e+00 1.584629110651899566e+02
9.619511266982691211e+01 7.647296592179810837e+00 1.591316208716755511e+02
9.593699860161622439e+01 7.586338916150572764e+00 1.597823544490926793e+02
9.569789428947045451e+01 7.528948241785269779e+00 1.604159651641940059e+02
9.547695672262712208e+01 7.474918330089617591e+00 1.610332658387925733e+02
9.527337820389891476e+01 7.424058807813742611e+00 1.616350313581715454e+02
9.508638526238671318e+01 7.376196405955626645e+00 1.622219989009369669e+02
9.491523750465002252e+01 7.331170753951597341e+00 1.627948711777243318e+02
9.475922649551422694e+01 7.288831893077492019e+00 1.633543187113004649e+02
9.461767495088267310e+01 7.249041378147388137e+00 1.639009799081874803e+02
9.448993562723345008e+01 7.211670559824718829e+00 1.644354629138171333e+02
9.437538943473732900e+01 7.176597964776185279e+00 1.649583486023786918e+02
9.427344484869627195e+01 7.143709448734445466e+00 1.654701909823069457e+02
9.418353753505928694e+01 7.112898936083968948e+00 1.659715171053870222e+02
9.410512824128412035e+01 7.084066157170150646e+00 1.664628300470971283e+02
9.403770145709761152e+01 7.057115854109407671e+00 1.669446104499486410e+02
9.398076495851245227e+01 7.031957990930392199e+00 1.674173167878950608e+02
9.393384986607775033e+01 7.008508307117391034e+00 1.678813850172387561e+02
9.389650833510485484e+01 6.986686750855001016e+00 1.683372313454646019e+02
9.386831209639893814e+01 6.966416960165862982e+00 1.687852537246514544e+02
9.384885228216728592e+01 6.947626281411173998e+00 1.692258319859577682e+02
9.383773926153125444e+01 6.930246230402602237e+00 1.696593277256773433e+02
9.383460216842340174e+01 6.914212021102288830e+00 1.700860849532362806e+02
9.383908605868704456e+01 6.899461688491567379e+00 1.705064329279841786e+02
9.385085168856525684e+01 6.885936050590221846e+00 1.709206863637335516e+02
9.386957529376485354e+01 6.873578720057873959e+00 1.713291456058844631e+02
9.389494875159110165e+01 6.862336428706627522e+00 1.717320963205189059e+02
9.392667901368194805e+01 6.852158632437542529e+00 1.721298101799877429e+02
9.396448543235983664e+01 6.842996920791903470e+00 1.725225474034373576e+02
9.400809962195782532e+01 6.834804998003083831e+00 1.729105568822342605e+02
9.405726542583957439e+01 6.827538680185204711e+00 1.732940762088750830e+02
9.411173858734974829e+01 6.821155971985174205e+00 1.736733319085289509e+02
9.417128773179312873e+01 6.815617208236248281e+00 1.740485385468144273e+02
9.423569158637104692e+01 6.810884440564557885e+00 1.744199013711371720e+02
9.430473822115391158e+01 6.806921316589941817e+00 1.747876170064872952e+02
