2.540000000000000000e+02 7.000000000000000000e+00 0.000000000000000000e+00
2.526819057152750645e+02 7.716097330644728025e+00 1.007246739688202330e+00
2.512751141389185818e+02 8.441867535894582275e+00 2.048053271392262786e+00
2.497774906885072141e+02 9.177561811793951918e+00 3.122861839692480768e+00
2.481868690361812355e+02 9.923431428092264639e+00 4.232123984645630443e+00
2.465010500033486949e+02 1.067972790666996907e+01 5.376300511122511949e+00
2.447178015606854160e+02 1.144670302153853392e+01 6.555861488807956050e+00
2.428348588281350260e+02 1.222460879884043727e+01 7.771286252200821032e+00
2.408499240742583538e+02 1.301369751526511642e+01 9.023063402380751441e+00
2.387746476095512378e+02 1.380401011537830591e+01 1.032360408770661842e+01
2.366478402319312693e+02 1.456595553854856107e+01 1.170820459909323219e+01
2.344711036777374602e+02 1.529733644747338239e+01 1.318018409965520377e+01
2.322436974648261980e+02 1.599765763855571166e+01 1.474088608678243517e+01
2.299648704385643327e+02 1.666641671426227234e+01 1.639167348586694217e+01
2.276338605909697037e+02 1.730310396112214022e+01 1.813392897963648309e+01
2.252498954947256777e+02 1.790720264249808480e+01 1.996905421783810652e+01
2.228121914300143658e+02 1.847818840957142328e+01 2.189847140723887620e+01
2.203199532254340340e+02 1.901552919402882580e+01 2.392362360130931620e+01
2.177723742579996156e+02 1.951868520806234386e+01 2.604597470022338968e+01
2.151686364531422839e+02 1.998710894436941388e+01 2.826700945085852368e+01
2.125079101784347131e+02 2.042024510445906671e+01 3.058823364032302905e+01
2.097893538404111951e+02 2.081753032667495873e+01 3.301117483013042886e+01
2.070126576676545085e+02 2.117883920999645753e+01 3.553630217841932648e+01
2.042054175604583861e+02 2.152691649884901892e+01 3.810867395294840065e+01
2.013856053030225723e+02 2.187656390534200312e+01 4.069252167036433576e+01
1.985532051522129393e+02 2.222782133777692692e+01 4.328781660046281843e+01
1.957081611602297073e+02 2.258069595203026481e+01 4.589460962120639920e+01
1.928504171271538041e+02 2.293519493622514460e+01 4.851295183983008030e+01
1.899799166007333042e+02 2.329132551075878155e+01 5.114289459303623175e+01
1.870966028763829172e+02 2.364909492830248539e+01 5.378448944699464107e+01
1.842004189971844710e+02 2.400851047380167458e+01 5.643778819734244223e+01
1.812913077538863718e+02 2.436957946447584433e+01 5.910284286918418672e+01
1.783692116847329316e+02 2.473230924984038737e+01 6.177970571724659266e+01
1.754340730730243081e+02 2.509670721201903376e+01 6.446842922810041898e+01
1.724858339460508319e+02 2.546278076587961081e+01 6.716906612112543939e+01
1.695244360720666066e+02 2.583053735942144868e+01 6.988166935126490387e+01
1.665498209596682671e+02 2.619998447385478713e+01 7.260629210959019986e+01
1.635619298577026370e+02 2.657112962361261310e+01 7.534298782338416345e+01
1.605607037539891451e+02 2.694398035651392931e+01 7.809181015730460729e+01
1.575460833758517367e+02 2.731854425369591510e+01 8.085281301289845146e+01
1.545180091859751599e+02 2.769482893014379243e+01 8.362605053237126640e+01
1.514764213813860465e+02 2.807284203482119977e+01 8.641157709951360744e+01
1.484216028840936588e+02 2.845227119864952314e+01 8.920935557733236010e+01
1.454485453867220315e+02 2.874474011887849301e+01 9.199376301287497881e+01
1.426823026530693710e+02 2.883494959298941041e+01 9.473023409102299297e+01
1.401151047278021053e+02 2.873186179026090414e+01 9.741948302139431348e+01
1.377249605068456617e+02 2.845752714205508838e+01 1.000661735987968086e+02
1.354948415419205219e+02 2.802920760776948583e+01 1.026737676405365960e+02
1.334090975025344221e+02 2.746274099098618038e+01 1.052454684313718758e+02
1.314536194015172441e+02 2.677240287732392687e+01 1.077841656982719911e+02
1.296157101790316233e+02 2.597103780944398821e+01 1.102924619326749109e+02
1.278839224462987403e+02 2.507022374870147985e+01 1.127727053922144904e+02
1.262479549985081064e+02 2.408037696878212586e+01 1.152270111492637881e+02
1.246985193786772470e+02 2.301088730545185967e+01 1.176572882308972368e+02
1.232272584662132004e+02 2.187020067446079352e+01 1.200652561774347902e+02
1.218266347132587413e+02 2.066593235419518138e+01 1.224524677744117014e+02
1.204898684150767707e+02 1.940492955422144661e+01 1.248203216080034679e+02
1.192108436250416332e+02 1.809336677897388057e+01 1.271700812013165347e+02
1.179683564758521044e+02 1.682494093529089696e+01 1.294624877489933397e+02
1.167384843269490204e+02 1.573981646834288206e+01 1.316325538794226873e+02
1.155302524108696929e+02 1.481035565824707056e+01 1.336897696122088064e+02
1.143510813730284639e+02 1.401068388975519241e+01 1.356438517167518683e+02
1.132065203061958272e+02 1.331943636187791391e+01 1.375033054573870288e+02
1.121006019951243076e+02 1.271898768593595364e+01 1.392756021517196245e+02
1.110361399557225468e+02 1.219478633914671839e+01 1.409673405473392620e+02
1.100149714621675940e+02 1.173480717128425965e+01 1.425843806777119482e+02
1.090381560101040748e+02 1.132910144743754088e+01 1.441319549292145439e+02
1.081061370869345666e+02 1.096942728888534013e+01 1.456147602895825912e+02
1.072188719695923425e+02 1.064895053987759077e+01 1.470370339709012342e+02
1.063759392706106581e+02 1.036199454431469036e+01 1.484026175257748434e+02
1.055766269854596260e+02 1.010383278162403897e+01 1.497150108800391308e+02
1.048200007234541999e+02 9.870525697468195858e+00 1.509774157260525271e+02
1.041049608905604629e+02 9.658782056724085407e+00 1.521927730563801617e+02
1.034302902546371001e+02 9.465841291964858684e+00 1.533637958126482204e+02
1.027946876115320833e+02 9.289387849426473664e+00 1.544929934577303356e+02
1.021968000854616321e+02 9.127467815600587286e+00 1.555826962849572794e+02
1.016352447710634834e+02 8.978430155012654623e+00 1.566350734881152391e+02
1.011086278016383346e+02 8.840873975225536086e+00 1.576521496731371315e+02
1.006155593701251547e+02 8.713604426996047536e+00 1.586358194371804586e+02
1.001546640443176699e+02 8.595600769021311649e+00 1.595878583950207883e+02
9.972459071567668332e+01 8.485983749059368364e+00 1.605099349310466721e+02
9.932401810612623194e+01 8.383995382405275976e+00 1.614036180356336558e+02
9.895166036512272001e+01 8.288976741215719812e+00 1.622703862887214541e+02
9.860627047571468040e+01 8.200352647971369535e+00 1.631116344270162415e+02
9.828664205605213056e+01 8.117619759349343767e+00 1.639286791652948239e+02
9.799161212371852514e+01 8.040331495192926781e+00 1.647227661538910297e+02
9.772006030936134380e+01 7.968094961203754600e+00 1.654950725255107784e+02
9.747091055945634253e+01 7.900556859379332941e+00 1.662467141345844368e+02
9.724313013171989439e+01 7.837401899465362476e+00 1.669787473710726999e+02
9.703572911802594092e+01 7.778346456208399928e+00 1.676921734562572794e+02
9.684776010456718609e+01 7.723131529398158612e+00 1.683879430525889518e+02
9.667831679755566654e+01 7.671523675106723950e+00 1.690669568371544358e+02
9.652653292120754713e+01 7.623308860199363934e+00 1.697300701972515355e+02
9.639158109889073955e+01 7.578289277862312545e+00 1.703780961202623985e+02
9.627267174905590252e+01 7.536284528937713389e+00 1.710118053881252251e+02
9.616905138093100902e+01 7.497127414200081219e+00 1.716319305841622622e+02
9.608000111684467015e+01 7.460661584096246912e+00 1.722391687694315863e+02
9.600483589829863718e+01 7.426742573511206480e+00 1.728341815087077862e+02
9.594290315885216103e+01 7.395236216802478779e+00 1.734175969509812205e+02
9.589358038635613468e+01 7.366015973101169401e+00 1.739900135056426507e+02
9.585627451101495922e+01 7.338962991711865946e+00 1.745520003124716766e+02
9.583042155445940580e+01 7.313966898481984558e+00 1.751040970509379235e+02
9.581548427315556182e+01 7.290923647547332465e+00 1.756468172251694568e+02
9.581095036448125768e+01 7.269734565828046335e+00 1.761806502467973132e+02
9.581633206365300737e+01 7.250306485784908439e+00 1.767060616894173961e+02
9.583116618788076835e+01 7.232552363016687025e+00 1.772234928722238010e+02
9.585501184478911796e+01 7.216389816291321146e+00 1.777333636677839763e+02
9.588744841302445820e+01 7.201740426023103048e+00 1.782360746167711625e+02
9.592807540757463869e+01 7.188529735610319271e+00 1.787320070394285096e+02
9.597651221693952550e+01 7.176687633574450054e+00 1.792215230198463871e+02
9.603239799513465869e+01 7.166148099466598254e+00 1.797049656521591601e+02
9.609538831453014041e+01 7.156848158729752996e+00 1.801826624734368352e+02
9.616515476102388504e+01 7.148727804218302673e+00 1.806549258494277410e+02
9.624138477293884364e+01 7.141729995849975587e+00 1.811220531090869770e+02
9.632378167890324505e+01 7.135800941159892830e+00 1.815843263405822370e+02
9.641206451626334228e+01 7.130889845439362773e+00 1.820420126962386007e+02
9.650596491642579622e+01 7.126948185055072216e+00 1.824953674358818319e+02
9.660522684048892472e+01 7.123929665329066907e+00 1.829446341731325560e+02
9.670960656478528961e+01 7.121790218950215134e+00 1.833900448884357672e+02
9.681887233646598645e+01 7.120488052874145879e+00 1.838318201873911732e+02
9.693280545289759687e+01 7.119983849732971493e+00 1.842701682770565981e+02
9.705119746327626729e+01 7.120240121574825665e+00 1.847052876961885772e+02
9.717384917745177120e+01 7.121221039063297731e+00 1.851373682465751926e+02
9.730057066592765125e+01 7.122892431477436226e+00 1.855665909930360442e+02
