2.540000000000000000e+02 7.000000000000000000e+00 0.000000000000000000e+00
2.528058500634289203e+02 7.634517463577516594e+00 1.053210455624963293e+00
2.515237690222842275e+02 8.280082642484570599e+00 2.133400373079731516e+00
2.501518935458426824e+02 8.936855979947301520e+00 3.240933359591214202e+00
2.486883359912096978e+02 9.604998316388266844e+00 4.376177031457499034e+00
2.471311840656091761e+02 1.028467089910507681e+01 5.539502983935568281e+00
2.454785008263836232e+02 1.097603538227041753e+01 6.731286791241293699e+00
2.437283246812892230e+02 1.167925382679437973e+01 7.951908006512499405e+00
2.418786693400365664e+02 1.239448867827030298e+01 9.201750145679584492e+00
2.399275233659261062e+02 1.312190277055427146e+01 1.048120064134934637e+01
2.378897240921344007e+02 1.384899691952340817e+01 1.180667308762348178e+01
2.358003568530705252e+02 1.454827554544017154e+01 1.321357969898484441e+01
2.336598890750204873e+02 1.521839130341306756e+01 1.470426924445010286e+01
2.314675983531414261e+02 1.585887924248061154e+01 1.627998282200879032e+01
2.292227525830091679e+02 1.646926806765542040e+01 1.794197830250420722e+01
2.269246098618905023e+02 1.704908007519501822e+01 1.969153050052499054e+01
2.245724184123964164e+02 1.759783110254331362e+01 2.152993130655861265e+01
2.221654169074277263e+02 1.811503074136965807e+01 2.345848912453938340e+01
2.197028336150196708e+02 1.860018177690378849e+01 2.547853035206347982e+01
2.171838863270319564e+02 1.905278014118271557e+01 2.759139950382219908e+01
2.146077823591486151e+02 1.947231491305069540e+01 2.979845921160190514e+01
2.119737185508780613e+02 1.985826831815925786e+01 3.210109022428409276e+01
2.092808812286046134e+02 2.021011570473655894e+01 3.450069147180626317e+01
2.065318256388771374e+02 2.052996515109322218e+01 3.699237445731081664e+01
2.037608285746028969e+02 2.084468403703361972e+01 3.951208127661115554e+01
2.009763665478098460e+02 2.116095390595134162e+01 4.204393049353961942e+01
1.981783750102589750e+02 2.147878219293725621e+01 4.458798031623329194e+01
1.953667891025318113e+02 2.179817636892593313e+01 4.714428923344382127e+01
1.925415436535926119e+02 2.211914394074608836e+01 4.971291601493235390e+01
1.897025731804455688e+02 2.244169245115998379e+01 5.229391971177836496e+01
1.868498118869463553e+02 2.276582947900048381e+01 5.488735965745161849e+01
1.839831936624308923e+02 2.309156263932883135e+01 5.749329546904866817e+01
1.811026520777095357e+02 2.341889958389618442e+01 6.011178705090515706e+01
1.782081203847670281e+02 2.374784800117812722e+01 6.274289459486663389e+01
1.752995315158422329e+02 2.407841561648068662e+01 6.538667858111845987e+01
1.723768180831565076e+02 2.441061019197153215e+01 6.804319977842932587e+01
1.694399123757190182e+02 2.474443952704814365e+01 7.071251924703459224e+01
1.664887463564132020e+02 2.507991145867326921e+01 7.339469834126195735e+01
1.635232516619659293e+02 2.541703386137841747e+01 7.608979870955897695e+01
1.605433596015336093e+02 2.575581464742705151e+01 7.879788229577060577e+01
1.575490011570317392e+02 2.609626176677619469e+01 8.151901133883865214e+01
1.545401069784939807e+02 2.643838320761127036e+01 8.425324837698900637e+01
1.515166073821347936e+02 2.678218699656919100e+01 8.700065624947801268e+01
1.484780707755151070e+02 2.712801722480968536e+01 8.976138653140469614e+01
1.455501047460893744e+02 2.735926879206433782e+01 9.250461523512535678e+01
1.428378971948196181e+02 2.737970084121290526e+01 9.520339273658724721e+01
1.403195493683141706e+02 2.721151769377197382e+01 9.786157937797126749e+01
1.379752341885626663e+02 2.687480451244391233e+01 1.004826852984244141e+02
1.357871748144436594e+02 2.638756714215098498e+01 1.030698595999789404e+02
1.337394427857515495e+02 2.576593683595358542e+01 1.056259258879644420e+02
1.318177489573419905e+02 2.502438229334414999e+01 1.081534190808650635e+02
1.300092950553239746e+02 2.417586021454864920e+01 1.106546115465863096e+02
1.283025965104257295e+02 2.323199498602949831e+01 1.131315442959035522e+02
1.266873689631644879e+02 2.220319378888466844e+01 1.155860469653470233e+02
1.251543821458319456e+02 2.109879479425173088e+01 1.180197635440060964e+02
1.236953714026651028e+02 1.992715690102962611e+01 1.204341679520861277e+02
1.223029178887281176e+02 1.869578124018946497e+01 1.228305851341650765e+02
1.209703799761027057e+02 1.741138074372666367e+01 1.252102031364687207e+02
1.196876574000256426e+02 1.610078639632797604e+01 1.275633894322870816e+02
1.184192216764334944e+02 1.493642789608500898e+01 1.298025765284004933e+02
1.171651790375375981e+02 1.393847974808006107e+01 1.319138717759895485e+02
1.159345507117029257e+02 1.307874473443559538e+01 1.339088734500690805e+02
1.147340687791097764e+02 1.233447675711689584e+01 1.357974213495932361e+02
1.135687213359054937e+02 1.168691130739768802e+01 1.375881327629976738e+02
1.124420918138112171e+02 1.112055637570569466e+01 1.392885948017811018e+02
1.113566364537963409e+02 1.062260899860814511e+01 1.409055241763857964e+02
1.103139099220659887e+02 1.018247803881905611e+01 1.424448990616305935e+02
1.093147494276672802e+02 9.791392075037030907e+00 1.439120685589459470e+02
1.083594255954364769e+02 9.442075571428334868e+00 1.453118441435139232e+02
1.074477653164877040e+02 9.128482641399493502e+00 1.466485758982641130e+02
1.065792494986932581e+02 8.845582810939284002e+00 1.479262148354530666e+02
1.057530937566415901e+02 8.589182067130060716e+00 1.491483658029402477e+02
1.049683151695960817e+02 8.355772570375375352e+00 1.503183328064750697e+02
1.042237828627203413e+02 8.142416445189057939e+00 1.514391549731636246e+02
1.035182608776183173e+02 7.946645664176289259e+00 1.525136381584652270e+02
1.028504434896274944e+02 7.766377370638624100e+00 1.535443825119315875e+02
1.022189796250113289e+02 7.599853174060106298e+00 1.545338030355569288e+02
1.016224973520148893e+02 7.445577252066014395e+00 1.554841509053429149e+02
1.010596183120490963e+02 7.302277015952607364e+00 1.563975280211528798e+02
1.005289729508876491e+02 7.168861377358129339e+00 1.572759025146965826e+02
1.000292094631164161e+02 7.044393167715113258e+00 1.581211199895177515e+02
9.955900270250772621e+01 6.928061539016481696e+00 1.589349148040682849e+02
9.911705914935920703e+01 6.819163287906038207e+00 1.597189186454701542e+02
9.870212233020797044e+01 6.717082962297714843e+00 1.604746695485796693e+02
9.831297453961117583e+01 6.621282315423749232e+00 1.612036176947317472e+02
9.794844047023875078e+01 6.531283712795522334e+00 1.619071337215157200e+02
9.760738675870608461e+01 6.446666160436715920e+00 1.625865118811400123e+02
9.728872402902554484e+01 6.367051458947112330e+00 1.632429778455578457e+02
9.699140603975392594e+01 6.292102011707420672e+00 1.638776909816198781e+02
9.671442958344786689e+01 6.221513319953580812e+00 1.644917496494397824e+02
9.645683417207807508e+01 6.155008110723215076e+00 1.650861955564729442e+02
9.621770072650612349e+01 6.092336163008530647e+00 1.656620150363964399e+02
9.599615069095193576e+01 6.033267228381973268e+00 1.662201447458388088e+02
9.579134494334142857e+01 5.977589717987937590e+00 1.667614735388046370e+02
9.560248264409605667e+01 5.925110219913388931e+00 1.672868438191027849e+02
9.542879942596840692e+01 5.875648539331427500e+00 1.677970565829867553e+02
9.526956638003068178e+01 5.829037299844407549e+00 1.682928725920397994e+02
9.512408917678520481e+01 5.785122165984415865e+00 1.687750129954710587e+02
9.499170567865573389e+01 5.743758316579177681e+00 1.692441638881348638e+02
9.487178491381055778e+01 5.704809742977312581e+00 1.697009777045745693e+02
9.476372650882517235e+01 5.668150023678458993e+00 1.701460731827211532e+02
9.466695886598792242e+01 5.633660529436541609e+00 1.705800382206623453e+02
9.458093709425406814e+01 5.601228982749955954e+00 1.710034327051432683e+02
9.450514251388716502e+01 5.570749611199889983e+00 1.714167888429125526e+02
9.443908251725193281e+01 5.542123576074485136e+00 1.718206109862265123e+02
9.438228791014029184e+01 5.515257286066604259e+00 1.722153791530590183e+02
9.433431152809446019e+01 5.490061854169174360e+00 1.726015506269588400e+02
9.429472788884771717e+01 5.466453181750348556e+00 1.729795602058537440e+02
9.426313334425562118e+01 5.444352358255051705e+00 1.733498197903277003e+02
9.423914379921511397e+01 5.423684551965443745e+00 1.737127211695598135e+02
9.422239293841612096e+01 5.404378493434654374e+00 1.740686379470538725e+02
9.421253212615462758e+01 5.386366471267479916e+00 1.744179256321101263e+02
9.420923021256335517e+01 5.369584558374569383e+00 1.747609216540203647e+02
9.421217344895812573e+01 5.353972457541313901e+00 1.750979455440818526e+02
9.422106246747340208e+01 5.339472659076359484e+00 1.754293021896403388e+02
9.423561189518555636e+01 5.326030365527762989e+00 1.757552822273774211e+02
9.425555023286263179e+01 5.313593484430750635e+00 1.760761621555035674e+02
9.428061990250540703e+01 5.302112797532594790e+00 1.763922041742739282e+02
9.431057705115311762e+01 5.291541798374078454e+00 1.767036564721253455e+02
9.434518884239746228e+01 5.281836079380004989e+00 1.770107560448217328e+02
9.438423321429206680e+01 5.272953289646585162e+00 1.773137289387103408e+02
9.442749885946670929e+01 5.264853132225793431e+00 1.776127902701806818e+02
9.447478500218970510e+01 5.257497387471587125e+00 1.779081444064893560e+02
9.452590216633524278e+01 5.250850051525514317e+00 1.781999841909148188e+02
