2.540000000000000000e+02 7.000000000000000000e+00 0.000000000000000000e+00
2.526872354560420035e+02 7.667101991125364613e+00 1.139619518406232768e+00
2.512826016073929338e+02 8.350301938878583741e+00 2.306935974566188818e+00
2.497840331115374966e+02 9.049837333222141567e+00 3.502480469001864716e+00
2.481894290380760708e+02 9.765949641404233716e+00 4.726790718210553521e+00
2.464966525654972145e+02 1.049888432038308395e+01 5.980411124676289880e+00
2.447035309039842161e+02 1.124889082240897409e+01 7.263892788738218975e+00
2.428078546843167089e+02 1.201622262708309918e+01 8.577793632159398385e+00
2.408073773240826654e+02 1.280113726686046327e+01 9.922678545170827036e+00
2.387125736671483480e+02 1.359299203091702246e+01 1.131206817382588703e+01
2.365611868775632161e+02 1.435808507456450478e+01 1.278681952604802063e+01
2.343551962269224020e+02 1.509355326323658453e+01 1.435111782070281450e+01
2.320937981048173810e+02 1.579890593049982961e+01 1.600633950249685000e+01
2.297761774409437123e+02 1.647364530841492680e+01 1.775388075673560451e+01
2.274015076782483504e+02 1.711726651086293316e+01 1.959515755561563566e+01
2.249689507729298725e+02 1.772925753354529377e+01 2.153160565822457428e+01
2.224776571672472016e+02 1.830909923709719322e+01 2.356468065741843532e+01
2.199267654870205888e+02 1.885626515923923563e+01 2.569585850132653349e+01
2.173154023063221700e+02 1.937022136867826205e+01 2.792663589898917564e+01
2.146426820590013733e+02 1.985042641016232068e+01 3.025853047289232478e+01
2.119077068317178316e+02 2.029633117596402414e+01 3.269308111576510356e+01
2.091139266889668988e+02 2.071088303163115540e+01 3.522347767170528243e+01
2.062957765580206058e+02 2.112190377230421134e+01 3.778345781679521309e+01
2.034606394110190877e+02 2.153542661064951957e+01 4.035874169304819503e+01
2.006084140757249372e+02 2.195146647487926828e+01 4.294942041936120347e+01
1.977389987450783337e+02 2.237003836079056285e+01 4.555558571431745207e+01
1.948522910024408077e+02 2.279115735396917231e+01 4.817732984567327748e+01
1.919481878215948427e+02 2.321483862978953638e+01 5.081474563035826719e+01
1.890265855648285651e+02 2.364109745369717430e+01 5.346792643620187846e+01
1.860873799786704694e+02 2.406994918183612953e+01 5.613696618577286301e+01
1.831304661867087304e+02 2.450140926210766068e+01 5.882195936285233273e+01
1.801557386863056536e+02 2.493549323465357048e+01 6.152300101539193378e+01
1.771630913468016502e+02 2.537221673212103568e+01 6.424018675713121240e+01
1.741524174079044656e+02 2.581159547989965120e+01 6.697361276905004956e+01
1.711236094712064926e+02 2.625364529737106167e+01 6.972337580701015725e+01
1.680765594972120027e+02 2.669838209834671616e+01 7.248957320443251717e+01
1.650111588033506678e+02 2.714582189136063661e+01 7.527230287408946197e+01
1.619272980624378704e+02 2.759598077989602061e+01 7.807166330948888344e+01
1.588248672937081949e+02 2.804887496370607991e+01 8.088775359295372880e+01
1.557037558597931763e+02 2.850452073925929497e+01 8.372067339834528354e+01
1.525638524658180586e+02 2.896293449987211943e+01 8.657052299187482447e+01
1.494583210849267516e+02 2.937593587576077780e+01 8.942586319839614362e+01
1.465771269014608151e+02 2.957255421074964730e+01 9.224474701692687972e+01
1.439153876142906938e+02 2.955916071776804799e+01 9.502646618916614329e+01
1.414500010246386807e+02 2.935845421047680048e+01 9.777439936438868529e+01
1.391603289772592120e+02 2.899071115196749915e+01 1.004915660335328766e+02
1.370279108887306734e+02 2.847406728244572705e+01 1.031806682823257972e+02
1.350362536670285181e+02 2.782472414733883426e+01 1.058441214104183388e+02
1.331706077863150028e+02 2.705716923608041213e+01 1.084840865683959379e+02
1.314177905550535570e+02 2.618434972557029283e+01 1.111024965163892801e+02
1.297660180588059120e+02 2.521783769562597755e+01 1.137010801183566855e+02
1.282047536127655860e+02 2.416797911386668218e+01 1.162813844300854669e+02
1.267245819028586311e+02 2.304401756639782661e+01 1.188447930430949526e+02
1.253170817326436861e+02 2.185421935911842439e+01 1.213925446317537649e+02
1.239747293489579647e+02 2.060596855734740629e+01 1.239257470435521213e+02
1.226907957523547026e+02 1.930586793893823128e+01 1.264453922661001002e+02
1.214592659067720177e+02 1.795981841846282379e+01 1.289523682023153128e+02
1.202702554048726569e+02 1.659519221921785004e+01 1.314351323089571224e+02
1.190873071842418796e+02 1.538834523398402432e+01 1.337956886402057819e+02
1.179118053704918907e+02 1.435809285269342439e+01 1.360191013346333193e+02
1.167542999830244810e+02 1.347410839909249347e+01 1.381186120984699528e+02
1.156226719691738793e+02 1.271224251477442913e+01 1.401052273459726791e+02
1.145228507740577726e+02 1.205249649599496564e+01 1.419885871684811889e+02
1.134591738434178723e+02 1.147836458692338724e+01 1.437771379661377864e+02
1.124346986908910395e+02 1.097621214407363865e+01 1.454783197305923466e+02
1.114514571513408043e+02 1.053476612370367249e+01 1.470987207707063078e+02
1.105106637331348054e+02 1.014469483742090361e+01 1.486442065229584841e+02
1.096128856040799775e+02 9.798262433603829535e+00 1.501200266179952223e+02
1.087581803299650431e+02 9.489046343035830944e+00 1.515309035551402985e+02
1.079462063670615066e+02 9.211708229829083550e+00 1.528811056096711525e+02
1.071763153966677464e+02 8.961800433350816775e+00 1.541745093564024103e+02
1.064476265765392498e+02 8.735607875969140679e+00 1.554146517623969714e+02
1.057590835248939811e+02 8.530024560338846484e+00 1.566047717817257592e+02
1.051095045200863609e+02 8.342443117346027393e+00 1.577478482264630486e+02
1.044976204451477031e+02 8.170668816503942722e+00 1.588466302513893993e+02
1.039221041126606622e+02 8.012851435095925012e+00 1.599036621582911550e+02
1.033815975330982013e+02 7.867420262336801251e+00 1.609213076815339036e+02
1.028747279756705097e+02 7.733043239151870196e+00 1.619017662077666557e+02
1.024001265000553786e+02 7.608579618469514472e+00 1.628470916346120418e+02
1.019564367642255576e+02 7.493054248543715268e+00 1.637592037241795140e+02
1.015423268938724561e+02 7.385623989552808411e+00 1.646399026062304074e+02
1.011564937738520626e+02 7.285561861185836818e+00 1.654908767786874364e+02
1.007976706795248276e+02 7.192232120013262175e+00 1.663137149070055898e+02
1.004646284463686214e+02 7.105081947797736497e+00 1.671099109703001488e+02
1.001561802918856614e+02 7.023622011327673498e+00 1.678808744606530468e+02
9.987118148470877088e+01 6.947422396061089245e+00 1.686279336959331943e+02
9.960853140080243406e+01 6.876099323432351085e+00 1.693523438789765123e+02
9.936717344354312331e+01 6.809309994157995760e+00 1.700552909995984692e+02
9.914609444330713472e+01 6.746747962713076419e+00 1.707378958002078946e+02
9.894432487016773337e+01 6.688134338524088562e+00 1.714012201264258408e+02
9.876093744133665098e+01 6.633218150192409013e+00 1.720462678825672924e+02
9.859504622433863119e+01 6.581770321962506110e+00 1.726739902970207368e+02
9.844580562832808823e+01 6.533579987923396004e+00 1.732852895490781862e+02
9.831240917066057250e+01 6.488455326640751863e+00 1.738810192347729071e+02
9.819408782527894175e+01 6.446218835516951629e+00 1.744619893324430961e+02
9.809010871374788110e+01 6.406705331933280512e+00 1.750289688404832020e+02
9.799977420792637872e+01 6.369762944435781726e+00 1.755826858309283693e+02
9.792242006090272355e+01 6.335250299799712437e+00 1.761238311852549714e+02
9.785741359467645850e+01 6.303034545469341943e+00 1.766530616594976095e+02
9.780415301155063901e+01 6.272991912463472985e+00 1.771710000722938787e+02
9.776206662372167955e+01 6.245007368385838475e+00 1.776782362410368989e+02
9.773060988105289937e+01 6.218972230709808535e+00 1.781753313722892926e+02
9.770926469605353759e+01 6.194783919947053796e+00 1.786628188395294501e+02
9.769753903742945056e+01 6.172346554963205278e+00 1.791412040986768659e+02
9.769496589416111476e+01 6.151570196710664185e+00 1.796109661621376574e+02
9.770110032508431175e+01 6.132369450743063943e+00 1.800725612349748133e+02
9.771551913884522378e+01 6.114663397547578150e+00 1.805264230484674783e+02
9.773782050884481976e+01 6.098375924200679421e+00 1.809729629527096222e+02
9.776762388397760617e+01 6.083435583452416751e+00 1.814125700999098285e+02
9.780456667222992451e+01 6.069774401418164267e+00 1.818456152503462988e+02
9.784830370634139740e+01 6.057327754294610678e+00 1.822724513344458046e+02
9.789850698209247071e+01 6.046034388659326630e+00 1.826934136681334166e+02
9.795486597079570856e+01 6.035836760866102324e+00 1.831088194255051462e+02
9.801708619455128257e+01 6.026680423534496178e+00 1.835189693491506091e+02
9.808488679510948316e+01 6.018513459924220932e+00 1.839241503110010569e+02
9.815800047124757555e+01 6.011286474604831120e+00 1.843246353744007138e+02
9.823617326137312489e+01 6.004952591603575307e+00 1.847206839868971429e+02
9.831916496907604142e+01 5.999467691076531217e+00 1.851125414296957388e+02
9.840674815867443215e+01 5.994790036438915060e+00 1.855004399791189940e+02
9.849870576411777279e+01 5.990879789236094766e+00 1.858846013723887154e+02
9.859483101084937573e+01 5.987698997316135419e+00 1.862652368852133407e+02
9.869492738469732274e+01 5.985211590935112902e+00 1.866425473620718094e+02
9.879880845538096423e+01 5.983383422384122241e+00 1.870167233421737194e+02
9.890629870061728468e+01 5.982182396513612943e+00 1.873879442368604487e+02
