2.540000000000000000e+02 7.000000000000000000e+00 0.000000000000000000e+00
2.528406840223525194e+02 7.655206966858103534e+00 7.190143942907956109e-01
2.516058228974494000e+02 8.321773530628318483e+00 1.470660040077543362e+00
2.502930391299591406e+02 9.000173460145294513e+00 2.255587351384225503e+00
2.488998953796453577e+02 9.690887768109448075e+00 3.074470412588264701e+00
2.474238935807499331e+02 1.039440488458874334e+01 3.928007208294465702e+00
2.458624731144936391e+02 1.111122101317907962e+01 4.816920107087160119e+00
2.442130089640541541e+02 1.184184050166034652e+01 5.741956330846372580e+00
2.424740368822534720e+02 1.258570476299732732e+01 6.705069140433096209e+00
2.406713099969593372e+02 1.331858657120872458e+01 7.734246355436994236e+00
2.388160675911953490e+02 1.402927126297044502e+01 8.842952285725187878e+00
2.369073509531938839e+02 1.471723182692029219e+01 1.003285954632997878e+01
2.349440764880490349e+02 1.538202281964211871e+01 1.130557267995862603e+01
2.329251666638037079e+02 1.602316600465899654e+01 1.266275436564785295e+01
2.308495193371859102e+02 1.664017663220884202e+01 1.410609687610777208e+01
2.287160113824790528e+02 1.723256071725959160e+01 1.563732470905585537e+01
2.265234971315886980e+02 1.779981435290505942e+01 1.725819698298663596e+01
2.242708081095739203e+02 1.834142359395917410e+01 1.897050784334674844e+01
2.219567530110975042e+02 1.885686444659031835e+01 2.077608649870387225e+01
2.195801169965009763e+02 1.934560255848934318e+01 2.267679830184464507e+01
2.171396622624163513e+02 1.980709347002363785e+01 2.467454387342170463e+01
2.146341263105202586e+02 2.024078185222989745e+01 2.677126176082817111e+01
2.120622212730234537e+02 2.064610120992828612e+01 2.896892947412240460e+01
2.094226339126705341e+02 2.102247388172242282e+01 3.126956348602800162e+01
2.067150116791288212e+02 2.136991339939875445e+01 3.367350901929076201e+01
2.039717081544015684e+02 2.170837992746050560e+01 3.612442404853621269e+01
2.012107428413815740e+02 2.204897924384735575e+01 3.859094153920752746e+01
1.984319949296105960e+02 2.239171840026796900e+01 4.107317698214689727e+01
1.956353531584584005e+02 2.273661078508890654e+01 4.357122872008240222e+01
1.928207055621833206e+02 2.308366987152519201e+01 4.608519571898685285e+01
1.899879394699319448e+02 2.343290921764029378e+01 4.861517756807776891e+01
1.871369415057394008e+02 2.378434246634614269e+01 5.116127447981735088e+01
1.842675975884426123e+02 2.413798334541350954e+01 5.372358728998857202e+01
1.813797929266916356e+02 2.449384566807241015e+01 5.630221746210617084e+01
1.784734120107958972e+02 2.485194333399316236e+01 5.889726709462170362e+01
1.755483386051256502e+02 2.521229033020077992e+01 6.150883892764108651e+01
1.726044557459947555e+02 2.557490073132982289e+01 6.413703634479635696e+01
1.696416457392572283e+02 2.593978869991343927e+01 6.678196337536815008e+01
1.666597901563873165e+02 2.630696848685525424e+01 6.944372469775285595e+01
1.636587698246599984e+02 2.667645443261087834e+01 7.212242564814070533e+01
1.606384648253836076e+02 2.704826096740057650e+01 7.481817222207764928e+01
1.575987544913676004e+02 2.742240261151403757e+01 7.753107107670514608e+01
1.545395174018809996e+02 2.779889397591698952e+01 8.026122953521463899e+01
1.514606313731001421e+02 2.817774976340067639e+01 8.300875559529164605e+01
1.483619734571896629e+02 2.855898476869257152e+01 8.577375792992840786e+01
1.453328776043774155e+02 2.885851036297830774e+01 8.853646694970409214e+01
1.425272922526935133e+02 2.893297170853154654e+01 9.126155933571979517e+01
1.399251909262638094e+02 2.880358087241872411e+01 9.395156098991061810e+01
1.375040894298685146e+02 2.849360817600777906e+01 9.660974764690044481e+01
1.352440667216110626e+02 2.802367454304842909e+01 9.923901889213080096e+01
1.331274175396675048e+02 2.741210534540154597e+01 1.018419533495005282e+02
1.311384210963496741e+02 2.667517004099378397e+01 1.044208421829162887e+02
1.292630985676651107e+02 2.582733341986736875e+01 1.069777242206643564e+02
1.274890405609202020e+02 2.488143435145085647e+01 1.095144109444249949e+02
1.258052129164809543e+02 2.384888697810443148e+01 1.120325146162938097e+02
1.242018179523241486e+02 2.273982446872209451e+01 1.145334683756734364e+02
1.226701464278540783e+02 2.156325238737287719e+01 1.170185476803566473e+02
1.212024623522357984e+02 2.032716803429947561e+01 1.194888869905350504e+02
1.197918909328127626e+02 1.903867653372142854e+01 1.219454959980071749e+02
1.184323248914656261e+02 1.770408789204377342e+01 1.243892731950492845e+02
1.171182532124898756e+02 1.632952132076244567e+01 1.268207330505398005e+02
1.158248895542195527e+02 1.505845529062118082e+01 1.291613563881032007e+02
1.145439636726239030e+02 1.397593650363193518e+01 1.313590907861054120e+02
1.132858414006803685e+02 1.304967395103659555e+01 1.334275326614005621e+02
1.120583375297829605e+02 1.225318085032414039e+01 1.353784363600419454e+02
1.108672164084689626e+02 1.156472674357423180e+01 1.372220117519493101e+02
1.097166001599109393e+02 1.096646917349587902e+01 1.389671765444235234e+02
1.086093004893709235e+02 1.044374417833089019e+01 1.406217639745059671e+02
1.075470880223093531e+02 9.984486840036858268e+00 1.421926938735471992e+02
1.065309108079492120e+02 9.578757812134760741e+00 1.436861138215548124e+02
1.055610714180637331e+02 9.218356300251718594e+00 1.451075158468651694e+02
1.046373689536690961e+02 8.896506639413871653e+00 1.464618321715315972e+02
1.037592144905182323e+02 8.607600613616069651e+00 1.477535150705155331e+02
1.029257251269717699e+02 8.346984723324275990e+00 1.489866039034291987e+02
1.021357984713582141e+02 8.110788792643594647e+00 1.501647802441211184e+02
1.013881712559997226e+02 7.895788566956974286e+00 1.512914130404518289e+02
1.006814692466639229e+02 7.699286449884980676e+00 1.523695986580132455e+02
1.000142445005820662e+02 7.519019516268974357e+00 1.534021928479536712e+02
9.938500484229668075e+01 7.353084738005660981e+00 1.543918374419671409e+02
9.879223981668410204e+01 7.199870924377743009e+00 1.553409854166323498e+02
9.823443664541237297e+01 7.058013879119545031e+00 1.562519184081932906e+02
9.771009725224799070e+01 6.926347893990616456e+00 1.571267658636198519e+02
9.721774716782243786e+01 6.803876597708558904e+00 1.579675177109996582e+02
9.675594557626691028e+01 6.689740343734210448e+00 1.587760384602905503e+02
9.632329001741427987e+01 6.583196679769016235e+00 1.595540767979797465e+02
9.591842211837915499e+01 6.483597685479794315e+00 1.603032764793320268e+02
9.554002918870143901e+01 6.390378349134421931e+00 1.610251830914565119e+02
9.518684758916911903e+01 6.303038861185442876e+00 1.617212535342926572e+02
9.485766221714463597e+01 6.221139568673781817e+00 1.623928600126230606e+02
9.455130815491963858e+01 6.144286422892409227e+00 1.630412988085242034e+02
9.426666952589147286e+01 6.072128758038700447e+00 1.636677928414493692e+02
9.400267920008454325e+01 6.004350239751370388e+00 1.642734982794237624e+02
9.375831796793322326e+01 5.940664030910932425e+00 1.648595086552704174e+02
9.353261311027539193e+01 5.880811375702689858e+00 1.654268571117631836e+02
9.332463704618362499e+01 5.824554208353755591e+00 1.659765227729544677e+02
9.313350606860427661e+01 5.771674964460224544e+00 1.665094319829246388e+02
9.295837876204792849e+01 5.721974333766001841e+00 1.670264612677147795e+02
9.279845392769908585e+01 5.675266782919817565e+00 1.675284422935840496e+02
9.265296957255569055e+01 5.631381065171043865e+00 1.680161623937453328e+02
9.252120140120099734e+01 5.590158876390144194e+00 1.684903668314535423e+02
9.240246017766797593e+01 5.551451640910561203e+00 1.689517633645086505e+02
9.229609085996993656e+01 5.515120626331280640e+00 1.694010229219593100e+02
9.220147193571874311e+01 5.481037152464868889e+00 1.698387800387736206e+02
9.211801224989166315e+01 5.449079966201470171e+00 1.702656374742238938e+02
9.204514988737851411e+01 5.419134704439126260e+00 1.706821675666485874e+02
9.198235174476012332e+01 5.391094447983507010e+00 1.710889122193487708e+02
9.192911232402570931e+01 5.364858974856899998e+00 1.714863844802156052e+02
9.188495060137107373e+01 5.340333260055486697e+00 1.718750723346140887e+02
9.184940960645010932e+01 5.317427397755408514e+00 1.722554391281449853e+02
9.182205619245421246e+01 5.296057003790276774e+00 1.726279234853173250e+02
9.180248010470866404e+01 5.276142696890777195e+00 1.729929404886608495e+02
9.179029079891398624e+01 5.257609018211866214e+00 1.733508852211990643e+02
9.178511715683033856e+01 5.240384370100473532e+00 1.737021330582070107e+02
9.178660708624356346e+01 5.224401128384675630e+00 1.740470399384229552e+02
9.179442800552223503e+01 5.209595807279146840e+00 1.743859418243068546e+02
9.180826361927394430e+01 5.195908076373725315e+00 1.747191582133619079e+02
9.182781288189266888e+01 5.183280538694449824e+00 1.750469932008206797e+02
9.185278992455916125e+01 5.171658724528054307e+00 1.753697355478549298e+02
9.188292393959643789e+01 5.160991221097178894e+00 1.756876586917422856e+02
9.191795935230972248e+01 5.151229631928265107e+00 1.760010206240264097e+02
9.195765273407083384e+01 5.142327859085491504e+00 1.763100670954042926e+02
9.200177235132599662e+01 5.134242021167808367e+00 1.766150320679066681e+02
9.205009814224715115e+01 5.126930450149935758e+00 1.769161377375446023e+02
9.210242151906786034e+01 5.120353721794160151e+00 1.772135946859238231e+02
