2.540000000000000000e+02 7.000000000000000000e+00 0.000000000000000000e+00
2.528694688898982292e+02 7.554505838498934978e+00 8.817956309402240622e-01
2.516633800153011293e+02 8.124841145125207831e+00 1.788436345186826593e+00
2.503796730443474132e+02 8.711363881573918277e+00 2.720579950724145490e+00
2.490162359944512787e+02 9.314441480026498965e+00 3.678899100671845446e+00
2.475709042339168207e+02 9.934451007131182010e+00 4.664081609797865902e+00
2.460414605472382163e+02 1.057177915715240424e+01 5.676830426952921727e+00
2.444256325891043957e+02 1.122682267079003893e+01 6.717864441041546897e+00
2.427210908515000938e+02 1.189998866887304985e+01 7.787919125854909197e+00
2.409269537833032189e+02 1.259019589757562230e+01 8.889529276527753154e+00
2.390697465607468359e+02 1.326918882293537294e+01 1.005750585899277816e+01
2.371587936338221709e+02 1.392617599651496008e+01 1.130573715440137228e+01
2.351930508584893573e+02 1.456071031151971340e+01 1.263580472690365220e+01
2.331714538827831120e+02 1.517233599709494385e+01 1.404932076209909475e+01
2.310929177983398688e+02 1.576058846891328002e+01 1.554792859509368341e+01
2.289563375891338808e+02 1.632499452157641073e+01 1.713330203050981027e+01
2.267605865791167332e+02 1.686507166302228455e+01 1.880714769483748938e+01
2.245045160938409197e+02 1.738032796944265002e+01 2.057120554918774147e+01
2.221869554604601831e+02 1.787026208528301652e+01 2.242724888929259563e+01
2.198067118425546482e+02 1.833436315242229142e+01 2.437708459579948084e+01
2.173625694128808448e+02 1.877211045547946355e+01 2.642255438783621457e+01
2.148532889274724766e+02 1.918297323920476671e+01 2.856553546838954105e+01
2.122776073545848021e+02 1.956641054938537749e+01 3.080794108657980246e+01
2.096348335990736871e+02 1.992223719275732918e+01 3.315069133088162801e+01
2.069538624437906265e+02 2.026841092513802423e+01 3.554362865906241353e+01
2.042540472499918565e+02 2.061693286667481217e+01 3.795318880048959898e+01
2.015352314004181835e+02 2.096780139995520287e+01 4.037953409427908724e+01
1.987973010437166010e+02 2.132104208652514643e+01 4.282275195645748056e+01
1.960401262003807403e+02 2.167667105713351816e+01 4.528295712124713646e+01
1.932635760109322689e+02 2.203470455173562925e+01 4.776026509963055133e+01
1.904675186903837698e+02 2.239515892514459594e+01 5.025479221954638831e+01
1.876518215282386848e+02 2.275805064703124714e+01 5.276665562588949854e+01
1.848163508884916268e+02 2.312339630192418838e+01 5.529597328051089278e+01
1.819609722096279540e+02 2.349121258920976274e+01 5.784286396221779114e+01
1.790855500046241389e+02 2.386151632313207926e+01 6.040744726677357335e+01
1.761899478609474841e+02 2.423432443279298454e+01 6.298984360689777873e+01
1.732740284405562932e+02 2.460965396215209111e+01 6.559017421226614886e+01
1.703376534798998136e+02 2.498752207002675618e+01 6.820856112951058492e+01
1.673806837899183222e+02 2.536794603009209226e+01 7.084512722221916192e+01
1.644029792560429541e+02 2.575094323088096360e+01 7.349999617093618554e+01
1.614043988264593850e+02 2.613653117724050290e+01 7.617329248352154991e+01
1.583848004626759405e+02 2.652472749646673122e+01 7.886514153878630395e+01
1.553440411556673268e+02 2.691554993630107262e+01 8.157566957224034354e+01
1.522819769205751186e+02 2.730901636558805023e+01 8.430500368077157702e+01
1.491982262247064739e+02 2.770536687904425222e+01 8.705332175245611381e+01
1.462078275218209740e+02 2.799678457325741832e+01 8.979619052109894994e+01
1.434443460488934079e+02 2.805986484975270656e+01 9.250377763139873366e+01
1.408831008141338827e+02 2.792020949739051616e+01 9.517928880389999335e+01
1.385010491752931046e+02 2.760160144783444380e+01 9.782581537747383038e+01
1.362777941761919465e+02 2.712509136088903006e+01 1.004460950619849768e+02
1.341952972912490623e+02 2.650929428448736047e+01 1.030425503307229320e+02
1.322375933913212975e+02 2.577068402063933661e+01 1.056173265159517172e+02
1.303905555653401791e+02 2.492383600333126381e+01 1.081723232411157198e+02
1.286416896125031712e+02 2.398163953447828334e+01 1.107092218875005187e+02
1.269799318881847370e+02 2.295550655634891868e+01 1.132295126126710159e+02
1.253955031575147245e+02 2.185552258267361836e+01 1.157345138833376836e+02
1.238797398970842067e+02 2.069062091994890551e+01 1.182253950223517762e+02
1.224249866135500895e+02 1.946869387419721420e+01 1.207031906006301369e+02
1.210244596589453039e+02 1.819673339418725533e+01 1.231688186386280677e+02
1.196721606474689139e+02 1.688094681447727652e+01 1.256230719777471450e+02
1.183488976674177025e+02 1.562182007539872686e+01 1.280066201771806220e+02
1.170390073268903564e+02 1.454362493273874968e+01 1.302386328054676596e+02
1.157523873166898198e+02 1.361700100860234031e+01 1.323325026490031178e+02
1.144966610146513801e+02 1.281669133895499790e+01 1.343005770470515756e+02
1.132774449950771896e+02 1.212192006756846219e+01 1.361536207230657851e+02
1.120987468818505448e+02 1.151558213023104393e+01 1.379010694734647871e+02
1.109632888005781695e+02 1.098358073772646115e+01 1.395512392888870750e+02
1.098727708067623041e+02 1.051428427209482130e+01 1.411114993856159003e+02
1.088280848885066519e+02 1.009808168025827513e+01 1.425884153895548252e+02
1.078294886583274206e+02 9.727018320722640610e+00 1.439878680848734689e+02
1.068767443841049527e+02 9.394501379141720676e+00 1.453151508504625724e+02
1.059692328244182988e+02 9.095055823608909407e+00 1.465750516281300690e+02
1.051060461094248666e+02 8.824122404798343311e+00 1.477719220167397793e+02
1.042860603073792873e+02 8.577896906789609588e+00 1.489097335084121880e+02
1.035079939489081085e+02 8.353198116721484823e+00 1.499921246794498302e+02
1.027704576757892738e+02 8.147353354674555348e+00 1.510224431193726389e+02
1.020719896249068341e+02 7.958113931861172219e+00 1.520037775909863171e+02
1.014110865191114499e+02 7.783579278296672399e+00 1.529389875101904295e+02
1.007862277760873724e+02 7.622135185026602144e+00 1.538307280551703400e+02
1.001958921629382786e+02 7.472408879881610844e+00 1.546814692519775747e+02
9.963857464564053146e+01 7.333222061576136319e+00 1.554935164498247957e+02
9.911279452446073890e+01 7.203564725370241284e+00 1.562690228982984593e+02
9.861710650026790859e+01 7.082560326386529326e+00 1.570100062653455097e+02
9.815010405958760487e+01 6.969450600680646701e+00 1.577183571696762101e+02
9.771042624861232184e+01 6.863569846655268591e+00 1.583958526725927243e+02
9.729675848898672541e+01 6.764336315147203571e+00 1.590441621441200652e+02
9.690783602988062739e+01 6.671233782134611268e+00 1.596648582323601886e+02
9.654244390308711843e+01 6.583805360736812773e+00 1.602594216661497057e+02
9.619941745352377893e+01 6.501642918551542749e+00 1.608292489041234603e+02
9.587764241002521715e+01 6.424379015279929384e+00 1.613756582719576613e+02
9.557605354438213396e+01 6.351684500654882548e+00 1.618998930567256878e+02
9.529363419920107958e+01 6.283258810039303199e+00 1.624031294120703137e+02
9.502941489490581262e+01 6.218829582833151015e+00 1.628864779464025219e+02
9.478247181395144594e+01 6.158148262761917735e+00 1.633509885166816105e+02
9.455192526900881944e+01 6.100985114800986153e+00 1.637976554859166072e+02
9.433693846021533602e+01 6.047130071320762745e+00 1.642274182271370080e+02
9.413671545492871928e+01 5.996388921317802101e+00 1.646411659328741166e+02
9.395049929552062906e+01 5.948580457852550296e+00 1.650397415684284397e+02
9.377757111569762571e+01 5.903537351939539768e+00 1.654239420207803448e+02
9.361724821317659462e+01 5.861104034992554723e+00 1.657945215189911039e+02
9.346888156095990041e+01 5.821134235810882629e+00 1.661521958421421630e+02
9.333185506774378837e+01 5.783491304437226255e+00 1.664976427575221578e+02
9.320558492536827089e+01 5.748048214855312921e+00 1.668315026250077437e+02
9.308951621542007615e+01 5.714685095933396575e+00 1.671543834504293784e+02
9.298312195143154213e+01 5.683288826904964175e+00 1.674668620869507549e+02
9.288590267499365893e+01 5.653753532203750432e+00 1.677694842297138962e+02
9.279738545971912345e+01 5.625979984102401410e+00 1.680627658011220547e+02
9.271712058312330385e+01 5.599874096999250206e+00 1.683471972023592969e+02
9.264468110437607606e+01 5.575346823420527897e+00 1.686232437858287767e+02
9.257966253877975760e+01 5.552314448302583472e+00 1.688913459312678356e+02
9.252168257379619831e+01 5.530698397893966778e+00 1.691519194566907913e+02
9.247037758806513352e+01 5.510424032431011199e+00 1.694053597823989605e+02
9.242540213385251491e+01 5.491420522335723753e+00 1.696520425072282308e+02
9.238642863541741690e+01 5.473620876214602582e+00 1.698923236673355746e+02
9.235314785207698662e+01 5.456962238805854959e+00 1.701265390766068890e+02
9.232526663918665122e+01 5.441385100408075992e+00 1.703550070157824621e+02
9.230250597867645013e+01 5.426832836208742350e+00 1.705780304172485842e+02
9.228460096575803107e+01 5.413251704225721106e+00 1.707958968789771177e+02
9.227130050502863412e+01 5.400590859972308699e+00 1.710088789356692871e+02
9.226236806927013845e+01 5.388802575796736605e+00 1.712172331848013016e+02
9.225757919254377271e+01 5.377841564416640630e+00 1.714212031369216049e+02
9.225672012832932012e+01 5.367664702544678867e+00 1.716210206753731882e+02
9.225958784952499059e+01 5.358231030888527258e+00 1.718169060562937034e+02
9.226598987063032098e+01 5.349501738756968550e+00 1.720090680857159384e+02
