2.540000000000000000e+02 7.000000000000000000e+00 0.000000000000000000e+00
2.530563133467680075e+02 7.531344965587774887e+00 7.990975251200543861e-01
2.520445490428719211e+02 8.077547439762092552e+00 1.618842180051211832e+00
2.509629378383344829e+02 8.638907052014028309e+00 2.459775511817181126e+00
2.498096683579065029e+02 9.215731485239508913e+00 3.322449676659599227e+00
2.485828863655915200e+02 9.808336585908051575e+00 4.207427672793704332e+00
2.472806946820576002e+02 1.041704638366481817e+01 5.115283354333167054e+00
2.459011518382322663e+02 1.104219329660641513e+01 6.046601851293632812e+00
2.444422698932366984e+02 1.168411845968313401e+01 7.001980257534158092e+00
2.429020143872201629e+02 1.234317173182674310e+01 7.982027645577265851e+00
2.412783038917327474e+02 1.301971177591420670e+01 8.987365187572736502e+00
2.395840275684048493e+02 1.369749298408227922e+01 1.003846158701121283e+01
2.378383743820765517e+02 1.435365999970847817e+01 1.116352540676663452e+01
2.360406777032985701e+02 1.498755350153676957e+01 1.236416757030252178e+01
2.341900506957292976e+02 1.559873524726382676e+01 1.364174840218269225e+01
2.322855829848264761e+02 1.618677062507360631e+01 1.499763708755011216e+01
2.303263488835285955e+02 1.675121764049227835e+01 1.643322591687686085e+01
2.283114071767427333e+02 1.729162681238151933e+01 1.794993061126007916e+01
2.262398011213445272e+02 1.780754117293852801e+01 1.954919032242196764e+01
2.241105584111168127e+02 1.829849625077397590e+01 2.123246768563364739e+01
2.219226907396270576e+02 1.876401985994869293e+01 2.300124947951692533e+01
2.196751934153877528e+02 1.920363191425166249e+01 2.485704720692363168e+01
2.173670451946878472e+02 1.961684434652155318e+01 2.680139734726362022e+01
2.149972079760450470e+02 2.000316096118606524e+01 2.883586181770260382e+01
2.125653415329886968e+02 2.036254659645245724e+01 3.096081955753148307e+01
2.100998153793620702e+02 2.071378964938491762e+01 3.312813219762099237e+01
2.076165052331014351e+02 2.106741722980590481e+01 3.531084767858988727e+01
2.051152916471666003e+02 2.142344784827441728e+01 3.750906685191952050e+01
2.025960513033104746e+02 2.178189805682990254e+01 3.972289650648403381e+01
2.000586600112335418e+02 2.214278452456056101e+01 4.195244418632149319e+01
1.975029927012465976e+02 2.250612403858813693e+01 4.419781819698766867e+01
1.949289234242709483e+02 2.287193350406794679e+01 4.645912760555604137e+01
1.923363253518382692e+02 2.324022994418886512e+01 4.873648224061774670e+01
1.897250707760904902e+02 2.361103050017331029e+01 5.102999269228163826e+01
1.870950311097800522e+02 2.398435243127728000e+01 5.333977031217423104e+01
1.844460768862697364e+02 2.436021311479030871e+01 5.566592721343976535e+01
1.817780777595327208e+02 2.473863004603551374e+01 5.800857627074012157e+01
1.790909025014431677e+02 2.511962083873324403e+01 6.036783112260125250e+01
1.763844189728509377e+02 2.550320322888342162e+01 6.274380619646094459e+01
1.736584941163950191e+02 2.588939507573026333e+01 6.513661671489268201e+01
1.709129939545438504e+02 2.627821436202519578e+01 6.754637869730210298e+01
1.681477835869455646e+02 2.666967919438257439e+01 6.997320896222247200e+01
1.653627271868867297e+02 2.706380780375506845e+01 7.241722513037963438e+01
1.625576879900553138e+02 2.746061854694175963e+01 7.487854563442465405e+01
1.597325282874123502e+02 2.786012990754501928e+01 7.735728972510561618e+01
1.568871094230790391e+02 2.826236049625409308e+01 7.985357747309764420e+01
1.540728659458280845e+02 2.861983280491733339e+01 8.235541271097568483e+01
1.514622748619185018e+02 2.877476471736326147e+01 8.482142484051030351e+01
1.490486418398252226e+02 2.873563051266410540e+01 8.725133440589399925e+01
1.468084083009751737e+02 2.852622175410476757e+01 8.964899538138048740e+01
1.447210186463168213e+02 2.816731147494293808e+01 9.201775913257937134e+01
1.427683764180156913e+02 2.767718626109500946e+01 9.436057712667664532e+01
1.409345648158660538e+02 2.707192884076612316e+01 9.668004637909854182e+01
1.392055650095849444e+02 2.636570290269369821e+01 9.897845525858791405e+01
1.375690472444112515e+02 2.557096431208467635e+01 1.012578174554100485e+02
1.360141555019959867e+02 2.469867884288680315e+01 1.035199069975326296e+02
1.345313358047955603e+02 2.375849578151421326e+01 1.057662861699637205e+02
1.331121820356591456e+02 2.275890382072237017e+01 1.079983305859576177e+02
1.317492910146989118e+02 2.170737759331582950e+01 1.102172527529020272e+02
1.304361529507614250e+02 2.061048843811819609e+01 1.124241198859646715e+02
1.291670316535438019e+02 1.947402551908384538e+01 1.146198733867572486e+02
1.279368850691962223e+02 1.830307617279364152e+01 1.168053417650204580e+02
1.267411827316217199e+02 1.710326781967354393e+01 1.189805584908857838e+02
1.255688382689549343e+02 1.600377084190825272e+01 1.210679289870766837e+02
1.244207911981404919e+02 1.507189515158802884e+01 1.230214150216916238e+02
1.233050026409520683e+02 1.427875371703217411e+01 1.248538233417789911e+02
1.222272586949636519e+02 1.360064150823981244e+01 1.265762984809421283e+02
1.211916111785540835e+02 1.301813442180008096e+01 1.281985588363313013e+02
1.202007363553812951e+02 1.251530603680555664e+01 1.297291223830396234e+02
1.192562257311859355e+02 1.207908354692214914e+01 1.311754958214735325e+02
1.183588197593682310e+02 1.169872542938920112e+01 1.325443297828311415e+02
1.175085970526479997e+02 1.136539412504865254e+01 1.338415474901166533e+02
1.167051273809197625e+02 1.107180627692956953e+01 1.350724516595392117e+02
1.159475945028294461e+02 1.081194768609022461e+01 1.362418132010811860e+02
1.152348922775131967e+02 1.058084636100137210e+01 1.373539432757085592e+02
1.145657042489086024e+02 1.037438120304359401e+01 1.384127552594534905e+02
1.139385672729789576e+02 1.018912512559553818e+01 1.394218169442097803e+02
1.133519182406074748e+02 1.002222616914547615e+01 1.403843913665871241e+02
1.128041356214519197e+02 9.871299333351185368e+00 1.413034747789675691e+02
1.122935693580067067e+02 9.734344447792999233e+00 1.421818268828646410e+02
1.118185637048139967e+02 9.609680863572540588e+00 1.430219956632437572e+02
1.113774779061905065e+02 9.495885349295933864e+00 1.438263418897707027e+02
1.109686972393119930e+02 9.391754653689115884e+00 1.445970550960607000e+02
1.105906466425852130e+02 9.296259184113699447e+00 1.453361733809302052e+02
1.102417952562744716e+02 9.208521694588812423e+00 1.460455939900433009e+02
1.099206647040213056e+02 9.127783189431440292e+00 1.467270893799493194e+02
1.096258301939486586e+02 9.053391019089806591e+00 1.473823143494539352e+02
1.093559246894162413e+02 8.984774502392417261e+00 1.480128190137372144e+02
1.091096387889090238e+02 8.921436766445877353e+00 1.486200544370329908e+02
1.088857213357015041e+02 8.862940613681709934e+00 1.492053816926141110e+02
1.086829793779697297e+02 8.808898201099284009e+00 1.497700788916120018e+02
1.085002764778519264e+02 8.758967827686403140e+00 1.503153447987585025e+02
1.083365320285679019e+02 8.712841267651040056e+00 1.508423079981823776e+02
1.081907194937123791e+02 8.670243558567340969e+00 1.513520285347563288e+02
1.080618644856267991e+02 8.630927236892349086e+00 1.518455034556282328e+02
1.079490428085049984e+02 8.594665934230684812e+00 1.523236728150039880e+02
1.078513789506302629e+02 8.561255697152827082e+00 1.527874200622336218e+02
1.077680435876446694e+02 8.530510208872414069e+00 1.532375774041909722e+02
1.076982511544394896e+02 8.502257020846348823e+00 1.536749304248031933e+02
1.076412587994187504e+02 8.476338801980457305e+00 1.541002181279661158e+02
1.075963642449859918e+02 8.452611066338960200e+00 1.545141362975917332e+02
1.075629024499691724e+02 8.430938798266142342e+00 1.549173426240732852e+02
1.075402446999500512e+02 8.411196733111278689e+00 1.553104572878463898e+02
1.075277981660986342e+02 8.393269959627954080e+00 1.556940629263943094e+02
1.075250018614737542e+02 8.377050828317683440e+00 1.560687101694346950e+02
1.075313250083380439e+02 8.362438178538411648e+00 1.564349195516080044e+02
1.075462664183028210e+02 8.349337813847482082e+00 1.567931817175987703e+02
1.075693544626898444e+02 8.337662645005002204e+00 1.571439573504296732e+02
1.076001426106358423e+02 8.327330547387829185e+00 1.574876824191573235e+02
1.076382083130145872e+02 8.318264026846389214e+00 1.578247693547416191e+02
1.076831525403515855e+02 8.310390360674695387e+00 1.581556073475826452e+02
1.077346003823052740e+02 8.303642144289431926e+00 1.584805614670511886e+02
1.077921977411679109e+02 8.297955900272079077e+00 1.587999764169228740e+02
1.078556089630097432e+02 8.293271503370576170e+00 1.591141789401748667e+02
1.079245167967559240e+02 8.289532177815674530e+00 1.594234778556163121e+02
1.079986220244760204e+02 8.286684698362831725e+00 1.597281642361320166e+02
1.080776443866015910e+02 8.284679561258116109e+00 1.600285105057625685e+02
1.081613184530024085e+02 8.283469885280329237e+00 1.603247746968382899e+02
1.082493925426425534e+02 8.283011216602488958e+00 1.606172015012406575e+02
1.083416287235162514e+02 8.283261528784532146e+00 1.609060222704619605e+02
1.084378024692103537e+02 8.284181268677537346e+00 1.611914552766426141e+02
1.085377039311350700e+02 8.285733660936742240e+00 1.614737044239513750e+02
1.086411349270021844e+02 8.287883964443796714e+00 1.617529623143290962e+02
1.087479072291126982e+02 8.290599175561467860e+00 1.620294119046952517e+02
