1.000000000000000000e+02 8.000382588738224054e-01
2.000000000000000000e+02 5.485471079455647159e-01
3.000000000000000000e+02 4.245281243544863359e-01
4.000000000000000000e+02 4.702285906277332561e-01
5.000000000000000000e+02 4.415292092020720038e-01
6.000000000000000000e+02 2.950890857039670245e-01
7.000000000000000000e+02 3.839476090027412747e-01
8.000000000000000000e+02 3.073049731709448507e-01
9.000000000000000000e+02 2.407677303587413831e-01
1.000000000000000000e+03 3.750614864572971996e-01
1.100000000000000000e+03 3.038172189538161372e-01
1.200000000000000000e+03 2.336540326540824386e-01
1.300000000000000000e+03 4.231802503960968576e-01
1.400000000000000000e+03 2.843370771710706513e-01
1.500000000000000000e+03 2.385547940240501930e-01
1.600000000000000000e+03 4.590275620236425880e-01
1.700000000000000000e+03 3.003787880653832620e-01
1.800000000000000000e+03 3.492101823054856724e-01
1.900000000000000000e+03 2.804261487290402033e-01
2.000000000000000000e+03 3.359596255098912243e-01
2.100000000000000000e+03 3.323623686860499027e-01
2.200000000000000000e+03 2.866626059438222573e-01
2.300000000000000000e+03 2.668789811431266368e-01
2.400000000000000000e+03 2.162073792422364582e-01
2.500000000000000000e+03 2.822612229882880963e-01
2.600000000000000000e+03 3.066743521359515112e-01
2.700000000000000000e+03 2.534935002733916254e-01
2.800000000000000000e+03 1.771960800937487646e-01
2.900000000000000000e+03 3.077793496097881998e-01
3.000000000000000000e+03 3.198737629513777603e-01
3.100000000000000000e+03 2.402328056140920209e-01
3.200000000000000000e+03 3.459065294744642083e-01
3.300000000000000000e+03 2.870883789650494622e-01
3.400000000000000000e+03 3.214552144299875347e-01
3.500000000000000000e+03 3.165554125729883039e-01
3.600000000000000000e+03 3.423060894173031721e-01
3.700000000000000000e+03 2.555009114165583961e-01
3.800000000000000000e+03 2.334611954334429029e-01
3.900000000000000000e+03 2.307805351076950839e-01
4.000000000000000000e+03 2.658322350986596638e-01
